date,o,h,l,c
 2014/04/28-09:15,4880,4880,4824,4825
 2014/04/28-09:30,4827,4850,4826,4845
 2014/04/28-09:45,4845,4850,4841,4845
 2014/04/28-10:00,4845,4848,4837,4838
 2014/04/28-10:15,4837,4845,4836,4843
 2014/04/28-10:45,4841,4847,4841,4846
 2014/04/28-11:00,4846,4848,4843,4847
 2014/04/28-11:15,4847,4848,4842,4843
 2014/04/28-11:30,4843,4845,4838,4842
 2014/04/28-13:45,4842,4846,4840,4841
 2014/04/28-14:00,4841,4844,4840,4841
 2014/04/28-14:15,4841,4849,4839,4846
 2014/04/28-14:30,4846,4872,4843,4870
 2014/04/28-14:45,4870,4875,4864,4873
 2014/04/28-15:00,4873,4878,4868,4871
 2014/04/29-09:15,4847,4855,4837,4850
 2014/04/29-09:30,4849,4864,4849,4858
 2014/04/29-09:45,4857,4860,4851,4855
 2014/04/29-10:00,4855,4856,4843,4849
 2014/04/29-10:15,4849,4858,4848,4851
 2014/04/29-10:45,4852,4854,4846,4849
 2014/04/29-11:00,4849,4853,4842,4846
 2014/04/29-11:15,4847,4848,4842,4843
 2014/04/29-11:30,4843,4850,4841,4843
 2014/04/29-13:45,4843,4846,4842,4845
 2014/04/29-14:00,4845,4854,4844,4854
 2014/04/29-14:15,4853,4857,4845,4850
 2014/04/29-14:30,4850,4853,4848,4850
 2014/04/29-14:45,4850,4853,4847,4847
 2014/04/29-15:00,4847,4852,4845,4847
 2014/04/30-09:15,4869,4874,4852,4873
 2014/04/30-09:30,4874,4885,4871,4875
 2014/04/30-09:45,4875,4876,4861,4861
 2014/04/30-10:00,4862,4867,4861,4867
 2014/04/30-10:15,4866,4868,4857,4865
 2014/04/30-10:45,4864,4866,4862,4866
 2014/04/30-11:00,4866,4867,4862,4865
 2014/04/30-11:15,4864,4871,4864,4866
 2014/04/30-11:30,4867,4867,4862,4866
 2014/04/30-13:45,4869,4880,4868,4878
 2014/04/30-14:00,4879,4888,4876,4888
 2014/04/30-14:15,4888,4891,4877,4883
 2014/04/30-14:30,4884,4884,4859,4863
 2014/04/30-14:45,4863,4864,4848,4854
 2014/04/30-15:00,4854,4861,4851,4855
 2014/05/05-09:15,4832,4861,4821,4858
 2014/05/05-09:30,4858,4862,4856,4860
 2014/05/05-09:45,4859,4860,4852,4854
 2014/05/05-10:00,4855,4860,4852,4858
 2014/05/05-10:15,4858,4860,4855,4859
 2014/05/05-10:45,4859,4861,4853,4854
 2014/05/05-11:00,4854,4857,4852,4853
 2014/05/05-11:15,4853,4855,4843,4844
 2014/05/05-11:30,4844,4847,4839,4839
 2014/05/05-13:45,4839,4841,4796,4797
 2014/05/05-14:00,4797,4806,4793,4793
 2014/05/05-14:15,4795,4808,4793,4801
 2014/05/05-14:30,4800,4803,4798,4802
 2014/05/05-14:45,4803,4805,4795,4796
 2014/05/05-15:00,4796,4796,4787,4789
 2014/05/06-09:15,4792,4799,4774,4794
 2014/05/06-09:30,4794,4795,4787,4791
 2014/05/06-09:45,4790,4791,4779,4781
 2014/05/06-10:00,4781,4789,4780,4784
 2014/05/06-10:15,4784,4786,4781,4783
 2014/05/06-10:45,4782,4784,4769,4775
 2014/05/06-11:00,4774,4784,4773,4778
 2014/05/06-11:15,4778,4781,4774,4778
 2014/05/06-11:30,4777,4782,4767,4767
 2014/05/06-13:45,4767,4767,4758,4760
 2014/05/06-14:00,4759,4760,4740,4740
 2014/05/06-14:15,4740,4747,4733,4741
 2014/05/06-14:30,4741,4746,4738,4742
 2014/05/06-14:45,4742,4743,4730,4734
 2014/05/06-15:00,4735,4740,4710,4720
 2014/05/07-09:15,4700,4727,4693,4724
 2014/05/07-09:30,4725,4728,4718,4720
 2014/05/07-09:45,4720,4723,4719,4721
 2014/05/07-10:00,4721,4727,4718,4721
 2014/05/07-10:15,4722,4726,4720,4722
 2014/05/07-10:45,4722,4723,4704,4707
 2014/05/07-11:00,4708,4720,4700,4720
 2014/05/07-11:15,4721,4734,4718,4723
 2014/05/07-11:30,4724,4727,4720,4724
 2014/05/07-13:45,4724,4727,4723,4724
 2014/05/07-14:00,4724,4737,4724,4727
 2014/05/07-14:15,4728,4728,4724,4725
 2014/05/07-14:30,4726,4733,4725,4730
 2014/05/07-14:45,4730,4735,4722,4731
 2014/05/07-15:00,4730,4734,4728,4732
 2014/05/08-09:15,4736,4740,4721,4724
 2014/05/08-09:30,4724,4726,4718,4721
 2014/05/08-09:45,4722,4723,4715,4719
 2014/05/08-10:00,4719,4728,4717,4722
 2014/05/08-10:15,4722,4733,4722,4728
 2014/05/08-10:45,4727,4734,4727,4729
 2014/05/08-11:00,4729,4738,4728,4737
 2014/05/08-11:15,4736,4756,4734,4745
 2014/05/08-11:30,4745,4746,4737,4738
 2014/05/08-13:45,4737,4741,4734,4736
 2014/05/08-14:00,4737,4738,4734,4737
 2014/05/08-14:15,4738,4739,4729,4732
 2014/05/08-14:30,4732,4733,4722,4729
 2014/05/08-14:45,4729,4730,4722,4727
 2014/05/08-15:00,4726,4730,4715,4724
 2014/05/09-09:15,4727,4738,4718,4720
 2014/05/09-09:30,4721,4724,4715,4720
 2014/05/09-09:45,4720,4721,4702,4704
 2014/05/09-10:00,4703,4709,4695,4704
 2014/05/09-10:15,4704,4710,4700,4701
 2014/05/09-10:45,4701,4709,4700,4706
 2014/05/09-11:00,4706,4708,4702,4706
 2014/05/09-11:15,4706,4708,4699,4700
 2014/05/09-11:30,4700,4702,4686,4700
 2014/05/09-13:45,4700,4733,4699,4722
 2014/05/09-14:00,4722,4725,4718,4723
 2014/05/09-14:15,4723,4725,4717,4718
 2014/05/09-14:30,4718,4721,4711,4718
 2014/05/09-14:45,4718,4725,4716,4723
 2014/05/09-15:00,4723,4726,4712,4715
 2014/05/12-09:15,4705,4748,4705,4747
 2014/05/12-09:30,4747,4748,4734,4736
 2014/05/12-09:45,4736,4744,4735,4740
 2014/05/12-10:00,4740,4748,4737,4742
 2014/05/12-10:15,4742,4746,4737,4740
 2014/05/12-10:45,4740,4760,4740,4745
 2014/05/12-11:00,4745,4746,4740,4745
 2014/05/12-11:15,4745,4755,4744,4747
 2014/05/12-11:30,4745,4750,4742,4746
 2014/05/12-13:45,4745,4748,4741,4742
 2014/05/12-14:00,4741,4742,4725,4730
 2014/05/12-14:15,4730,4733,4727,4732
 2014/05/12-14:30,4732,4734,4719,4724
 2014/05/12-14:45,4725,4725,4718,4724
 2014/05/12-15:00,4723,4726,4711,4716
 2014/05/13-09:15,4729,4732,4718,4725
 2014/05/13-09:30,4725,4741,4722,4736
 2014/05/13-09:45,4737,4739,4731,4737
 2014/05/13-10:00,4738,4748,4736,4740
 2014/05/13-10:15,4740,4743,4736,4740
 2014/05/13-10:45,4740,4740,4734,4737
 2014/05/13-11:00,4737,4739,4736,4737
 2014/05/13-11:15,4737,4742,4736,4738
 2014/05/13-11:30,4738,4742,4737,4741
 2014/05/13-13:45,4741,4745,4735,4738
 2014/05/13-14:00,4738,4744,4737,4744
 2014/05/13-14:15,4744,4756,4739,4750
 2014/05/13-14:30,4750,4752,4743,4746
 2014/05/13-14:45,4746,4751,4744,4750
 2014/05/13-15:00,4750,4755,4741,4746
 2014/05/14-09:15,4822,4846,4810,4825
 2014/05/14-09:30,4825,4825,4813,4817
 2014/05/14-09:45,4817,4827,4812,4827
 2014/05/14-10:00,4826,4830,4820,4830
 2014/05/14-10:15,4831,4848,4824,4848
 2014/05/14-10:45,4848,4872,4845,4859
 2014/05/14-11:00,4859,4874,4858,4860
 2014/05/14-11:15,4859,4871,4858,4871
 2014/05/14-11:30,4869,4879,4863,4866
 2014/05/14-13:45,4865,4870,4859,4867
 2014/05/14-14:00,4867,4870,4863,4867
 2014/05/14-14:15,4867,4869,4865,4868
 2014/05/14-14:30,4868,4876,4865,4868
 2014/05/14-14:45,4868,4875,4866,4869
 2014/05/14-15:00,4870,4875,4867,4872
 2014/05/15-09:15,4920,4920,4885,4890
 2014/05/15-09:30,4890,4898,4883,4888
 2014/05/15-09:45,4887,4892,4882,4890
 2014/05/15-10:00,4890,4891,4874,4877
 2014/05/15-10:15,4876,4883,4868,4879
 2014/05/15-10:45,4879,4883,4877,4879
 2014/05/15-11:00,4880,4880,4869,4873
 2014/05/15-11:15,4873,4879,4872,4874
 2014/05/15-11:30,4874,4877,4858,4860
 2014/05/15-13:45,4859,4868,4851,4861
 2014/05/15-14:00,4862,4864,4848,4854
 2014/05/15-14:15,4855,4858,4846,4855
 2014/05/15-14:30,4855,4864,4855,4861
 2014/05/15-14:45,4862,4862,4854,4858
 2014/05/15-15:00,4858,4861,4843,4845
 2014/05/16-09:15,4850,4859,4846,4849
 2014/05/16-09:30,4850,4852,4840,4841
 2014/05/16-09:45,4841,4845,4831,4842
 2014/05/16-10:00,4842,4853,4839,4849
 2014/05/16-10:15,4849,4857,4848,4855
 2014/05/16-10:45,4855,4855,4847,4849
 2014/05/16-11:00,4849,4857,4848,4853
 2014/05/16-11:15,4852,4852,4842,4842
 2014/05/16-11:30,4843,4845,4834,4834
 2014/05/16-13:45,4834,4840,4829,4836
 2014/05/16-14:00,4836,4852,4835,4852
 2014/05/16-14:15,4852,4855,4835,4841
 2014/05/16-14:30,4841,4848,4841,4842
 2014/05/16-14:45,4841,4847,4838,4843
 2014/05/16-15:00,4844,4854,4841,4854
 2014/05/19-09:15,4828,4857,4828,4854
 2014/05/19-09:30,4854,4858,4846,4848
 2014/05/19-09:45,4848,4866,4847,4861
 2014/05/19-10:00,4861,4865,4855,4863
 2014/05/19-10:15,4862,4866,4859,4861
 2014/05/19-10:45,4859,4875,4859,4871
 2014/05/19-11:00,4871,4871,4856,4863
 2014/05/19-11:15,4863,4872,4860,4869
 2014/05/19-11:30,4869,4884,4864,4881
 2014/05/19-13:45,4883,4897,4877,4891
 2014/05/19-14:00,4891,4893,4885,4892
 2014/05/19-14:15,4892,4899,4887,4894
 2014/05/19-14:30,4895,4901,4891,4897
 2014/05/19-14:45,4897,4899,4882,4883
 2014/05/19-15:00,4883,4895,4883,4885
 2014/05/20-09:15,4865,4874,4844,4853
 2014/05/20-09:30,4854,4866,4853,4864
 2014/05/20-09:45,4864,4865,4856,4862
 2014/05/20-10:00,4862,4865,4860,4862
 2014/05/20-10:15,4863,4863,4857,4861
 2014/05/20-10:45,4862,4865,4856,4861
 2014/05/20-11:00,4862,4862,4857,4859
 2014/05/20-11:15,4858,4869,4858,4864
 2014/05/20-11:30,4863,4864,4852,4858
 2014/05/20-13:45,4857,4863,4855,4860
 2014/05/20-14:00,4860,4864,4860,4863
 2014/05/20-14:15,4864,4885,4863,4879
 2014/05/20-14:30,4880,4894,4879,4889
 2014/05/20-14:45,4889,4896,4886,4888
 2014/05/20-15:00,4888,4888,4874,4885
 2014/05/21-09:15,4852,4855,4839,4848
 2014/05/21-09:30,4849,4851,4838,4843
 2014/05/21-09:45,4844,4849,4842,4843
 2014/05/21-10:00,4843,4847,4841,4843
 2014/05/21-10:15,4844,4848,4841,4847
 2014/05/21-10:45,4847,4858,4847,4855
 2014/05/21-11:00,4855,4856,4851,4855
 2014/05/21-11:15,4855,4867,4850,4866
 2014/05/21-11:30,4866,4868,4860,4867
 2014/05/21-13:45,4868,4868,4851,4853
 2014/05/21-14:00,4853,4858,4853,4856
 2014/05/21-14:15,4856,4858,4853,4855
 2014/05/21-14:30,4855,4875,4854,4869
 2014/05/21-14:45,4869,4870,4856,4856
 2014/05/21-15:00,4857,4865,4856,4858
 2014/05/22-09:15,4845,4872,4845,4871
 2014/05/22-09:30,4873,4875,4863,4865
 2014/05/22-09:45,4866,4871,4864,4866
 2014/05/22-10:00,4866,4868,4856,4860
 2014/05/22-10:15,4861,4864,4855,4863
 2014/05/22-10:45,4863,4864,4858,4864
 2014/05/22-11:00,4864,4865,4861,4861
 2014/05/22-11:15,4862,4862,4853,4853
 2014/05/22-11:30,4854,4854,4842,4852
 2014/05/22-13:45,4852,4856,4840,4841
 2014/05/22-14:00,4841,4846,4826,4827
 2014/05/22-14:15,4827,4836,4823,4829
 2014/05/22-14:30,4830,4830,4813,4823
 2014/05/22-14:45,4823,4830,4813,4816
 2014/05/22-15:00,4816,4820,4807,4815
 2014/05/23-09:15,4801,4806,4788,4796
 2014/05/23-09:30,4796,4806,4792,4803
 2014/05/23-09:45,4803,4803,4780,4783
 2014/05/23-10:00,4783,4785,4770,4780
 2014/05/23-10:15,4779,4780,4770,4772
 2014/05/23-10:45,4772,4782,4770,4780
 2014/05/23-11:00,4780,4782,4774,4777
 2014/05/23-11:15,4776,4784,4773,4778
 2014/05/23-11:30,4778,4781,4774,4781
 2014/05/23-13:45,4781,4783,4777,4778
 2014/05/23-14:00,4778,4780,4775,4778
 2014/05/23-14:15,4779,4799,4775,4796
 2014/05/23-14:30,4797,4802,4789,4794
 2014/05/23-14:45,4794,4795,4783,4786
 2014/05/23-15:00,4786,4799,4785,4799
 2014/05/26-09:15,4803,4816,4794,4816
 2014/05/26-09:30,4816,4819,4805,4807
 2014/05/26-09:45,4806,4814,4806,4814
 2014/05/26-10:00,4814,4815,4811,4815
 2014/05/26-10:15,4815,4822,4810,4816
 2014/05/26-10:45,4816,4835,4816,4830
 2014/05/26-11:00,4830,4832,4824,4829
 2014/05/26-11:15,4829,4834,4824,4827
 2014/05/26-11:30,4827,4828,4823,4824
 2014/05/26-13:45,4823,4833,4820,4828
 2014/05/26-14:00,4829,4834,4828,4829
 2014/05/26-14:15,4828,4831,4826,4830
 2014/05/26-14:30,4830,4835,4829,4831
 2014/05/26-14:45,4832,4833,4828,4831
 2014/05/26-15:00,4830,4833,4824,4825
 2014/05/27-09:15,4826,4832,4817,4827
 2014/05/27-09:30,4827,4830,4824,4827
 2014/05/27-09:45,4827,4828,4791,4795
 2014/05/27-10:00,4794,4801,4792,4800
 2014/05/27-10:15,4799,4800,4791,4794
 2014/05/27-10:45,4794,4802,4792,4799
 2014/05/27-11:00,4799,4800,4785,4787
 2014/05/27-11:15,4786,4792,4781,4781
 2014/05/27-11:30,4781,4785,4773,4778
 2014/05/27-13:45,4778,4791,4777,4788
 2014/05/27-14:00,4787,4797,4784,4795
 2014/05/27-14:15,4795,4804,4794,4797
 2014/05/27-14:30,4796,4800,4795,4797
 2014/05/27-14:45,4797,4808,4796,4804
 2014/05/27-15:00,4804,4810,4800,4805
 2014/05/28-09:15,4762,4783,4760,4780
 2014/05/28-09:30,4780,4787,4777,4781
 2014/05/28-09:45,4782,4783,4778,4779
 2014/05/28-10:00,4780,4794,4779,4788
 2014/05/28-10:15,4788,4790,4781,4785
 2014/05/28-10:45,4786,4791,4785,4787
 2014/05/28-11:00,4787,4789,4782,4785
 2014/05/28-11:15,4785,4790,4781,4782
 2014/05/28-11:30,4782,4783,4771,4772
 2014/05/28-13:45,4773,4777,4771,4772
 2014/05/28-14:00,4772,4790,4768,4783
 2014/05/28-14:15,4784,4789,4781,4787
 2014/05/28-14:30,4789,4793,4783,4786
 2014/05/28-14:45,4786,4794,4785,4790
 2014/05/28-15:00,4789,4810,4787,4807
 2014/05/29-09:15,4809,4830,4805,4826
 2014/05/29-09:30,4828,4829,4822,4827
 2014/05/29-09:45,4827,4837,4826,4826
 2014/05/29-10:00,4826,4829,4820,4825
 2014/05/29-10:15,4825,4832,4824,4830
 2014/05/29-10:45,4829,4832,4826,4826
 2014/05/29-11:00,4827,4828,4818,4823
 2014/05/29-11:15,4824,4824,4815,4823
 2014/05/29-11:30,4823,4824,4819,4821
 2014/05/29-13:45,4821,4824,4812,4819
 2014/05/29-14:00,4819,4822,4816,4819
 2014/05/29-14:15,4818,4823,4817,4819
 2014/05/29-14:30,4819,4821,4815,4821
 2014/05/29-14:45,4821,4824,4812,4824
 2014/05/29-15:00,4824,4825,4813,4814
 2014/05/30-09:15,4848,4849,4831,4841
 2014/05/30-09:30,4841,4844,4835,4838
 2014/05/30-09:45,4838,4838,4831,4836
 2014/05/30-10:00,4836,4846,4836,4839
 2014/05/30-10:15,4839,4842,4832,4833
 2014/05/30-10:45,4833,4842,4833,4839
 2014/05/30-11:00,4839,4839,4828,4834
 2014/05/30-11:15,4834,4836,4832,4833
 2014/05/30-11:30,4833,4836,4832,4835
 2014/05/30-13:45,4836,4841,4835,4837
 2014/05/30-14:00,4838,4840,4835,4837
 2014/05/30-14:15,4837,4837,4828,4829
 2014/05/30-14:30,4829,4834,4828,4832
 2014/05/30-14:45,4832,4834,4830,4830
 2014/05/30-15:00,4830,4844,4829,4842
 2014/06/03-09:15,4815,4834,4802,4815
 2014/06/03-09:30,4815,4815,4800,4804
 2014/06/03-09:45,4804,4808,4798,4805
 2014/06/03-10:00,4805,4805,4796,4797
 2014/06/03-10:15,4797,4802,4792,4801
 2014/06/03-10:45,4800,4802,4795,4797
 2014/06/03-11:00,4797,4801,4796,4798
 2014/06/03-11:15,4798,4798,4795,4795
 2014/06/03-11:30,4795,4802,4794,4797
 2014/06/03-13:45,4798,4810,4796,4808
 2014/06/03-14:00,4808,4813,4806,4808
 2014/06/03-14:15,4808,4815,4807,4809
 2014/06/03-14:30,4810,4811,4801,4803
 2014/06/03-14:45,4802,4805,4801,4802
 2014/06/03-15:00,4802,4810,4802,4806
 2014/06/04-09:15,4810,4815,4803,4815
 2014/06/04-09:30,4815,4815,4796,4799
 2014/06/04-09:45,4798,4800,4794,4797
 2014/06/04-10:00,4797,4801,4796,4798
 2014/06/04-10:15,4798,4798,4785,4786
 2014/06/04-10:45,4786,4792,4782,4789
 2014/06/04-11:00,4789,4794,4788,4789
 2014/06/04-11:15,4789,4790,4784,4784
 2014/06/04-11:30,4785,4790,4780,4780
 2014/06/04-13:45,4779,4779,4774,4776
 2014/06/04-14:00,4777,4786,4776,4782
 2014/06/04-14:15,4783,4788,4781,4782
 2014/06/04-14:30,4782,4783,4781,4781
 2014/06/04-14:45,4781,4785,4775,4778
 2014/06/04-15:00,4778,4779,4770,4775
 2014/06/05-09:15,4762,4778,4754,4766
 2014/06/05-09:30,4767,4787,4758,4775
 2014/06/05-09:45,4775,4780,4774,4777
 2014/06/05-10:00,4777,4779,4771,4776
 2014/06/05-10:15,4775,4777,4772,4775
 2014/06/05-10:45,4775,4776,4769,4773
 2014/06/05-11:00,4774,4774,4768,4774
 2014/06/05-11:15,4774,4776,4771,4773
 2014/06/05-11:30,4773,4774,4769,4771
 2014/06/05-13:45,4771,4774,4767,4769
 2014/06/05-14:00,4768,4777,4768,4773
 2014/06/05-14:15,4774,4776,4771,4775
 2014/06/05-14:30,4774,4775,4770,4774
 2014/06/05-14:45,4773,4793,4772,4792
 2014/06/05-15:00,4792,4794,4784,4785
 2014/06/06-09:15,4751,4765,4750,4762
 2014/06/06-09:30,4761,4762,4757,4760
 2014/06/06-09:45,4760,4770,4760,4767
 2014/06/06-10:00,4766,4774,4765,4768
 2014/06/06-10:15,4768,4770,4764,4766
 2014/06/06-10:45,4766,4768,4763,4765
 2014/06/06-11:00,4767,4773,4765,4768
 2014/06/06-11:15,4767,4770,4766,4768
 2014/06/06-11:30,4768,4771,4767,4768
 2014/06/06-13:45,4767,4768,4752,4754
 2014/06/06-14:00,4755,4769,4753,4763
 2014/06/06-14:15,4763,4765,4758,4765
 2014/06/06-14:30,4765,4770,4763,4766
 2014/06/06-14:45,4766,4774,4763,4764
 2014/06/06-15:00,4765,4767,4750,4750
 2014/06/09-09:15,4760,4762,4722,4737
 2014/06/09-09:30,4737,4748,4735,4748
 2014/06/09-09:45,4748,4749,4743,4745
 2014/06/09-10:00,4745,4755,4744,4752
 2014/06/09-10:15,4752,4758,4748,4752
 2014/06/09-10:45,4752,4755,4750,4754
 2014/06/09-11:00,4754,4756,4745,4748
 2014/06/09-11:15,4747,4755,4745,4752
 2014/06/09-11:30,4752,4753,4746,4749
 2014/06/09-13:45,4749,4753,4745,4752
 2014/06/09-14:00,4751,4753,4746,4751
 2014/06/09-14:15,4751,4752,4747,4750
 2014/06/09-14:30,4751,4762,4747,4749
 2014/06/09-14:45,4749,4752,4748,4752
 2014/06/09-15:00,4752,4753,4742,4748
 2014/06/10-09:15,4759,4759,4730,4735
 2014/06/10-09:30,4735,4743,4734,4736
 2014/06/10-09:45,4737,4738,4729,4729
 2014/06/10-10:00,4729,4735,4726,4733
 2014/06/10-10:15,4732,4740,4730,4739
 2014/06/10-10:45,4739,4739,4732,4733
 2014/06/10-11:00,4733,4739,4732,4735
 2014/06/10-11:15,4735,4737,4734,4735
 2014/06/10-11:30,4734,4735,4720,4726
 2014/06/10-13:45,4726,4730,4722,4728
 2014/06/10-14:00,4728,4729,4725,4725
 2014/06/10-14:15,4726,4730,4725,4727
 2014/06/10-14:30,4727,4729,4723,4728
 2014/06/10-14:45,4727,4728,4720,4720
 2014/06/10-15:00,4720,4720,4711,4713
 2014/06/11-09:15,4720,4723,4707,4718
 2014/06/11-09:30,4717,4718,4714,4718
 2014/06/11-09:45,4718,4721,4716,4717
 2014/06/11-10:00,4717,4720,4716,4718
 2014/06/11-10:15,4718,4721,4716,4720
 2014/06/11-10:45,4720,4720,4717,4718
 2014/06/11-11:00,4719,4720,4717,4718
 2014/06/11-11:15,4718,4721,4716,4720
 2014/06/11-11:30,4720,4734,4719,4723
 2014/06/11-13:45,4724,4724,4718,4720
 2014/06/11-14:00,4721,4721,4716,4719
 2014/06/11-14:15,4719,4719,4710,4712
 2014/06/11-14:30,4712,4714,4690,4694
 2014/06/11-14:45,4693,4695,4673,4678
 2014/06/11-15:00,4678,4684,4675,4682
 2014/06/12-09:15,4675,4683,4668,4681
 2014/06/12-09:30,4681,4682,4650,4654
 2014/06/12-09:45,4653,4655,4628,4643
 2014/06/12-10:00,4643,4646,4640,4640
 2014/06/12-10:15,4640,4645,4634,4637
 2014/06/12-10:45,4637,4642,4631,4634
 2014/06/12-11:00,4634,4642,4633,4638
 2014/06/12-11:15,4639,4641,4634,4636
 2014/06/12-11:30,4635,4642,4623,4624
 2014/06/12-13:45,4625,4629,4618,4622
 2014/06/12-14:00,4622,4627,4618,4625
 2014/06/12-14:15,4625,4635,4624,4630
 2014/06/12-14:30,4630,4632,4626,4628
 2014/06/12-14:45,4628,4632,4623,4623
 2014/06/12-15:00,4623,4628,4620,4623
 2014/06/13-09:15,4613,4626,4613,4623
 2014/06/13-09:30,4623,4631,4610,4631
 2014/06/13-09:45,4630,4634,4626,4629
 2014/06/13-10:00,4629,4633,4624,4632
 2014/06/13-10:15,4632,4633,4626,4629
 2014/06/13-10:45,4630,4634,4629,4631
 2014/06/13-11:00,4631,4635,4627,4631
 2014/06/13-11:15,4630,4649,4628,4642
 2014/06/13-11:30,4643,4652,4641,4647
 2014/06/13-13:45,4646,4652,4646,4647
 2014/06/13-14:00,4647,4647,4637,4642
 2014/06/13-14:15,4642,4650,4642,4648
 2014/06/13-14:30,4649,4649,4638,4643
 2014/06/13-14:45,4643,4644,4642,4643
 2014/06/13-15:00,4643,4648,4639,4639
 2014/06/16-09:15,4677,4699,4671,4699
 2014/06/16-09:30,4699,4700,4681,4683
 2014/06/16-09:45,4683,4690,4682,4688
 2014/06/16-10:00,4687,4689,4682,4686
 2014/06/16-10:15,4687,4688,4680,4682
 2014/06/16-10:45,4682,4683,4666,4672
 2014/06/16-11:00,4673,4682,4670,4679
 2014/06/16-11:15,4679,4686,4676,4686
 2014/06/16-11:30,4685,4686,4678,4680
 2014/06/16-13:45,4681,4683,4676,4680
 2014/06/16-14:00,4679,4682,4676,4677
 2014/06/16-14:15,4677,4681,4675,4676
 2014/06/16-14:30,4676,4679,4675,4677
 2014/06/16-14:45,4678,4679,4675,4677
 2014/06/16-15:00,4676,4677,4667,4667
 2014/06/17-09:15,4675,4678,4652,4657
 2014/06/17-09:30,4656,4661,4649,4651
 2014/06/17-09:45,4651,4653,4644,4650
 2014/06/17-10:00,4650,4651,4644,4648
 2014/06/17-10:15,4648,4658,4646,4653
 2014/06/17-10:45,4652,4653,4648,4651
 2014/06/17-11:00,4650,4651,4648,4651
 2014/06/17-11:15,4650,4654,4646,4651
 2014/06/17-11:30,4652,4656,4647,4652
 2014/06/17-13:45,4652,4652,4643,4649
 2014/06/17-14:00,4648,4652,4647,4649
 2014/06/17-14:15,4650,4652,4646,4651
 2014/06/17-14:30,4652,4655,4648,4651
 2014/06/17-14:45,4651,4653,4647,4648
 2014/06/17-15:00,4648,4653,4643,4648
 2014/06/18-09:15,4942,4967,4925,4957
 2014/06/18-09:30,4957,4975,4956,4969
 2014/06/18-09:45,4970,4971,4962,4963
 2014/06/18-10:00,4963,4967,4957,4964
 2014/06/18-10:15,4963,4970,4962,4966
 2014/06/18-10:45,4966,4972,4961,4969
 2014/06/18-11:00,4969,4982,4968,4978
 2014/06/18-11:15,4977,4991,4977,4989
 2014/06/18-11:30,4988,5007,4986,5007
 2014/06/18-13:45,5008,5011,4998,5006
 2014/06/18-14:00,5006,5009,4999,5003
 2014/06/18-14:15,5003,5007,4991,5004
 2014/06/18-14:30,5004,5014,5001,5011
 2014/06/18-14:45,5012,5018,5000,5016
 2014/06/18-15:00,5016,5027,5008,5025
 2014/06/19-09:15,5059,5078,5054,5061
 2014/06/19-09:30,5062,5063,5051,5052
 2014/06/19-09:45,5052,5057,5049,5053
 2014/06/19-10:00,5052,5053,5042,5044
 2014/06/19-10:15,5044,5050,5044,5048
 2014/06/19-10:45,5048,5048,5037,5046
 2014/06/19-11:00,5047,5048,5044,5047
 2014/06/19-11:15,5047,5049,5042,5042
 2014/06/19-11:30,5042,5044,5038,5041
 2014/06/19-13:45,5039,5055,5038,5054
 2014/06/19-14:00,5054,5058,5042,5046
 2014/06/19-14:15,5045,5046,5039,5042
 2014/06/19-14:30,5043,5045,5031,5033
 2014/06/19-14:45,5033,5041,5033,5040
 2014/06/19-15:00,5040,5041,5029,5031
 2014/06/20-09:15,5089,5090,5060,5064
 2014/06/20-09:30,5064,5069,5062,5068
 2014/06/20-09:45,5068,5076,5066,5070
 2014/06/20-10:00,5069,5070,5050,5058
 2014/06/20-10:15,5058,5062,5057,5061
 2014/06/20-10:45,5061,5063,5055,5058
 2014/06/20-11:00,5058,5066,5056,5064
 2014/06/20-11:15,5063,5068,5048,5055
 2014/06/20-11:30,5055,5055,5044,5044
 2014/06/20-13:45,5044,5047,5037,5042
 2014/06/20-14:00,5042,5043,5036,5038
 2014/06/20-14:15,5039,5042,5036,5039
 2014/06/20-14:30,5038,5043,5033,5042
 2014/06/20-14:45,5042,5048,5034,5045
 2014/06/20-15:00,5045,5059,5042,5056
 2014/06/23-09:15,5066,5098,5056,5083
 2014/06/23-09:30,5085,5090,5078,5085
 2014/06/23-09:45,5085,5120,5083,5117
 2014/06/23-10:00,5116,5133,5113,5127
 2014/06/23-10:15,5127,5130,5115,5120
 2014/06/23-10:45,5122,5122,5108,5110
 2014/06/23-11:00,5111,5115,5109,5112
 2014/06/23-11:15,5112,5114,5100,5100
 2014/06/23-11:30,5100,5100,5078,5083
 2014/06/23-13:45,5082,5096,5082,5093
 2014/06/23-14:00,5093,5097,5085,5085
 2014/06/23-14:15,5086,5092,5081,5085
 2014/06/23-14:30,5084,5097,5084,5088
 2014/06/23-14:45,5088,5089,5078,5078
 2014/06/23-15:00,5079,5084,5071,5081
 2014/06/24-09:15,5060,5069,5056,5061
 2014/06/24-09:30,5061,5071,5048,5052
 2014/06/24-09:45,5052,5053,5033,5038
 2014/06/24-10:00,5038,5041,5031,5036
 2014/06/24-10:15,5036,5039,5031,5034
 2014/06/24-10:45,5034,5043,5033,5040
 2014/06/24-11:00,5040,5041,5036,5038
 2014/06/24-11:15,5038,5044,5035,5042
 2014/06/24-11:30,5041,5046,5038,5039
 2014/06/24-13:45,5039,5043,5034,5040
 2014/06/24-14:00,5041,5042,5035,5042
 2014/06/24-14:15,5042,5042,5037,5038
 2014/06/24-14:30,5038,5039,5026,5027
 2014/06/24-14:45,5028,5044,5027,5038
 2014/06/24-15:00,5038,5042,5032,5032
 2014/06/25-09:15,5044,5064,5042,5057
 2014/06/25-09:30,5057,5058,5042,5047
 2014/06/25-09:45,5047,5052,5045,5049
 2014/06/25-10:00,5049,5075,5049,5073
 2014/06/25-10:15,5072,5076,5066,5069
 2014/06/25-10:45,5068,5070,5066,5067
 2014/06/25-11:00,5066,5066,5055,5056
 2014/06/25-11:15,5056,5062,5055,5061
 2014/06/25-11:30,5062,5063,5049,5056
 2014/06/25-13:45,5056,5065,5055,5062
 2014/06/25-14:00,5062,5068,5061,5063
 2014/06/25-14:15,5064,5064,5058,5062
 2014/06/25-14:30,5062,5063,5056,5061
 2014/06/25-14:45,5061,5070,5058,5059
 2014/06/25-15:00,5059,5074,5058,5074
 2014/06/26-09:15,5074,5074,5050,5056
 2014/06/26-09:30,5056,5065,5049,5062
 2014/06/26-09:45,5062,5078,5061,5075
 2014/06/26-10:00,5076,5080,5061,5062
 2014/06/26-10:15,5062,5068,5055,5057
 2014/06/26-10:45,5056,5061,5053,5059
 2014/06/26-11:00,5059,5070,5056,5063
 2014/06/26-11:15,5064,5068,5060,5066
 2014/06/26-11:30,5065,5069,5063,5067
 2014/06/26-13:45,5068,5075,5065,5072
 2014/06/26-14:00,5073,5079,5065,5066
 2014/06/26-14:15,5067,5076,5066,5070
 2014/06/26-14:30,5071,5072,5063,5067
 2014/06/26-14:45,5068,5073,5067,5072
 2014/06/26-15:00,5073,5091,5071,5090
 2014/06/27-09:15,5093,5096,5076,5080
 2014/06/27-09:30,5080,5103,5079,5102
 2014/06/27-09:45,5102,5103,5081,5084
 2014/06/27-10:00,5083,5086,5053,5056
 2014/06/27-10:15,5057,5065,5045,5054
 2014/06/27-10:45,5055,5058,5052,5055
 2014/06/27-11:00,5053,5065,5053,5061
 2014/06/27-11:15,5061,5062,5049,5056
 2014/06/27-11:30,5055,5057,5045,5051
 2014/06/27-13:45,5049,5054,5034,5038
 2014/06/27-14:00,5038,5044,5037,5039
 2014/06/27-14:15,5040,5042,5033,5036
 2014/06/27-14:30,5036,5042,5035,5036
 2014/06/27-14:45,5036,5042,5034,5038
 2014/06/27-15:00,5038,5044,5030,5034
 2014/06/30-09:15,4986,4986,4953,4965
 2014/06/30-09:30,4965,4974,4963,4972
 2014/06/30-09:45,4971,4973,4963,4968
 2014/06/30-10:00,4968,4971,4960,4964
 2014/06/30-10:15,4963,4968,4960,4964
 2014/06/30-10:45,4963,4968,4961,4965
 2014/06/30-11:00,4964,4966,4958,4959
 2014/06/30-11:15,4958,4966,4957,4964
 2014/06/30-11:30,4965,4965,4960,4960
 2014/06/30-13:45,4960,4967,4959,4965
 2014/06/30-14:00,4965,4974,4964,4972
 2014/06/30-14:15,4973,4974,4965,4966
 2014/06/30-14:30,4967,4969,4963,4967
 2014/06/30-14:45,4967,4968,4962,4963
 2014/06/30-15:00,4963,4964,4952,4957
 2014/07/01-09:15,4935,4983,4926,4975
 2014/07/01-09:30,4975,4977,4967,4970
 2014/07/01-09:45,4970,4985,4970,4979
 2014/07/01-10:00,4979,4982,4972,4974
 2014/07/01-10:15,4974,4976,4967,4971
 2014/07/01-10:45,4971,4973,4969,4970
 2014/07/01-11:00,4970,4971,4964,4968
 2014/07/01-11:15,4968,4972,4958,4961
 2014/07/01-11:30,4961,4964,4946,4946
 2014/07/01-13:45,4947,4953,4941,4948
 2014/07/01-14:00,4948,4951,4944,4949
 2014/07/01-14:15,4950,4965,4949,4960
 2014/07/01-14:30,4960,4962,4956,4956
 2014/07/01-14:45,4956,4962,4956,4958
 2014/07/01-15:00,4958,4964,4954,4963
 2014/07/02-09:15,4955,4976,4954,4971
 2014/07/02-09:30,4971,4971,4961,4966
 2014/07/02-09:45,4966,4971,4965,4967
 2014/07/02-10:00,4967,4971,4961,4968
 2014/07/02-10:15,4968,4973,4965,4971
 2014/07/02-10:45,4971,4971,4965,4967
 2014/07/02-11:00,4967,4969,4966,4966
 2014/07/02-11:15,4966,4975,4955,4967
 2014/07/02-11:30,4968,4972,4964,4971
 2014/07/02-13:45,4971,4979,4970,4972
 2014/07/02-14:00,4972,4976,4971,4973
 2014/07/02-14:15,4973,4976,4965,4968
 2014/07/02-14:30,4971,4974,4969,4969
 2014/07/02-14:45,4970,4977,4969,4972
 2014/07/02-15:00,4973,4981,4972,4979
 2014/07/03-09:15,4980,4985,4960,4964
 2014/07/03-09:30,4964,4967,4945,4949
 2014/07/03-09:45,4949,4955,4946,4951
 2014/07/03-10:00,4950,4956,4949,4952
 2014/07/03-10:15,4953,4957,4951,4955
 2014/07/03-10:45,4956,4956,4950,4952
 2014/07/03-11:00,4951,4952,4936,4946
 2014/07/03-11:15,4947,4950,4942,4943
 2014/07/03-11:30,4943,4947,4936,4946
 2014/07/03-13:45,4946,4956,4942,4954
 2014/07/03-14:00,4954,4957,4948,4954
 2014/07/03-14:15,4953,4955,4950,4952
 2014/07/03-14:30,4952,4967,4952,4961
 2014/07/03-14:45,4961,4967,4960,4960
 2014/07/03-15:00,4960,4964,4956,4959
 2014/07/04-09:15,4960,4977,4956,4971
 2014/07/04-09:30,4970,4973,4952,4957
 2014/07/04-09:45,4958,4958,4944,4948
 2014/07/04-10:00,4948,4957,4947,4954
 2014/07/04-10:15,4953,4960,4953,4956
 2014/07/04-10:45,4956,4956,4950,4951
 2014/07/04-11:00,4951,4953,4951,4952
 2014/07/04-11:15,4952,4958,4952,4956
 2014/07/04-11:30,4957,4957,4948,4952
 2014/07/04-13:45,4953,4953,4942,4944
 2014/07/04-14:00,4944,4947,4942,4944
 2014/07/04-14:15,4943,4954,4942,4952
 2014/07/04-14:30,4952,4967,4951,4960
 2014/07/04-14:45,4961,4967,4960,4964
 2014/07/04-15:00,4964,4972,4963,4969
 2014/07/07-09:15,4965,4970,4939,4943
 2014/07/07-09:30,4943,4947,4928,4934
 2014/07/07-09:45,4933,4935,4904,4912
 2014/07/07-10:00,4912,4912,4898,4899
 2014/07/07-10:15,4899,4899,4861,4861
 2014/07/07-10:45,4861,4866,4850,4858
 2014/07/07-11:00,4858,4859,4842,4852
 2014/07/07-11:15,4853,4856,4844,4848
 2014/07/07-11:30,4849,4849,4823,4823
 2014/07/07-13:45,4824,4841,4821,4838
 2014/07/07-14:00,4838,4851,4837,4845
 2014/07/07-14:15,4845,4848,4830,4831
 2014/07/07-14:30,4832,4846,4831,4843
 2014/07/07-14:45,4843,4843,4831,4835
 2014/07/07-15:00,4835,4837,4812,4820
 2014/07/08-09:15,4822,4845,4815,4834
 2014/07/08-09:30,4833,4840,4830,4835
 2014/07/08-09:45,4835,4837,4829,4831
 2014/07/08-10:00,4831,4836,4830,4832
 2014/07/08-10:15,4832,4839,4831,4831
 2014/07/08-10:45,4832,4833,4825,4831
 2014/07/08-11:00,4832,4839,4829,4834
 2014/07/08-11:15,4833,4840,4833,4834
 2014/07/08-11:30,4834,4838,4834,4837
 2014/07/08-13:45,4837,4837,4830,4835
 2014/07/08-14:00,4835,4847,4834,4842
 2014/07/08-14:15,4843,4850,4842,4849
 2014/07/08-14:30,4850,4851,4843,4844
 2014/07/08-14:45,4844,4848,4843,4844
 2014/07/08-15:00,4844,4847,4837,4843
 2014/07/09-09:15,4864,4866,4843,4847
 2014/07/09-09:30,4848,4857,4844,4852
 2014/07/09-09:45,4851,4854,4845,4847
 2014/07/09-10:00,4848,4848,4829,4837
 2014/07/09-10:15,4836,4843,4832,4839
 2014/07/09-10:45,4839,4839,4834,4838
 2014/07/09-11:00,4838,4841,4837,4840
 2014/07/09-11:15,4840,4841,4832,4836
 2014/07/09-11:30,4836,4838,4820,4830
 2014/07/09-13:45,4830,4832,4795,4796
 2014/07/09-14:00,4795,4828,4792,4815
 2014/07/09-14:15,4816,4822,4815,4822
 2014/07/09-14:30,4822,4862,4820,4861
 2014/07/09-14:45,4861,4869,4853,4861
 2014/07/09-15:00,4860,4864,4857,4858
 2014/07/10-09:15,4834,4835,4812,4819
 2014/07/10-09:30,4819,4835,4819,4831
 2014/07/10-09:45,4831,4838,4827,4829
 2014/07/10-10:00,4829,4830,4827,4828
 2014/07/10-10:15,4828,4829,4824,4826
 2014/07/10-10:45,4826,4826,4818,4818
 2014/07/10-11:00,4818,4835,4817,4827
 2014/07/10-11:15,4828,4831,4822,4827
 2014/07/10-11:30,4827,4830,4823,4826
 2014/07/10-13:45,4826,4857,4826,4848
 2014/07/10-14:00,4847,4858,4846,4849
 2014/07/10-14:15,4850,4851,4844,4847
 2014/07/10-14:30,4848,4850,4842,4842
 2014/07/10-14:45,4842,4846,4840,4842
 2014/07/10-15:00,4842,4844,4838,4839
 2014/07/11-09:15,4835,4837,4798,4800
 2014/07/11-09:30,4800,4814,4797,4809
 2014/07/11-09:45,4809,4819,4802,4818
 2014/07/11-10:00,4819,4820,4807,4811
 2014/07/11-10:15,4810,4814,4803,4809
 2014/07/11-10:45,4809,4830,4808,4829
 2014/07/11-11:00,4830,4835,4823,4827
 2014/07/11-11:15,4827,4830,4824,4827
 2014/07/11-11:30,4827,4833,4825,4830
 2014/07/11-13:45,4831,4831,4818,4819
 2014/07/11-14:00,4819,4825,4811,4813
 2014/07/11-14:15,4814,4816,4809,4813
 2014/07/11-14:30,4812,4817,4807,4812
 2014/07/11-14:45,4812,4813,4801,4801
 2014/07/11-15:00,4800,4807,4775,4776
 2014/07/14-09:15,4784,4802,4769,4785
 2014/07/14-09:30,4785,4788,4779,4781
 2014/07/14-09:45,4781,4795,4764,4788
 2014/07/14-10:00,4789,4791,4785,4786
 2014/07/14-10:15,4786,4793,4786,4789
 2014/07/14-10:45,4789,4792,4786,4790
 2014/07/14-11:00,4790,4790,4779,4786
 2014/07/14-11:15,4788,4788,4781,4786
 2014/07/14-11:30,4787,4796,4782,4787
 2014/07/14-13:45,4788,4791,4782,4786
 2014/07/14-14:00,4785,4792,4785,4791
 2014/07/14-14:15,4792,4810,4791,4803
 2014/07/14-14:30,4804,4807,4802,4803
 2014/07/14-14:45,4804,4809,4794,4795
 2014/07/14-15:00,4795,4805,4795,4798
 2014/07/15-09:15,4794,4816,4794,4814
 2014/07/15-09:30,4815,4819,4811,4813
 2014/07/15-09:45,4813,4816,4811,4813
 2014/07/15-10:00,4813,4814,4810,4814
 2014/07/15-10:15,4813,4815,4804,4808
 2014/07/15-10:45,4808,4809,4803,4806
 2014/07/15-11:00,4806,4816,4805,4812
 2014/07/15-11:15,4812,4813,4807,4813
 2014/07/15-11:30,4812,4814,4805,4808
 2014/07/15-13:45,4807,4809,4802,4803
 2014/07/15-14:00,4803,4809,4799,4806
 2014/07/15-14:15,4806,4807,4800,4804
 2014/07/15-14:30,4804,4809,4802,4803
 2014/07/15-14:45,4804,4804,4791,4798
 2014/07/15-15:00,4798,4800,4794,4798
 2014/07/16-09:15,4801,4805,4780,4796
 2014/07/16-09:30,4797,4810,4791,4805
 2014/07/16-09:45,4805,4815,4801,4808
 2014/07/16-10:00,4810,4810,4803,4808
 2014/07/16-10:15,4809,4818,4806,4809
 2014/07/16-10:45,4810,4812,4808,4811
 2014/07/16-11:00,4811,4812,4806,4810
 2014/07/16-11:15,4810,4811,4802,4807
 2014/07/16-11:30,4807,4808,4792,4797
 2014/07/16-13:45,4796,4798,4792,4797
 2014/07/16-14:00,4797,4811,4795,4808
 2014/07/16-14:15,4807,4811,4804,4808
 2014/07/16-14:30,4808,4812,4808,4809
 2014/07/16-14:45,4809,4811,4806,4808
 2014/07/16-15:00,4808,4811,4806,4811
 2014/07/17-09:15,4794,4798,4788,4794
 2014/07/17-09:30,4795,4800,4793,4798
 2014/07/17-09:45,4798,4807,4796,4801
 2014/07/17-10:00,4802,4803,4800,4801
 2014/07/17-10:15,4801,4802,4797,4799
 2014/07/17-10:45,4799,4800,4798,4800
 2014/07/17-11:00,4799,4810,4798,4803
 2014/07/17-11:15,4803,4807,4801,4803
 2014/07/17-11:30,4804,4804,4798,4802
 2014/07/17-13:45,4803,4809,4802,4807
 2014/07/17-14:00,4807,4817,4806,4814
 2014/07/17-14:15,4813,4815,4806,4806
 2014/07/17-14:30,4807,4813,4807,4809
 2014/07/17-14:45,4809,4810,4797,4798
 2014/07/17-15:00,4798,4800,4797,4798
 2014/07/18-09:15,4782,4798,4770,4798
 2014/07/18-09:30,4799,4813,4799,4805
 2014/07/18-09:45,4805,4811,4805,4809
 2014/07/18-10:00,4809,4828,4798,4808
 2014/07/18-10:15,4809,4815,4808,4814
 2014/07/18-10:45,4814,4815,4809,4810
 2014/07/18-11:00,4810,4816,4808,4814
 2014/07/18-11:15,4814,4830,4811,4829
 2014/07/18-11:30,4828,4845,4826,4837
 2014/07/18-13:45,4837,4840,4822,4823
 2014/07/18-14:00,4822,4832,4821,4825
 2014/07/18-14:15,4825,4831,4825,4827
 2014/07/18-14:30,4827,4831,4824,4825
 2014/07/18-14:45,4824,4830,4824,4826
 2014/07/18-15:00,4825,4833,4823,4832
 2014/07/21-09:15,4861,4880,4841,4847
 2014/07/21-09:30,4846,4850,4833,4841
 2014/07/21-09:45,4842,4845,4836,4836
 2014/07/21-10:00,4836,4842,4834,4838
 2014/07/21-10:15,4838,4850,4837,4845
 2014/07/21-10:45,4846,4848,4832,4835
 2014/07/21-11:00,4835,4837,4826,4830
 2014/07/21-11:15,4830,4835,4827,4830
 2014/07/21-11:30,4831,4834,4824,4829
 2014/07/21-13:45,4830,4832,4826,4829
 2014/07/21-14:00,4830,4834,4821,4823
 2014/07/21-14:15,4823,4825,4813,4818
 2014/07/21-14:30,4819,4821,4813,4816
 2014/07/21-14:45,4816,4818,4814,4815
 2014/07/21-15:00,4815,4823,4813,4823
 2014/07/22-09:15,4850,4874,4838,4851
 2014/07/22-09:30,4851,4859,4850,4856
 2014/07/22-09:45,4856,4862,4852,4852
 2014/07/22-10:00,4852,4853,4847,4853
 2014/07/22-10:15,4852,4856,4848,4849
 2014/07/22-10:45,4849,4855,4847,4855
 2014/07/22-11:00,4855,4856,4842,4849
 2014/07/22-11:15,4850,4856,4849,4853
 2014/07/22-11:30,4852,4859,4851,4856
 2014/07/22-13:45,4856,4864,4855,4863
 2014/07/22-14:00,4862,4864,4855,4857
 2014/07/22-14:15,4857,4864,4857,4864
 2014/07/22-14:30,4863,4867,4861,4865
 2014/07/22-14:45,4865,4879,4864,4875
 2014/07/22-15:00,4876,4895,4869,4888
 2014/07/23-09:15,4871,4873,4858,4866
 2014/07/23-09:30,4866,4869,4858,4861
 2014/07/23-09:45,4861,4865,4859,4862
 2014/07/23-10:00,4861,4863,4852,4854
 2014/07/23-10:15,4855,4855,4838,4845
 2014/07/23-10:45,4845,4846,4841,4844
 2014/07/23-11:00,4844,4846,4841,4844
 2014/07/23-11:15,4844,4847,4840,4840
 2014/07/23-11:30,4840,4847,4839,4845
 2014/07/23-13:45,4845,4845,4841,4845
 2014/07/23-14:00,4846,4861,4844,4858
 2014/07/23-14:15,4859,4868,4852,4854
 2014/07/23-14:30,4854,4856,4848,4854
 2014/07/23-14:45,4855,4864,4854,4858
 2014/07/23-15:00,4857,4870,4857,4866
 2014/07/24-09:15,4841,4843,4830,4841
 2014/07/24-09:30,4841,4846,4838,4840
 2014/07/24-09:45,4840,4842,4834,4840
 2014/07/24-10:00,4840,4844,4838,4839
 2014/07/24-10:15,4839,4840,4826,4833
 2014/07/24-10:45,4833,4846,4831,4839
 2014/07/24-11:00,4840,4840,4834,4836
 2014/07/24-11:15,4836,4839,4835,4839
 2014/07/24-11:30,4839,4839,4826,4831
 2014/07/24-13:45,4832,4834,4825,4828
 2014/07/24-14:00,4828,4831,4803,4808
 2014/07/24-14:15,4808,4809,4798,4802
 2014/07/24-14:30,4802,4804,4799,4800
 2014/07/24-14:45,4800,4821,4798,4812
 2014/07/24-15:00,4812,4812,4802,4804
 2014/07/25-09:15,4819,4821,4810,4817
 2014/07/25-09:30,4817,4826,4813,4825
 2014/07/25-09:45,4824,4827,4816,4819
 2014/07/25-10:00,4819,4820,4815,4817
 2014/07/25-10:15,4817,4818,4812,4816
 2014/07/25-10:45,4815,4816,4808,4811
 2014/07/25-11:00,4810,4811,4799,4804
 2014/07/25-11:15,4804,4805,4794,4799
 2014/07/25-11:30,4798,4803,4786,4790
 2014/07/25-13:45,4790,4795,4777,4784
 2014/07/25-14:00,4784,4788,4775,4780
 2014/07/25-14:15,4781,4785,4774,4779
 2014/07/25-14:30,4778,4786,4776,4782
 2014/07/25-14:45,4782,4784,4779,4781
 2014/07/25-15:00,4781,4785,4779,4781
 2014/07/28-09:15,4788,4804,4742,4758
 2014/07/28-09:30,4757,4765,4753,4765
 2014/07/28-09:45,4765,4798,4765,4793
 2014/07/28-10:00,4793,4794,4784,4788
 2014/07/28-10:15,4788,4793,4786,4790
 2014/07/28-10:45,4791,4796,4786,4787
 2014/07/28-11:00,4787,4793,4787,4790
 2014/07/28-11:15,4789,4822,4788,4810
 2014/07/28-11:30,4810,4817,4807,4813
 2014/07/28-13:45,4812,4814,4806,4812
 2014/07/28-14:00,4812,4814,4808,4810
 2014/07/28-14:15,4810,4811,4807,4810
 2014/07/28-14:30,4811,4825,4810,4818
 2014/07/28-14:45,4818,4822,4816,4817
 2014/07/28-15:00,4817,4828,4817,4827
 2014/07/29-09:15,4805,4813,4786,4787
 2014/07/29-09:30,4787,4808,4786,4808
 2014/07/29-09:45,4806,4816,4801,4809
 2014/07/29-10:00,4809,4809,4798,4807
 2014/07/29-10:15,4807,4812,4804,4811
 2014/07/29-10:45,4810,4812,4804,4809
 2014/07/29-11:00,4809,4824,4807,4809
 2014/07/29-11:15,4808,4822,4806,4816
 2014/07/29-11:30,4816,4822,4813,4816
 2014/07/29-13:45,4818,4832,4817,4828
 2014/07/29-14:00,4829,4829,4819,4824
 2014/07/29-14:15,4824,4824,4818,4820
 2014/07/29-14:30,4821,4823,4816,4821
 2014/07/29-14:45,4821,4822,4814,4816
 2014/07/29-15:00,4815,4818,4813,4815
 2014/07/30-09:15,4775,4778,4755,4765
 2014/07/30-09:30,4765,4768,4760,4763
 2014/07/30-09:45,4763,4782,4761,4773
 2014/07/30-10:00,4773,4778,4763,4766
 2014/07/30-10:15,4767,4769,4764,4769
 2014/07/30-10:45,4768,4770,4761,4764
 2014/07/30-11:00,4764,4768,4761,4765
 2014/07/30-11:15,4764,4766,4749,4763
 2014/07/30-11:30,4763,4774,4762,4768
 2014/07/30-13:45,4768,4769,4762,4765
 2014/07/30-14:00,4765,4766,4761,4761
 2014/07/30-14:15,4762,4766,4757,4766
 2014/07/30-14:30,4766,4766,4760,4762
 2014/07/30-14:45,4761,4765,4751,4753
 2014/07/30-15:00,4753,4756,4743,4752
 2014/07/31-09:15,4760,4770,4753,4766
 2014/07/31-09:30,4765,4770,4763,4770
 2014/07/31-09:45,4770,4772,4765,4766
 2014/07/31-10:00,4767,4771,4763,4770
 2014/07/31-10:15,4770,4773,4766,4768
 2014/07/31-10:45,4768,4768,4758,4759
 2014/07/31-11:00,4759,4764,4758,4761
 2014/07/31-11:15,4761,4765,4759,4761
 2014/07/31-11:30,4760,4763,4760,4762
 2014/07/31-13:45,4763,4766,4759,4765
 2014/07/31-14:00,4765,4766,4764,4765
 2014/07/31-14:15,4765,4766,4760,4762
 2014/07/31-14:30,4763,4769,4763,4767
 2014/07/31-14:45,4767,4768,4762,4762
 2014/07/31-15:00,4762,4764,4756,4759
 2014/08/01-09:15,4728,4748,4719,4723
 2014/08/01-09:30,4722,4724,4715,4721
 2014/08/01-09:45,4721,4722,4717,4721
 2014/08/01-10:00,4721,4722,4718,4721
 2014/08/01-10:15,4721,4723,4718,4720
 2014/08/01-10:45,4719,4721,4699,4699
 2014/08/01-11:00,4699,4705,4698,4703
 2014/08/01-11:15,4702,4707,4696,4696
 2014/08/01-11:30,4696,4721,4693,4714
 2014/08/01-13:45,4713,4714,4702,4704
 2014/08/01-14:00,4704,4705,4700,4704
 2014/08/01-14:15,4704,4705,4700,4700
 2014/08/01-14:30,4700,4712,4700,4710
 2014/08/01-14:45,4710,4711,4707,4709
 2014/08/01-15:00,4709,4710,4703,4707
 2014/08/04-09:15,4715,4719,4707,4719
 2014/08/04-09:30,4718,4723,4717,4721
 2014/08/04-09:45,4723,4724,4718,4718
 2014/08/04-10:00,4718,4722,4716,4722
 2014/08/04-10:15,4722,4737,4721,4733
 2014/08/04-10:45,4734,4745,4732,4735
 2014/08/04-11:00,4735,4736,4729,4732
 2014/08/04-11:15,4733,4736,4732,4735
 2014/08/04-11:30,4736,4737,4731,4737
 2014/08/04-13:45,4736,4740,4729,4731
 2014/08/04-14:00,4731,4741,4730,4740
 2014/08/04-14:15,4741,4750,4738,4744
 2014/08/04-14:30,4744,4749,4743,4743
 2014/08/04-14:45,4744,4758,4742,4757
 2014/08/04-15:00,4757,4761,4754,4758
 2014/08/05-09:15,4717,4727,4713,4722
 2014/08/05-09:30,4722,4722,4711,4713
 2014/08/05-09:45,4712,4713,4705,4711
 2014/08/05-10:00,4711,4715,4707,4711
 2014/08/05-10:15,4711,4712,4701,4703
 2014/08/05-10:45,4703,4713,4702,4713
 2014/08/05-11:00,4713,4718,4708,4711
 2014/08/05-11:15,4710,4713,4709,4709
 2014/08/05-11:30,4710,4711,4706,4710
 2014/08/05-13:45,4710,4712,4706,4708
 2014/08/05-14:00,4707,4709,4705,4708
 2014/08/05-14:15,4708,4711,4705,4708
 2014/08/05-14:30,4708,4710,4706,4709
 2014/08/05-14:45,4708,4715,4708,4712
 2014/08/05-15:00,4712,4714,4703,4706
 2014/08/06-09:15,4680,4688,4665,4674
 2014/08/06-09:30,4674,4678,4666,4671
 2014/08/06-09:45,4670,4673,4668,4672
 2014/08/06-10:00,4672,4677,4671,4673
 2014/08/06-10:15,4673,4685,4672,4678
 2014/08/06-10:45,4678,4694,4677,4689
 2014/08/06-11:00,4690,4697,4686,4691
 2014/08/06-11:15,4691,4692,4686,4687
 2014/08/06-11:30,4687,4693,4686,4692
 2014/08/06-13:45,4692,4693,4682,4688
 2014/08/06-14:00,4688,4695,4688,4694
 2014/08/06-14:15,4693,4694,4688,4690
 2014/08/06-14:30,4690,4693,4687,4693
 2014/08/06-14:45,4692,4694,4689,4690
 2014/08/06-15:00,4689,4693,4684,4685
 2014/08/07-09:15,4710,4716,4706,4711
 2014/08/07-09:30,4712,4723,4711,4718
 2014/08/07-09:45,4718,4723,4717,4718
 2014/08/07-10:00,4718,4721,4717,4720
 2014/08/07-10:15,4720,4726,4719,4723
 2014/08/07-10:45,4723,4724,4708,4712
 2014/08/07-11:00,4712,4715,4709,4709
 2014/08/07-11:15,4710,4712,4704,4710
 2014/08/07-11:30,4710,4712,4706,4708
 2014/08/07-13:45,4708,4710,4706,4710
 2014/08/07-14:00,4710,4714,4708,4709
 2014/08/07-14:15,4709,4710,4706,4710
 2014/08/07-14:30,4710,4711,4704,4704
 2014/08/07-14:45,4705,4707,4699,4705
 2014/08/07-15:00,4705,4705,4698,4699
 2014/08/08-09:15,4660,4675,4660,4665
 2014/08/08-09:30,4665,4670,4665,4669
 2014/08/08-09:45,4670,4678,4668,4674
 2014/08/08-10:00,4673,4685,4672,4679
 2014/08/08-10:15,4679,4680,4675,4675
 2014/08/08-10:45,4675,4677,4671,4671
 2014/08/08-11:00,4671,4675,4669,4672
 2014/08/08-11:15,4671,4674,4670,4672
 2014/08/08-11:30,4672,4673,4670,4670
 2014/08/08-13:45,4670,4672,4666,4667
 2014/08/08-14:00,4667,4670,4665,4669
 2014/08/08-14:15,4670,4670,4668,4669
 2014/08/08-14:30,4670,4671,4667,4669
 2014/08/08-14:45,4668,4670,4667,4667
 2014/08/08-15:00,4667,4673,4666,4667
 2014/08/11-09:15,4680,4685,4674,4679
 2014/08/11-09:30,4679,4680,4666,4669
 2014/08/11-09:45,4669,4669,4657,4666
 2014/08/11-10:00,4666,4668,4664,4666
 2014/08/11-10:15,4666,4668,4663,4667
 2014/08/11-10:45,4666,4668,4664,4667
 2014/08/11-11:00,4667,4667,4660,4660
 2014/08/11-11:15,4661,4666,4660,4663
 2014/08/11-11:30,4664,4666,4663,4664
 2014/08/11-13:45,4664,4665,4662,4664
 2014/08/11-14:00,4664,4666,4663,4664
 2014/08/11-14:15,4664,4665,4652,4655
 2014/08/11-14:30,4654,4658,4654,4656
 2014/08/11-14:45,4656,4658,4649,4649
 2014/08/11-15:00,4649,4656,4646,4651
 2014/08/12-09:15,4660,4662,4629,4634
 2014/08/12-09:30,4634,4662,4632,4656
 2014/08/12-09:45,4657,4665,4654,4662
 2014/08/12-10:00,4662,4665,4657,4662
 2014/08/12-10:15,4663,4666,4658,4659
 2014/08/12-10:45,4659,4660,4656,4658
 2014/08/12-11:00,4657,4659,4644,4647
 2014/08/12-11:15,4647,4652,4644,4650
 2014/08/12-11:30,4650,4651,4643,4643
 2014/08/12-13:45,4645,4645,4633,4634
 2014/08/12-14:00,4634,4635,4624,4624
 2014/08/12-14:15,4624,4626,4618,4625
 2014/08/12-14:30,4624,4627,4621,4624
 2014/08/12-14:45,4624,4624,4603,4605
 2014/08/12-15:00,4605,4621,4599,4618
 2014/08/13-09:15,4594,4601,4586,4596
 2014/08/13-09:30,4596,4599,4593,4597
 2014/08/13-09:45,4597,4599,4583,4591
 2014/08/13-10:00,4592,4592,4581,4587
 2014/08/13-10:15,4587,4591,4570,4572
 2014/08/13-10:45,4572,4577,4568,4576
 2014/08/13-11:00,4576,4584,4575,4580
 2014/08/13-11:15,4580,4582,4568,4571
 2014/08/13-11:30,4570,4573,4562,4567
 2014/08/13-13:45,4566,4569,4561,4567
 2014/08/13-14:00,4567,4569,4563,4564
 2014/08/13-14:15,4565,4570,4564,4565
 2014/08/13-14:30,4565,4568,4564,4568
 2014/08/13-14:45,4569,4570,4563,4566
 2014/08/13-15:00,4566,4567,4560,4560
 2014/08/14-09:15,4550,4567,4545,4566
 2014/08/14-09:30,4566,4567,4552,4559
 2014/08/14-09:45,4559,4565,4555,4556
 2014/08/14-10:00,4556,4559,4554,4555
 2014/08/14-10:15,4555,4556,4535,4539
 2014/08/14-10:45,4539,4542,4527,4532
 2014/08/14-11:00,4532,4550,4526,4544
 2014/08/14-11:15,4544,4558,4543,4548
 2014/08/14-11:30,4549,4553,4543,4551
 2014/08/14-13:45,4551,4560,4551,4559
 2014/08/14-14:00,4559,4560,4553,4555
 2014/08/14-14:15,4555,4566,4552,4562
 2014/08/14-14:30,4562,4568,4553,4556
 2014/08/14-14:45,4557,4572,4556,4571
 2014/08/14-15:00,4570,4571,4558,4562
 2014/08/15-09:15,4550,4566,4550,4561
 2014/08/15-09:30,4560,4561,4535,4537
 2014/08/15-09:45,4537,4537,4507,4532
 2014/08/15-10:00,4533,4533,4518,4518
 2014/08/15-10:15,4518,4529,4517,4524
 2014/08/15-10:45,4525,4531,4521,4525
 2014/08/15-11:00,4524,4549,4524,4549
 2014/08/15-11:15,4547,4563,4543,4555
 2014/08/15-11:30,4555,4558,4546,4554
 2014/08/15-13:45,4554,4563,4548,4563
 2014/08/15-14:00,4562,4568,4557,4562
 2014/08/15-14:15,4562,4562,4555,4555
 2014/08/15-14:30,4556,4558,4542,4544
 2014/08/15-14:45,4544,4545,4535,4542
 2014/08/15-15:00,4541,4550,4540,4544
 2014/08/18-09:15,4543,4544,4532,4534
 2014/08/18-09:30,4534,4553,4531,4550
 2014/08/18-09:45,4550,4555,4546,4552
 2014/08/18-10:00,4552,4557,4548,4551
 2014/08/18-10:15,4552,4562,4546,4555
 2014/08/18-10:45,4555,4555,4548,4550
 2014/08/18-11:00,4549,4551,4533,4538
 2014/08/18-11:15,4537,4540,4534,4536
 2014/08/18-11:30,4536,4547,4535,4545
 2014/08/18-13:45,4545,4553,4545,4550
 2014/08/18-14:00,4550,4554,4550,4552
 2014/08/18-14:15,4552,4553,4550,4552
 2014/08/18-14:30,4552,4553,4550,4552
 2014/08/18-14:45,4553,4562,4546,4559
 2014/08/18-15:00,4559,4560,4549,4554
 2014/08/19-09:15,4526,4526,4501,4503
 2014/08/19-09:30,4502,4509,4499,4506
 2014/08/19-09:45,4505,4507,4490,4492
 2014/08/19-10:00,4491,4495,4484,4488
 2014/08/19-10:15,4487,4491,4484,4489
 2014/08/19-10:45,4489,4490,4482,4486
 2014/08/19-11:00,4486,4489,4484,4486
 2014/08/19-11:15,4484,4487,4481,4484
 2014/08/19-11:30,4484,4485,4477,4481
 2014/08/19-13:45,4481,4481,4471,4472
 2014/08/19-14:00,4472,4477,4472,4473
 2014/08/19-14:15,4473,4488,4471,4485
 2014/08/19-14:30,4486,4487,4477,4478
 2014/08/19-14:45,4477,4482,4476,4479
 2014/08/19-15:00,4479,4489,4478,4489
 2014/08/20-09:15,4465,4471,4456,4469
 2014/08/20-09:30,4468,4470,4452,4457
 2014/08/20-09:45,4457,4461,4452,4453
 2014/08/20-10:00,4453,4459,4451,4456
 2014/08/20-10:15,4456,4456,4442,4447
 2014/08/20-10:45,4446,4447,4442,4446
 2014/08/20-11:00,4446,4454,4441,4443
 2014/08/20-11:15,4443,4449,4442,4445
 2014/08/20-11:30,4444,4445,4437,4437
 2014/08/20-13:45,4437,4439,4432,4434
 2014/08/20-14:00,4434,4443,4431,4441
 2014/08/20-14:15,4441,4442,4435,4436
 2014/08/20-14:30,4436,4437,4430,4432
 2014/08/20-14:45,4432,4435,4430,4433
 2014/08/20-15:00,4433,4435,4430,4432
 2014/08/21-09:15,4466,4496,4466,4484
 2014/08/21-09:30,4484,4485,4463,4467
 2014/08/21-09:45,4468,4471,4463,4468
 2014/08/21-10:00,4468,4468,4451,4452
 2014/08/21-10:15,4452,4453,4443,4452
 2014/08/21-10:45,4452,4452,4446,4452
 2014/08/21-11:00,4452,4453,4449,4450
 2014/08/21-11:15,4450,4450,4441,4441
 2014/08/21-11:30,4441,4443,4437,4440
 2014/08/21-13:45,4440,4455,4438,4454
 2014/08/21-14:00,4454,4458,4448,4458
 2014/08/21-14:15,4458,4463,4449,4453
 2014/08/21-14:30,4453,4457,4451,4451
 2014/08/21-14:45,4452,4456,4448,4453
 2014/08/21-15:00,4453,4459,4450,4453
 2014/08/22-09:15,4490,4506,4478,4503
 2014/08/22-09:30,4503,4510,4496,4510
 2014/08/22-09:45,4510,4515,4506,4508
 2014/08/22-10:00,4507,4521,4506,4521
 2014/08/22-10:15,4521,4528,4517,4525
 2014/08/22-10:45,4526,4528,4517,4520
 2014/08/22-11:00,4520,4523,4518,4523
 2014/08/22-11:15,4522,4522,4517,4518
 2014/08/22-11:30,4518,4518,4500,4501
 2014/08/22-13:45,4500,4507,4495,4496
 2014/08/22-14:00,4496,4505,4490,4500
 2014/08/22-14:15,4500,4504,4497,4499
 2014/08/22-14:30,4498,4502,4494,4500
 2014/08/22-14:45,4499,4504,4497,4501
 2014/08/22-15:00,4500,4518,4500,4516
 2014/08/25-09:15,4461,4467,4449,4452
 2014/08/25-09:30,4453,4457,4451,4451
 2014/08/25-09:45,4451,4464,4448,4460
 2014/08/25-10:00,4460,4461,4455,4457
 2014/08/25-10:15,4457,4458,4451,4454
 2014/08/25-10:45,4454,4454,4442,4448
 2014/08/25-11:00,4448,4449,4446,4447
 2014/08/25-11:15,4447,4449,4444,4445
 2014/08/25-11:30,4445,4446,4438,4438
 2014/08/25-13:45,4439,4440,4428,4433
 2014/08/25-14:00,4433,4438,4431,4432
 2014/08/25-14:15,4432,4445,4431,4436
 2014/08/25-14:30,4436,4439,4432,4437
 2014/08/25-14:45,4437,4448,4435,4446
 2014/08/25-15:00,4446,4458,4444,4455
 2014/08/26-09:15,4424,4427,4414,4419
 2014/08/26-09:30,4420,4434,4417,4432
 2014/08/26-09:45,4432,4434,4428,4434
 2014/08/26-10:00,4434,4449,4433,4440
 2014/08/26-10:15,4440,4442,4437,4440
 2014/08/26-10:45,4440,4445,4434,4436
 2014/08/26-11:00,4437,4446,4436,4441
 2014/08/26-11:15,4441,4448,4439,4443
 2014/08/26-11:30,4443,4445,4432,4434
 2014/08/26-13:45,4434,4440,4433,4436
 2014/08/26-14:00,4435,4442,4434,4441
 2014/08/26-14:15,4439,4443,4439,4440
 2014/08/26-14:30,4439,4444,4438,4440
 2014/08/26-14:45,4440,4452,4439,4449
 2014/08/26-15:00,4450,4452,4446,4450
 2014/08/27-09:15,4478,4516,4478,4496
 2014/08/27-09:30,4496,4496,4485,4490
 2014/08/27-09:45,4491,4492,4487,4491
 2014/08/27-10:00,4490,4494,4487,4493
 2014/08/27-10:15,4492,4494,4489,4490
 2014/08/27-10:45,4490,4493,4489,4492
 2014/08/27-11:00,4492,4507,4491,4505
 2014/08/27-11:15,4505,4513,4504,4512
 2014/08/27-11:30,4513,4513,4498,4502
 2014/08/27-13:45,4502,4503,4496,4498
 2014/08/27-14:00,4498,4500,4492,4495
 2014/08/27-14:15,4494,4496,4484,4491
 2014/08/27-14:30,4491,4495,4487,4494
 2014/08/27-14:45,4494,4505,4493,4503
 2014/08/27-15:00,4502,4508,4497,4501
 2014/08/28-09:15,4470,4476,4461,4474
 2014/08/28-09:30,4474,4484,4472,4479
 2014/08/28-09:45,4480,4482,4464,4467
 2014/08/28-10:00,4467,4475,4467,4468
 2014/08/28-10:15,4468,4468,4464,4466
 2014/08/28-10:45,4467,4472,4465,4472
 2014/08/28-11:00,4472,4473,4465,4466
 2014/08/28-11:15,4466,4470,4465,4468
 2014/08/28-11:30,4467,4467,4458,4459
 2014/08/28-13:45,4459,4460,4452,4453
 2014/08/28-14:00,4453,4463,4453,4460
 2014/08/28-14:15,4460,4464,4459,4461
 2014/08/28-14:30,4461,4463,4458,4460
 2014/08/28-14:45,4461,4472,4460,4469
 2014/08/28-15:00,4470,4470,4461,4465
 2014/08/29-09:15,4472,4482,4465,4477
 2014/08/29-09:30,4477,4478,4465,4470
 2014/08/29-09:45,4469,4470,4465,4469
 2014/08/29-10:00,4469,4471,4466,4466
 2014/08/29-10:15,4466,4466,4460,4464
 2014/08/29-10:45,4464,4468,4463,4466
 2014/08/29-11:00,4467,4467,4463,4464
 2014/08/29-11:15,4464,4466,4463,4464
 2014/08/29-11:30,4464,4466,4453,4453
 2014/08/29-13:45,4454,4454,4441,4446
 2014/08/29-14:00,4447,4452,4441,4447
 2014/08/29-14:15,4447,4465,4447,4461
 2014/08/29-14:30,4461,4522,4460,4518
 2014/08/29-14:45,4517,4555,4505,4537
 2014/08/29-15:00,4538,4552,4535,4546
 2014/09/01-09:15,4533,4539,4516,4523
 2014/09/01-09:30,4523,4543,4522,4527
 2014/09/01-09:45,4527,4537,4524,4534
 2014/09/01-10:00,4532,4548,4531,4534
 2014/09/01-10:15,4533,4544,4532,4539
 2014/09/01-10:45,4539,4553,4537,4552
 2014/09/01-11:00,4551,4554,4544,4546
 2014/09/01-11:15,4546,4547,4536,4546
 2014/09/01-11:30,4546,4547,4542,4544
 2014/09/01-13:45,4544,4547,4529,4533
 2014/09/01-14:00,4533,4539,4530,4535
 2014/09/01-14:15,4536,4538,4527,4535
 2014/09/01-14:30,4535,4578,4531,4570
 2014/09/01-14:45,4571,4598,4560,4596
 2014/09/01-15:00,4595,4612,4583,4594
 2014/09/02-09:15,4594,4596,4577,4577
 2014/09/02-09:30,4577,4585,4574,4584
 2014/09/02-09:45,4585,4594,4577,4580
 2014/09/02-10:00,4580,4581,4574,4578
 2014/09/02-10:15,4578,4590,4577,4579
 2014/09/02-10:45,4579,4584,4570,4576
 2014/09/02-11:00,4576,4579,4575,4576
 2014/09/02-11:15,4576,4584,4576,4581
 2014/09/02-11:30,4582,4585,4577,4581
 2014/09/02-13:45,4582,4589,4580,4585
 2014/09/02-14:00,4584,4585,4576,4579
 2014/09/02-14:15,4582,4599,4578,4585
 2014/09/02-14:30,4585,4595,4582,4585
 2014/09/02-14:45,4586,4592,4582,4583
 2014/09/02-15:00,4583,4592,4581,4590
 2014/09/03-09:15,4607,4617,4581,4584
 2014/09/03-09:30,4585,4585,4568,4577
 2014/09/03-09:45,4577,4584,4575,4576
 2014/09/03-10:00,4575,4580,4574,4579
 2014/09/03-10:15,4578,4582,4573,4576
 2014/09/03-10:45,4576,4577,4566,4573
 2014/09/03-11:00,4572,4576,4569,4570
 2014/09/03-11:15,4570,4583,4557,4581
 2014/09/03-11:30,4581,4586,4568,4573
 2014/09/03-13:45,4572,4576,4569,4573
 2014/09/03-14:00,4572,4578,4562,4564
 2014/09/03-14:15,4565,4573,4564,4572
 2014/09/03-14:30,4573,4573,4566,4568
 2014/09/03-14:45,4568,4575,4566,4571
 2014/09/03-15:00,4571,4572,4554,4558
 2014/09/04-09:15,4541,4556,4535,4540
 2014/09/04-09:30,4539,4550,4539,4543
 2014/09/04-09:45,4543,4549,4543,4544
 2014/09/04-10:00,4544,4560,4542,4552
 2014/09/04-10:15,4554,4555,4544,4545
 2014/09/04-10:45,4545,4552,4543,4549
 2014/09/04-11:00,4548,4548,4540,4541
 2014/09/04-11:15,4541,4543,4527,4529
 2014/09/04-11:30,4530,4539,4526,4531
 2014/09/04-13:45,4531,4532,4523,4528
 2014/09/04-14:00,4527,4535,4521,4533
 2014/09/04-14:15,4532,4534,4524,4525
 2014/09/04-14:30,4526,4533,4525,4531
 2014/09/04-14:45,4531,4537,4527,4537
 2014/09/04-15:00,4536,4541,4522,4528
 2014/09/05-09:15,4476,4483,4451,4463
 2014/09/05-09:30,4463,4466,4457,4462
 2014/09/05-09:45,4461,4463,4459,4460
 2014/09/05-10:00,4461,4461,4454,4454
 2014/09/05-10:15,4454,4460,4450,4452
 2014/09/05-10:45,4452,4458,4448,4453
 2014/09/05-11:00,4453,4456,4433,4441
 2014/09/05-11:15,4441,4454,4436,4442
 2014/09/05-11:30,4442,4505,4441,4469
 2014/09/05-13:45,4469,4470,4461,4465
 2014/09/05-14:00,4464,4474,4464,4466
 2014/09/05-14:15,4465,4469,4462,4463
 2014/09/05-14:30,4463,4466,4461,4464
 2014/09/05-14:45,4464,4475,4463,4469
 2014/09/05-15:00,4470,4473,4467,4473
 2014/09/09-09:15,4456,4461,4444,4448
 2014/09/09-09:30,4448,4459,4447,4455
 2014/09/09-09:45,4456,4466,4454,4463
 2014/09/09-10:00,4463,4468,4461,4465
 2014/09/09-10:15,4464,4507,4463,4501
 2014/09/09-10:45,4500,4504,4483,4483
 2014/09/09-11:00,4484,4490,4483,4489
 2014/09/09-11:15,4489,4489,4475,4482
 2014/09/09-11:30,4483,4492,4480,4487
 2014/09/09-13:45,4488,4488,4474,4482
 2014/09/09-14:00,4482,4488,4479,4484
 2014/09/09-14:15,4484,4485,4480,4483
 2014/09/09-14:30,4484,4490,4472,4473
 2014/09/09-14:45,4474,4480,4471,4478
 2014/09/09-15:00,4477,4486,4475,4481
 2014/09/10-09:15,4466,4475,4453,4464
 2014/09/10-09:30,4465,4470,4454,4463
 2014/09/10-09:45,4463,4470,4462,4470
 2014/09/10-10:00,4470,4476,4460,4460
 2014/09/10-10:15,4461,4465,4437,4437
 2014/09/10-10:45,4439,4449,4438,4444
 2014/09/10-11:00,4444,4447,4417,4423
 2014/09/10-11:15,4423,4433,4421,4422
 2014/09/10-11:30,4422,4428,4415,4415
 2014/09/10-13:45,4414,4414,4384,4396
 2014/09/10-14:00,4398,4407,4395,4398
 2014/09/10-14:15,4398,4401,4396,4401
 2014/09/10-14:30,4401,4444,4399,4437
 2014/09/10-14:45,4437,4473,4431,4457
 2014/09/10-15:00,4456,4463,4431,4434
 2014/09/11-09:15,4400,4404,4384,4397
 2014/09/11-09:30,4396,4401,4380,4380
 2014/09/11-09:45,4381,4398,4380,4396
 2014/09/11-10:00,4396,4409,4393,4396
 2014/09/11-10:15,4396,4397,4386,4390
 2014/09/11-10:45,4390,4394,4386,4390
 2014/09/11-11:00,4389,4394,4385,4390
 2014/09/11-11:15,4391,4391,4382,4388
 2014/09/11-11:30,4388,4396,4377,4377
 2014/09/11-13:45,4377,4395,4371,4389
 2014/09/11-14:00,4389,4390,4384,4384
 2014/09/11-14:15,4384,4388,4378,4385
 2014/09/11-14:30,4386,4391,4379,4387
 2014/09/11-14:45,4386,4393,4382,4388
 2014/09/11-15:00,4388,4400,4385,4387
 2014/09/12-09:15,4374,4404,4368,4401
 2014/09/12-09:30,4401,4419,4393,4399
 2014/09/12-09:45,4400,4404,4397,4401
 2014/09/12-10:00,4402,4403,4395,4401
 2014/09/12-10:15,4400,4404,4399,4400
 2014/09/12-10:45,4400,4404,4397,4399
 2014/09/12-11:00,4399,4401,4393,4396
 2014/09/12-11:15,4396,4397,4389,4395
 2014/09/12-11:30,4396,4406,4394,4404
 2014/09/12-13:45,4406,4423,4403,4405
 2014/09/12-14:00,4405,4417,4405,4414
 2014/09/12-14:15,4415,4428,4413,4425
 2014/09/12-14:30,4426,4436,4425,4430
 2014/09/12-14:45,4430,4433,4423,4424
 2014/09/12-15:00,4424,4430,4415,4429
 2014/09/16-09:15,4405,4423,4398,4413
 2014/09/16-09:30,4413,4418,4406,4417
 2014/09/16-09:45,4417,4420,4409,4411
 2014/09/16-10:00,4411,4417,4410,4417
 2014/09/16-10:15,4417,4419,4399,4400
 2014/09/16-10:45,4400,4408,4396,4401
 2014/09/16-11:00,4401,4407,4400,4403
 2014/09/16-11:15,4403,4409,4399,4404
 2014/09/16-11:30,4404,4405,4398,4403
 2014/09/16-13:45,4404,4407,4400,4404
 2014/09/16-14:00,4404,4414,4401,4404
 2014/09/16-14:15,4404,4405,4380,4387
 2014/09/16-14:30,4387,4392,4380,4382
 2014/09/16-14:45,4383,4390,4382,4387
 2014/09/16-15:00,4387,4387,4366,4374
 2014/09/17-09:15,4377,4385,4365,4379
 2014/09/17-09:30,4380,4383,4371,4379
 2014/09/17-09:45,4380,4384,4374,4375
 2014/09/17-10:00,4375,4383,4374,4377
 2014/09/17-10:15,4378,4379,4372,4378
 2014/09/17-10:45,4378,4380,4374,4378
 2014/09/17-11:00,4378,4378,4366,4369
 2014/09/17-11:15,4370,4393,4362,4379
 2014/09/17-11:30,4379,4385,4378,4379
 2014/09/17-13:45,4380,4382,4374,4375
 2014/09/17-14:00,4375,4377,4371,4375
 2014/09/17-14:15,4374,4377,4372,4374
 2014/09/17-14:30,4373,4382,4373,4381
 2014/09/17-14:45,4380,4384,4377,4381
 2014/09/17-15:00,4381,4384,4374,4383
 2014/09/18-09:15,4420,4430,4408,4426
 2014/09/18-09:30,4427,4428,4413,4417
 2014/09/18-09:45,4417,4420,4411,4415
 2014/09/18-10:00,4413,4416,4404,4407
 2014/09/18-10:15,4408,4414,4406,4412
 2014/09/18-10:45,4412,4415,4409,4410
 2014/09/18-11:00,4410,4415,4409,4413
 2014/09/18-11:15,4413,4418,4407,4410
 2014/09/18-11:30,4410,4411,4398,4402
 2014/09/18-13:45,4400,4405,4397,4403
 2014/09/18-14:00,4402,4406,4400,4403
 2014/09/18-14:15,4403,4408,4401,4403
 2014/09/18-14:30,4403,4408,4401,4406
 2014/09/18-14:45,4407,4412,4404,4410
 2014/09/18-15:00,4410,4411,4399,4403
 2014/09/19-09:15,4370,4373,4322,4327
 2014/09/19-09:30,4327,4340,4327,4335
 2014/09/19-09:45,4335,4339,4333,4335
 2014/09/19-10:00,4335,4336,4328,4328
 2014/09/19-10:15,4328,4329,4312,4318
 2014/09/19-10:45,4319,4321,4315,4321
 2014/09/19-11:00,4321,4338,4320,4324
 2014/09/19-11:15,4324,4325,4315,4317
 2014/09/19-11:30,4317,4320,4309,4312
 2014/09/19-13:45,4310,4310,4294,4298
 2014/09/19-14:00,4298,4313,4298,4304
 2014/09/19-14:15,4304,4306,4297,4300
 2014/09/19-14:30,4301,4303,4291,4291
 2014/09/19-14:45,4291,4291,4281,4285
 2014/09/19-15:00,4286,4293,4280,4284
 2014/09/22-09:15,4270,4270,4218,4255
 2014/09/22-09:30,4255,4269,4241,4241
 2014/09/22-09:45,4242,4246,4238,4239
 2014/09/22-10:00,4238,4240,4224,4224
 2014/09/22-10:15,4224,4244,4220,4230
 2014/09/22-10:45,4230,4233,4221,4222
 2014/09/22-11:00,4221,4230,4219,4223
 2014/09/22-11:15,4223,4228,4210,4220
 2014/09/22-11:30,4220,4221,4213,4216
 2014/09/22-13:45,4216,4220,4164,4182
 2014/09/22-14:00,4184,4203,4166,4201
 2014/09/22-14:15,4200,4235,4183,4232
 2014/09/22-14:30,4232,4240,4224,4227
 2014/09/22-14:45,4228,4229,4224,4226
 2014/09/22-15:00,4226,4233,4224,4225
 2014/09/23-09:15,4240,4260,4236,4243
 2014/09/23-09:30,4243,4243,4229,4236
 2014/09/23-09:45,4237,4243,4231,4235
 2014/09/23-10:00,4235,4268,4235,4267
 2014/09/23-10:15,4267,4267,4244,4245
 2014/09/23-10:45,4244,4249,4241,4246
 2014/09/23-11:00,4247,4256,4244,4246
 2014/09/23-11:15,4246,4250,4244,4247
 2014/09/23-11:30,4247,4253,4246,4247
 2014/09/23-13:45,4248,4248,4229,4231
 2014/09/23-14:00,4230,4233,4218,4221
 2014/09/23-14:15,4220,4227,4219,4222
 2014/09/23-14:30,4222,4225,4213,4221
 2014/09/23-14:45,4221,4228,4220,4223
 2014/09/23-15:00,4223,4231,4221,4227
 2014/09/24-09:15,4235,4235,4221,4230
 2014/09/24-09:30,4229,4247,4227,4243
 2014/09/24-09:45,4243,4247,4237,4240
 2014/09/24-10:00,4239,4242,4237,4241
 2014/09/24-10:15,4241,4242,4231,4235
 2014/09/24-10:45,4235,4235,4226,4232
 2014/09/24-11:00,4232,4233,4225,4230
 2014/09/24-11:15,4230,4244,4230,4237
 2014/09/24-11:30,4237,4243,4232,4238
 2014/09/24-13:45,4238,4253,4235,4247
 2014/09/24-14:00,4247,4259,4243,4253
 2014/09/24-14:15,4252,4260,4249,4260
 2014/09/24-14:30,4259,4272,4256,4259
 2014/09/24-14:45,4258,4263,4257,4260
 2014/09/24-15:00,4260,4262,4250,4253
 2014/09/25-09:15,4290,4303,4286,4289
 2014/09/25-09:30,4289,4291,4286,4287
 2014/09/25-09:45,4287,4288,4274,4279
 2014/09/25-10:00,4279,4283,4276,4281
 2014/09/25-10:15,4281,4299,4280,4297
 2014/09/25-10:45,4297,4322,4295,4309
 2014/09/25-11:00,4309,4313,4305,4309
 2014/09/25-11:15,4310,4313,4302,4307
 2014/09/25-11:30,4306,4308,4302,4308
 2014/09/25-13:45,4308,4326,4306,4317
 2014/09/25-14:00,4317,4321,4312,4317
 2014/09/25-14:15,4317,4326,4316,4320
 2014/09/25-14:30,4319,4328,4316,4323
 2014/09/25-14:45,4323,4338,4320,4334
 2014/09/25-15:00,4334,4353,4329,4349
 2014/09/26-09:15,4340,4380,4339,4370
 2014/09/26-09:30,4370,4373,4361,4366
 2014/09/26-09:45,4365,4393,4357,4393
 2014/09/26-10:00,4392,4396,4376,4384
 2014/09/26-10:15,4384,4395,4382,4388
 2014/09/26-10:45,4387,4408,4386,4403
 2014/09/26-11:00,4402,4403,4382,4397
 2014/09/26-11:15,4397,4427,4394,4427
 2014/09/26-11:30,4426,4460,4421,4428
 2014/09/26-13:45,4431,4483,4430,4482
 2014/09/26-14:00,4481,4483,4474,4482
 2014/09/26-14:15,4482,4483,4481,4483
 2014/09/26-14:30,4483,4483,4483,4483
 2014/09/26-14:45,4483,4483,4483,4483
 2014/09/26-15:00,4483,4483,4483,4483
 2014/09/29-09:15,4600,4600,4535,4556
 2014/09/29-09:30,4556,4562,4540,4542
 2014/09/29-09:45,4540,4544,4517,4538
 2014/09/29-10:00,4538,4544,4527,4531
 2014/09/29-10:15,4530,4556,4529,4547
 2014/09/29-10:45,4547,4547,4533,4539
 2014/09/29-11:00,4538,4546,4533,4540
 2014/09/29-11:15,4540,4552,4539,4549
 2014/09/29-11:30,4550,4550,4531,4531
 2014/09/29-13:45,4532,4550,4530,4542
 2014/09/29-14:00,4542,4563,4539,4543
 2014/09/29-14:15,4544,4555,4540,4554
 2014/09/29-14:30,4554,4595,4548,4595
 2014/09/29-14:45,4594,4597,4569,4589
 2014/09/29-15:00,4589,4648,4585,4638
 2014/09/30-09:15,4638,4638,4588,4610
 2014/09/30-09:30,4609,4620,4594,4605
 2014/09/30-09:45,4605,4614,4593,4600
 2014/09/30-10:00,4600,4609,4599,4607
 2014/09/30-10:15,4607,4618,4605,4615
 2014/09/30-10:45,4614,4642,4614,4620
 2014/09/30-11:00,4619,4644,4616,4641
 2014/09/30-11:15,4641,4646,4627,4637
 2014/09/30-11:30,4637,4649,4630,4649
 2014/09/30-13:45,4649,4649,4631,4635
 2014/09/30-14:00,4635,4637,4626,4629
 2014/09/30-14:15,4629,4635,4615,4632
 2014/09/30-14:30,4632,4635,4624,4628
 2014/09/30-14:45,4629,4643,4627,4633
 2014/09/30-15:00,4633,4643,4631,4637
 2014/10/08-09:15,4655,4691,4643,4650
 2014/10/08-09:30,4650,4652,4616,4624
 2014/10/08-09:45,4624,4626,4592,4600
 2014/10/08-10:00,4599,4601,4563,4565
 2014/10/08-10:15,4565,4578,4562,4569
 2014/10/08-10:45,4569,4572,4543,4552
 2014/10/08-11:00,4552,4571,4543,4562
 2014/10/08-11:15,4563,4572,4561,4564
 2014/10/08-11:30,4564,4574,4558,4568
 2014/10/08-13:45,4568,4570,4558,4570
 2014/10/08-14:00,4571,4588,4568,4576
 2014/10/08-14:15,4576,4582,4566,4573
 2014/10/08-14:30,4572,4576,4570,4576
 2014/10/08-14:45,4575,4576,4568,4575
 2014/10/08-15:00,4575,4583,4569,4572
 2014/10/09-09:15,4575,4577,4549,4554
 2014/10/09-09:30,4554,4558,4532,4532
 2014/10/09-09:45,4532,4540,4529,4535
 2014/10/09-10:00,4536,4541,4528,4534
 2014/10/09-10:15,4534,4539,4529,4533
 2014/10/09-10:45,4534,4558,4532,4550
 2014/10/09-11:00,4550,4551,4506,4518
 2014/10/09-11:15,4519,4526,4515,4520
 2014/10/09-11:30,4519,4524,4514,4517
 2014/10/09-13:45,4518,4544,4517,4538
 2014/10/09-14:00,4538,4547,4526,4541
 2014/10/09-14:15,4541,4543,4531,4539
 2014/10/09-14:30,4538,4558,4534,4545
 2014/10/09-14:45,4545,4555,4544,4553
 2014/10/09-15:00,4553,4555,4544,4553
 2014/10/10-09:15,4508,4518,4490,4505
 2014/10/10-09:30,4505,4517,4503,4510
 2014/10/10-09:45,4510,4516,4507,4510
 2014/10/10-10:00,4510,4511,4497,4499
 2014/10/10-10:15,4498,4513,4497,4513
 2014/10/10-10:45,4512,4515,4508,4511
 2014/10/10-11:00,4511,4526,4509,4517
 2014/10/10-11:15,4516,4522,4515,4521
 2014/10/10-11:30,4521,4521,4505,4507
 2014/10/10-13:45,4508,4509,4498,4504
 2014/10/10-14:00,4505,4506,4493,4493
 2014/10/10-14:15,4494,4494,4482,4489
 2014/10/10-14:30,4489,4494,4483,4483
 2014/10/10-14:45,4485,4491,4484,4488
 2014/10/10-15:00,4487,4498,4480,4486
 2014/10/13-09:15,4479,4522,4466,4512
 2014/10/13-09:30,4512,4542,4510,4529
 2014/10/13-09:45,4530,4533,4523,4524
 2014/10/13-10:00,4524,4526,4513,4518
 2014/10/13-10:15,4518,4526,4511,4515
 2014/10/13-10:45,4514,4515,4508,4509
 2014/10/13-11:00,4509,4518,4501,4514
 2014/10/13-11:15,4513,4519,4511,4517
 2014/10/13-11:30,4517,4529,4517,4520
 2014/10/13-13:45,4520,4522,4512,4521
 2014/10/13-14:00,4520,4539,4518,4539
 2014/10/13-14:15,4538,4545,4531,4536
 2014/10/13-14:30,4536,4540,4511,4521
 2014/10/13-14:45,4521,4528,4515,4525
 2014/10/13-15:00,4524,4538,4524,4533
 2014/10/14-09:15,4545,4545,4521,4523
 2014/10/14-09:30,4523,4524,4507,4510
 2014/10/14-09:45,4509,4529,4507,4523
 2014/10/14-10:00,4523,4526,4514,4516
 2014/10/14-10:15,4517,4534,4515,4529
 2014/10/14-10:45,4529,4531,4519,4530
 2014/10/14-11:00,4529,4531,4515,4520
 2014/10/14-11:15,4520,4525,4519,4520
 2014/10/14-11:30,4521,4532,4519,4523
 2014/10/14-13:45,4522,4540,4522,4529
 2014/10/14-14:00,4528,4531,4524,4529
 2014/10/14-14:15,4528,4530,4525,4529
 2014/10/14-14:30,4529,4533,4527,4528
 2014/10/14-14:45,4528,4552,4528,4548
 2014/10/14-15:00,4548,4556,4536,4547
 2014/10/15-09:15,4550,4563,4540,4561
 2014/10/15-09:30,4561,4599,4560,4587
 2014/10/15-09:45,4586,4594,4576,4590
 2014/10/15-10:00,4590,4591,4579,4590
 2014/10/15-10:15,4589,4593,4582,4592
 2014/10/15-10:45,4593,4621,4587,4618
 2014/10/15-11:00,4618,4633,4607,4626
 2014/10/15-11:15,4626,4682,4624,4655
 2014/10/15-11:30,4654,4670,4648,4656
 2014/10/15-13:45,4655,4665,4643,4659
 2014/10/15-14:00,4659,4676,4658,4674
 2014/10/15-14:15,4674,4685,4652,4659
 2014/10/15-14:30,4659,4670,4657,4667
 2014/10/15-14:45,4666,4672,4660,4667
 2014/10/15-15:00,4667,4672,4656,4657
 2014/10/16-09:15,4607,4615,4591,4595
 2014/10/16-09:30,4596,4612,4594,4612
 2014/10/16-09:45,4613,4614,4597,4610
 2014/10/16-10:00,4609,4617,4605,4614
 2014/10/16-10:15,4614,4622,4609,4615
 2014/10/16-10:45,4616,4619,4606,4609
 2014/10/16-11:00,4610,4617,4609,4612
 2014/10/16-11:15,4612,4615,4608,4610
 2014/10/16-11:30,4611,4617,4611,4616
 2014/10/16-13:45,4616,4630,4615,4619
 2014/10/16-14:00,4618,4626,4613,4626
 2014/10/16-14:15,4626,4627,4619,4623
 2014/10/16-14:30,4622,4626,4617,4622
 2014/10/16-14:45,4623,4626,4621,4624
 2014/10/16-15:00,4623,4626,4614,4624
 2014/10/17-09:15,4650,4657,4630,4635
 2014/10/17-09:30,4636,4640,4633,4636
 2014/10/17-09:45,4636,4652,4634,4645
 2014/10/17-10:00,4645,4655,4635,4641
 2014/10/17-10:15,4641,4644,4600,4600
 2014/10/17-10:45,4601,4605,4583,4583
 2014/10/17-11:00,4584,4590,4571,4586
 2014/10/17-11:15,4586,4596,4581,4588
 2014/10/17-11:30,4589,4592,4582,4587
 2014/10/17-13:45,4587,4590,4553,4557
 2014/10/17-14:00,4557,4565,4542,4545
 2014/10/17-14:15,4545,4574,4544,4569
 2014/10/17-14:30,4569,4571,4554,4567
 2014/10/17-14:45,4567,4569,4560,4565
 2014/10/17-15:00,4565,4568,4562,4567
 2014/10/20-09:15,4569,4585,4557,4570
 2014/10/20-09:30,4570,4581,4566,4571
 2014/10/20-09:45,4571,4580,4568,4574
 2014/10/20-10:00,4574,4578,4566,4572
 2014/10/20-10:15,4572,4583,4570,4582
 2014/10/20-10:45,4583,4583,4574,4578
 2014/10/20-11:00,4579,4583,4575,4578
 2014/10/20-11:15,4578,4582,4565,4568
 2014/10/20-11:30,4568,4576,4565,4576
 2014/10/20-13:45,4576,4595,4575,4585
 2014/10/20-14:00,4585,4587,4581,4586
 2014/10/20-14:15,4586,4591,4584,4587
 2014/10/20-14:30,4588,4590,4583,4590
 2014/10/20-14:45,4589,4592,4587,4589
 2014/10/20-15:00,4589,4614,4589,4609
 2014/10/21-09:15,4609,4618,4604,4608
 2014/10/21-09:30,4608,4608,4593,4603
 2014/10/21-09:45,4603,4604,4588,4591
 2014/10/21-10:00,4592,4602,4591,4600
 2014/10/21-10:15,4600,4622,4593,4620
 2014/10/21-10:45,4620,4635,4618,4631
 2014/10/21-11:00,4630,4663,4629,4663
 2014/10/21-11:15,4664,4666,4651,4665
 2014/10/21-11:30,4663,4675,4661,4668
 2014/10/21-13:45,4666,4680,4655,4663
 2014/10/21-14:00,4662,4670,4656,4667
 2014/10/21-14:15,4667,4674,4663,4665
 2014/10/21-14:30,4665,4670,4661,4668
 2014/10/21-14:45,4668,4673,4661,4663
 2014/10/21-15:00,4663,4666,4626,4634
 2014/10/22-09:15,4615,4622,4602,4619
 2014/10/22-09:30,4619,4633,4618,4628
 2014/10/22-09:45,4627,4631,4612,4613
 2014/10/22-10:00,4613,4626,4613,4622
 2014/10/22-10:15,4622,4626,4616,4620
 2014/10/22-10:45,4621,4632,4619,4629
 2014/10/22-11:00,4628,4663,4625,4660
 2014/10/22-11:15,4660,4689,4656,4689
 2014/10/22-11:30,4689,4707,4676,4678
 2014/10/22-13:45,4678,4681,4667,4678
 2014/10/22-14:00,4678,4679,4627,4636
 2014/10/22-14:15,4636,4646,4632,4641
 2014/10/22-14:30,4641,4658,4641,4657
 2014/10/22-14:45,4657,4659,4641,4658
 2014/10/22-15:00,4658,4685,4655,4685
 2014/10/23-09:15,4677,4694,4661,4673
 2014/10/23-09:30,4672,4688,4667,4676
 2014/10/23-09:45,4677,4686,4669,4672
 2014/10/23-10:00,4672,4687,4662,4684
 2014/10/23-10:15,4684,4718,4681,4715
 2014/10/23-10:45,4716,4734,4682,4698
 2014/10/23-11:00,4698,4703,4693,4702
 2014/10/23-11:15,4702,4706,4692,4696
 2014/10/23-11:30,4696,4708,4695,4696
 2014/10/23-13:45,4695,4705,4685,4702
 2014/10/23-14:00,4701,4707,4700,4703
 2014/10/23-14:15,4703,4714,4700,4709
 2014/10/23-14:30,4710,4720,4701,4702
 2014/10/23-14:45,4702,4718,4697,4710
 2014/10/23-15:00,4711,4718,4704,4718
 2014/10/24-09:15,4677,4683,4665,4680
 2014/10/24-09:30,4680,4682,4668,4676
 2014/10/24-09:45,4676,4684,4673,4677
 2014/10/24-10:00,4678,4683,4674,4679
 2014/10/24-10:15,4679,4679,4668,4671
 2014/10/24-10:45,4671,4693,4654,4691
 2014/10/24-11:00,4691,4691,4681,4687
 2014/10/24-11:15,4686,4687,4666,4671
 2014/10/24-11:30,4671,4684,4669,4684
 2014/10/24-13:45,4683,4683,4672,4673
 2014/10/24-14:00,4673,4682,4670,4679
 2014/10/24-14:15,4678,4688,4678,4683
 2014/10/24-14:30,4683,4684,4676,4681
 2014/10/24-14:45,4681,4687,4667,4673
 2014/10/24-15:00,4673,4690,4671,4688
 2014/10/27-09:15,4688,4718,4688,4696
 2014/10/27-09:30,4696,4696,4638,4646
 2014/10/27-09:45,4646,4661,4643,4659
 2014/10/27-10:00,4658,4661,4651,4651
 2014/10/27-10:15,4652,4658,4650,4654
 2014/10/27-10:45,4653,4664,4650,4658
 2014/10/27-11:00,4658,4664,4654,4656
 2014/10/27-11:15,4657,4662,4652,4656
 2014/10/27-11:30,4656,4658,4631,4637
 2014/10/27-13:45,4636,4646,4635,4636
 2014/10/27-14:00,4637,4647,4636,4646
 2014/10/27-14:15,4647,4647,4639,4643
 2014/10/27-14:30,4644,4647,4639,4642
 2014/10/27-14:45,4642,4644,4634,4635
 2014/10/27-15:00,4635,4643,4633,4640
 2014/10/28-09:15,4618,4629,4605,4623
 2014/10/28-09:30,4622,4641,4619,4641
 2014/10/28-09:45,4641,4646,4634,4639
 2014/10/28-10:00,4638,4640,4626,4631
 2014/10/28-10:15,4630,4640,4627,4637
 2014/10/28-10:45,4637,4642,4631,4642
 2014/10/28-11:00,4642,4643,4633,4637
 2014/10/28-11:15,4637,4640,4631,4634
 2014/10/28-11:30,4634,4637,4631,4631
 2014/10/28-13:45,4631,4633,4598,4601
 2014/10/28-14:00,4599,4599,4578,4586
 2014/10/28-14:15,4587,4589,4579,4587
 2014/10/28-14:30,4587,4592,4584,4586
 2014/10/28-14:45,4586,4588,4577,4583
 2014/10/28-15:00,4582,4586,4573,4577
 2014/10/29-09:15,4630,4630,4577,4589
 2014/10/29-09:30,4588,4598,4588,4594
 2014/10/29-09:45,4593,4605,4587,4603
 2014/10/29-10:00,4603,4607,4595,4607
 2014/10/29-10:15,4606,4618,4604,4605
 2014/10/29-10:45,4605,4608,4600,4605
 2014/10/29-11:00,4606,4613,4602,4606
 2014/10/29-11:15,4606,4611,4601,4609
 2014/10/29-11:30,4609,4609,4604,4608
 2014/10/29-13:45,4608,4632,4604,4628
 2014/10/29-14:00,4628,4629,4618,4627
 2014/10/29-14:15,4627,4635,4623,4630
 2014/10/29-14:30,4629,4631,4616,4622
 2014/10/29-14:45,4622,4632,4620,4631
 2014/10/29-15:00,4631,4632,4622,4629
 2014/10/30-09:15,4645,4684,4635,4684
 2014/10/30-09:30,4685,4687,4661,4666
 2014/10/30-09:45,4667,4667,4631,4641
 2014/10/30-10:00,4641,4645,4633,4640
 2014/10/30-10:15,4640,4643,4633,4639
 2014/10/30-10:45,4638,4647,4630,4644
 2014/10/30-11:00,4644,4649,4638,4646
 2014/10/30-11:15,4646,4654,4642,4647
 2014/10/30-11:30,4647,4649,4640,4640
 2014/10/30-13:45,4641,4642,4637,4640
 2014/10/30-14:00,4641,4648,4638,4638
 2014/10/30-14:15,4637,4643,4636,4643
 2014/10/30-14:30,4643,4649,4639,4644
 2014/10/30-14:45,4644,4646,4641,4642
 2014/10/30-15:00,4643,4653,4635,4641
 2014/10/31-09:15,4635,4645,4624,4643
 2014/10/31-09:30,4642,4643,4635,4636
 2014/10/31-09:45,4636,4637,4616,4624
 2014/10/31-10:00,4623,4627,4614,4622
 2014/10/31-10:15,4622,4624,4608,4612
 2014/10/31-10:45,4612,4615,4605,4613
 2014/10/31-11:00,4613,4635,4612,4634
 2014/10/31-11:15,4634,4638,4625,4630
 2014/10/31-11:30,4630,4635,4626,4632
 2014/10/31-13:45,4632,4657,4632,4650
 2014/10/31-14:00,4650,4660,4647,4653
 2014/10/31-14:15,4653,4670,4647,4669
 2014/10/31-14:30,4670,4682,4658,4667
 2014/10/31-14:45,4667,4690,4664,4684
 2014/10/31-15:00,4684,4686,4666,4678
 2014/11/03-09:15,4642,4649,4602,4603
 2014/11/03-09:30,4603,4619,4603,4609
 2014/11/03-09:45,4609,4615,4605,4609
 2014/11/03-10:00,4609,4625,4591,4624
 2014/11/03-10:15,4623,4623,4611,4616
 2014/11/03-10:45,4616,4625,4611,4616
 2014/11/03-11:00,4615,4616,4604,4604
 2014/11/03-11:15,4604,4611,4601,4604
 2014/11/03-11:30,4603,4613,4603,4606
 2014/11/03-13:45,4606,4611,4602,4603
 2014/11/03-14:00,4603,4610,4597,4601
 2014/11/03-14:15,4601,4605,4589,4595
 2014/11/03-14:30,4595,4603,4589,4592
 2014/11/03-14:45,4592,4605,4592,4604
 2014/11/03-15:00,4603,4611,4597,4611
 2014/11/04-09:15,4588,4595,4556,4561
 2014/11/04-09:30,4560,4568,4553,4562
 2014/11/04-09:45,4562,4563,4547,4550
 2014/11/04-10:00,4550,4561,4549,4555
 2014/11/04-10:15,4554,4563,4552,4556
 2014/11/04-10:45,4556,4561,4554,4556
 2014/11/04-11:00,4556,4559,4551,4551
 2014/11/04-11:15,4551,4560,4544,4554
 2014/11/04-11:30,4554,4557,4545,4552
 2014/11/04-13:45,4552,4587,4552,4579
 2014/11/04-14:00,4579,4597,4577,4586
 2014/11/04-14:15,4586,4586,4569,4574
 2014/11/04-14:30,4573,4577,4565,4573
 2014/11/04-14:45,4573,4578,4570,4573
 2014/11/04-15:00,4573,4584,4560,4562
 2014/11/05-09:15,4525,4533,4502,4523
 2014/11/05-09:30,4523,4526,4513,4517
 2014/11/05-09:45,4516,4524,4508,4521
 2014/11/05-10:00,4521,4524,4514,4514
 2014/11/05-10:15,4514,4520,4514,4519
 2014/11/05-10:45,4519,4524,4515,4522
 2014/11/05-11:00,4521,4533,4521,4526
 2014/11/05-11:15,4526,4526,4514,4518
 2014/11/05-11:30,4519,4522,4515,4518
 2014/11/05-13:45,4518,4519,4503,4506
 2014/11/05-14:00,4507,4507,4490,4497
 2014/11/05-14:15,4497,4505,4494,4495
 2014/11/05-14:30,4495,4502,4489,4492
 2014/11/05-14:45,4492,4499,4483,4486
 2014/11/05-15:00,4487,4492,4482,4490
 2014/11/06-09:15,4477,4507,4468,4503
 2014/11/06-09:30,4503,4510,4493,4507
 2014/11/06-09:45,4506,4509,4496,4503
 2014/11/06-10:00,4503,4509,4498,4504
 2014/11/06-10:15,4504,4506,4490,4491
 2014/11/06-10:45,4492,4497,4483,4489
 2014/11/06-11:00,4489,4496,4486,4487
 2014/11/06-11:15,4487,4498,4486,4497
 2014/11/06-11:30,4498,4508,4498,4500
 2014/11/06-13:45,4500,4501,4488,4491
 2014/11/06-14:00,4490,4504,4488,4498
 2014/11/06-14:15,4498,4500,4491,4493
 2014/11/06-14:30,4494,4501,4493,4499
 2014/11/06-14:45,4498,4499,4490,4496
 2014/11/06-15:00,4497,4507,4491,4507
 2014/11/07-09:15,4480,4521,4480,4512
 2014/11/07-09:30,4512,4528,4508,4522
 2014/11/07-09:45,4522,4538,4521,4530
 2014/11/07-10:00,4531,4537,4526,4535
 2014/11/07-10:15,4535,4543,4520,4526
 2014/11/07-10:45,4525,4536,4525,4532
 2014/11/07-11:00,4531,4539,4528,4537
 2014/11/07-11:15,4536,4542,4534,4541
 2014/11/07-11:30,4541,4563,4539,4563
 2014/11/07-13:45,4565,4572,4556,4561
 2014/11/07-14:00,4561,4581,4556,4575
 2014/11/07-14:15,4575,4575,4559,4566
 2014/11/07-14:30,4566,4579,4566,4574
 2014/11/07-14:45,4574,4611,4567,4601
 2014/11/07-15:00,4601,4653,4594,4651
 2014/11/10-09:15,4720,4733,4693,4706
 2014/11/10-09:30,4705,4710,4693,4695
 2014/11/10-09:45,4696,4696,4673,4694
 2014/11/10-10:00,4694,4703,4693,4702
 2014/11/10-10:15,4702,4704,4683,4695
 2014/11/10-10:45,4695,4701,4695,4696
 2014/11/10-11:00,4695,4707,4694,4707
 2014/11/10-11:15,4707,4710,4688,4692
 2014/11/10-11:30,4691,4697,4684,4692
 2014/11/10-13:45,4691,4694,4686,4693
 2014/11/10-14:00,4693,4695,4686,4688
 2014/11/10-14:15,4688,4694,4687,4692
 2014/11/10-14:30,4692,4694,4687,4687
 2014/11/10-14:45,4687,4694,4685,4690
 2014/11/10-15:00,4690,4711,4689,4697
 2014/11/11-09:15,4689,4689,4663,4681
 2014/11/11-09:30,4680,4711,4680,4710
 2014/11/11-09:45,4710,4731,4708,4722
 2014/11/11-10:00,4721,4755,4714,4755
 2014/11/11-10:15,4756,4761,4745,4745
 2014/11/11-10:45,4745,4752,4741,4749
 2014/11/11-11:00,4749,4750,4716,4723
 2014/11/11-11:15,4723,4732,4721,4730
 2014/11/11-11:30,4729,4738,4723,4725
 2014/11/11-13:45,4724,4736,4720,4733
 2014/11/11-14:00,4733,4740,4726,4739
 2014/11/11-14:15,4739,4750,4733,4749
 2014/11/11-14:30,4749,4750,4729,4735
 2014/11/11-14:45,4734,4742,4730,4739
 2014/11/11-15:00,4739,4748,4734,4735
 2014/11/12-09:15,4800,4843,4781,4833
 2014/11/12-09:30,4833,4834,4820,4821
 2014/11/12-09:45,4820,4826,4816,4822
 2014/11/12-10:00,4821,4840,4812,4812
 2014/11/12-10:15,4813,4827,4803,4822
 2014/11/12-10:45,4821,4832,4818,4822
 2014/11/12-11:00,4821,4827,4820,4824
 2014/11/12-11:15,4824,4825,4818,4819
 2014/11/12-11:30,4820,4822,4811,4817
 2014/11/12-13:45,4817,4823,4816,4821
 2014/11/12-14:00,4820,4837,4820,4833
 2014/11/12-14:15,4833,4840,4830,4836
 2014/11/12-14:30,4836,4838,4824,4836
 2014/11/12-14:45,4837,4844,4831,4836
 2014/11/12-15:00,4837,4839,4828,4839
 2014/11/13-09:15,4821,4827,4771,4771
 2014/11/13-09:30,4771,4786,4766,4780
 2014/11/13-09:45,4781,4787,4777,4783
 2014/11/13-10:00,4783,4787,4772,4776
 2014/11/13-10:15,4776,4781,4769,4779
 2014/11/13-10:45,4779,4782,4774,4774
 2014/11/13-11:00,4775,4781,4773,4778
 2014/11/13-11:15,4778,4783,4775,4778
 2014/11/13-11:30,4777,4792,4771,4789
 2014/11/13-13:45,4789,4792,4782,4790
 2014/11/13-14:00,4790,4807,4789,4799
 2014/11/13-14:15,4799,4804,4796,4800
 2014/11/13-14:30,4799,4808,4798,4805
 2014/11/13-14:45,4806,4806,4791,4799
 2014/11/13-15:00,4799,4800,4776,4778
 2014/11/14-09:15,4745,4761,4735,4760
 2014/11/14-09:30,4760,4780,4758,4770
 2014/11/14-09:45,4771,4777,4769,4774
 2014/11/14-10:00,4774,4779,4766,4773
 2014/11/14-10:15,4773,4775,4764,4764
 2014/11/14-10:45,4763,4776,4761,4775
 2014/11/14-11:00,4775,4776,4770,4773
 2014/11/14-11:15,4773,4796,4772,4787
 2014/11/14-11:30,4787,4796,4783,4783
 2014/11/14-13:45,4784,4784,4754,4763
 2014/11/14-14:00,4764,4776,4760,4774
 2014/11/14-14:15,4773,4776,4766,4769
 2014/11/14-14:30,4767,4774,4764,4767
 2014/11/14-14:45,4767,4769,4758,4768
 2014/11/14-15:00,4769,4785,4768,4779
 2014/11/17-09:15,4767,4864,4766,4837
 2014/11/17-09:30,4837,4837,4808,4820
 2014/11/17-09:45,4821,4828,4815,4819
 2014/11/17-10:00,4819,4823,4781,4784
 2014/11/17-10:15,4784,4788,4772,4783
 2014/11/17-10:45,4783,4798,4781,4795
 2014/11/17-11:00,4795,4803,4776,4779
 2014/11/17-11:15,4779,4784,4725,4733
 2014/11/17-11:30,4734,4742,4726,4737
 2014/11/17-13:45,4736,4756,4734,4749
 2014/11/17-14:00,4749,4764,4749,4757
 2014/11/17-14:15,4756,4761,4752,4760
 2014/11/17-14:30,4759,4764,4755,4758
 2014/11/17-14:45,4757,4763,4753,4760
 2014/11/17-15:00,4760,4799,4757,4793
 2014/11/18-09:15,4769,4789,4759,4779
 2014/11/18-09:30,4779,4782,4765,4766
 2014/11/18-09:45,4767,4768,4755,4766
 2014/11/18-10:00,4766,4781,4766,4771
 2014/11/18-10:15,4771,4772,4759,4759
 2014/11/18-10:45,4759,4759,4744,4748
 2014/11/18-11:00,4749,4751,4734,4742
 2014/11/18-11:15,4742,4748,4737,4743
 2014/11/18-11:30,4743,4746,4734,4734
 2014/11/18-13:45,4734,4747,4734,4743
 2014/11/18-14:00,4743,4756,4742,4750
 2014/11/18-14:15,4751,4763,4749,4753
 2014/11/18-14:30,4753,4760,4750,4757
 2014/11/18-14:45,4756,4777,4753,4773
 2014/11/18-15:00,4772,4782,4768,4782
 2014/11/19-09:15,4761,4770,4743,4748
 2014/11/19-09:30,4748,4762,4747,4755
 2014/11/19-09:45,4756,4757,4747,4754
 2014/11/19-10:00,4754,4763,4751,4757
 2014/11/19-10:15,4756,4758,4729,4729
 2014/11/19-10:45,4729,4731,4681,4692
 2014/11/19-11:00,4691,4704,4686,4698
 2014/11/19-11:15,4698,4702,4692,4695
 2014/11/19-11:30,4696,4703,4692,4698
 2014/11/19-13:45,4696,4711,4689,4705
 2014/11/19-14:00,4706,4707,4676,4687
 2014/11/19-14:15,4686,4688,4678,4683
 2014/11/19-14:30,4682,4689,4676,4680
 2014/11/19-14:45,4680,4684,4672,4674
 2014/11/19-15:00,4674,4692,4667,4687
 2014/11/20-09:15,4699,4708,4683,4691
 2014/11/20-09:30,4691,4720,4690,4715
 2014/11/20-09:45,4714,4721,4709,4715
 2014/11/20-10:00,4716,4725,4714,4721
 2014/11/20-10:15,4722,4722,4703,4705
 2014/11/20-10:45,4703,4710,4693,4710
 2014/11/20-11:00,4710,4712,4702,4712
 2014/11/20-11:15,4712,4717,4703,4714
 2014/11/20-11:30,4714,4719,4707,4719
 2014/11/20-13:45,4718,4721,4711,4718
 2014/11/20-14:00,4717,4723,4714,4717
 2014/11/20-14:15,4717,4717,4705,4712
 2014/11/20-14:30,4711,4720,4711,4714
 2014/11/20-14:45,4713,4716,4709,4714
 2014/11/20-15:00,4714,4715,4696,4697
 2014/11/21-09:15,4730,4730,4705,4709
 2014/11/21-09:30,4709,4713,4702,4710
 2014/11/21-09:45,4711,4721,4706,4713
 2014/11/21-10:00,4713,4715,4689,4689
 2014/11/21-10:15,4688,4699,4686,4693
 2014/11/21-10:45,4691,4697,4691,4693
 2014/11/21-11:00,4693,4703,4686,4699
 2014/11/21-11:15,4699,4703,4695,4700
 2014/11/21-11:30,4700,4702,4692,4694
 2014/11/21-13:45,4695,4697,4675,4683
 2014/11/21-14:00,4683,4688,4680,4683
 2014/11/21-14:15,4683,4719,4682,4711
 2014/11/21-14:30,4711,4715,4701,4711
 2014/11/21-14:45,4710,4711,4703,4703
 2014/11/21-15:00,4704,4713,4691,4693
 2014/11/24-09:15,4699,4702,4653,4669
 2014/11/24-09:30,4669,4691,4667,4674
 2014/11/24-09:45,4674,4686,4666,4683
 2014/11/24-10:00,4683,4689,4669,4676
 2014/11/24-10:15,4676,4684,4674,4677
 2014/11/24-10:45,4677,4682,4671,4680
 2014/11/24-11:00,4680,4681,4669,4673
 2014/11/24-11:15,4673,4682,4672,4679
 2014/11/24-11:30,4679,4683,4662,4663
 2014/11/24-13:45,4664,4678,4660,4669
 2014/11/24-14:00,4668,4670,4647,4662
 2014/11/24-14:15,4662,4667,4655,4664
 2014/11/24-14:30,4663,4666,4645,4651
 2014/11/24-14:45,4651,4659,4641,4642
 2014/11/24-15:00,4643,4660,4631,4653
 2014/11/25-09:15,4650,4680,4643,4673
 2014/11/25-09:30,4673,4674,4666,4670
 2014/11/25-09:45,4670,4674,4662,4669
 2014/11/25-10:00,4669,4677,4668,4672
 2014/11/25-10:15,4672,4680,4668,4671
 2014/11/25-10:45,4671,4675,4669,4675
 2014/11/25-11:00,4676,4685,4665,4673
 2014/11/25-11:15,4674,4705,4670,4690
 2014/11/25-11:30,4690,4697,4687,4697
 2014/11/25-13:45,4698,4700,4685,4692
 2014/11/25-14:00,4692,4706,4690,4699
 2014/11/25-14:15,4699,4708,4698,4702
 2014/11/25-14:30,4702,4711,4701,4706
 2014/11/25-14:45,4705,4708,4691,4700
 2014/11/25-15:00,4700,4715,4699,4702
 2014/11/26-09:15,4693,4701,4682,4696
 2014/11/26-09:30,4696,4721,4692,4721
 2014/11/26-09:45,4722,4726,4713,4724
 2014/11/26-10:00,4723,4724,4714,4719
 2014/11/26-10:15,4719,4723,4699,4710
 2014/11/26-10:45,4709,4713,4706,4709
 2014/11/26-11:00,4709,4716,4709,4715
 2014/11/26-11:15,4715,4721,4713,4718
 2014/11/26-11:30,4718,4718,4704,4706
 2014/11/26-13:45,4706,4709,4692,4697
 2014/11/26-14:00,4698,4701,4685,4685
 2014/11/26-14:15,4685,4689,4671,4673
 2014/11/26-14:30,4673,4682,4672,4677
 2014/11/26-14:45,4677,4682,4672,4679
 2014/11/26-15:00,4679,4686,4676,4681
 2014/11/27-09:15,4703,4705,4690,4696
 2014/11/27-09:30,4695,4698,4685,4691
 2014/11/27-09:45,4692,4696,4686,4694
 2014/11/27-10:00,4694,4696,4662,4666
 2014/11/27-10:15,4666,4677,4658,4669
 2014/11/27-10:45,4669,4674,4667,4669
 2014/11/27-11:00,4669,4680,4669,4676
 2014/11/27-11:15,4676,4683,4672,4674
 2014/11/27-11:30,4675,4695,4669,4691
 2014/11/27-13:45,4691,4697,4683,4696
 2014/11/27-14:00,4697,4697,4688,4692
 2014/11/27-14:15,4691,4694,4688,4690
 2014/11/27-14:30,4690,4697,4689,4695
 2014/11/27-14:45,4694,4701,4690,4697
 2014/11/27-15:00,4698,4700,4687,4689
 2014/11/28-09:15,4670,4682,4630,4672
 2014/11/28-09:30,4671,4673,4657,4663
 2014/11/28-09:45,4663,4664,4650,4658
 2014/11/28-10:00,4657,4664,4655,4659
 2014/11/28-10:15,4659,4665,4655,4656
 2014/11/28-10:45,4655,4658,4638,4638
 2014/11/28-11:00,4638,4648,4637,4640
 2014/11/28-11:15,4640,4647,4632,4638
 2014/11/28-11:30,4639,4648,4635,4639
 2014/11/28-13:45,4640,4640,4614,4614
 2014/11/28-14:00,4615,4622,4604,4617
 2014/11/28-14:15,4618,4619,4607,4609
 2014/11/28-14:30,4609,4620,4607,4612
 2014/11/28-14:45,4613,4619,4610,4617
 2014/11/28-15:00,4617,4631,4609,4610
 2014/12/01-09:15,4550,4567,4542,4554
 2014/12/01-09:30,4553,4579,4553,4573
 2014/12/01-09:45,4573,4592,4570,4575
 2014/12/01-10:00,4576,4579,4565,4570
 2014/12/01-10:15,4570,4575,4568,4572
 2014/12/01-10:45,4572,4579,4565,4575
 2014/12/01-11:00,4575,4577,4566,4568
 2014/12/01-11:15,4568,4573,4562,4567
 2014/12/01-11:30,4568,4587,4561,4572
 2014/12/01-13:45,4573,4573,4566,4568
 2014/12/01-14:00,4568,4573,4567,4569
 2014/12/01-14:15,4569,4570,4564,4565
 2014/12/01-14:30,4566,4571,4550,4563
 2014/12/01-14:45,4563,4568,4558,4567
 2014/12/01-15:00,4566,4568,4563,4565
 2014/12/02-09:15,4595,4630,4589,4603
 2014/12/02-09:30,4604,4605,4589,4594
 2014/12/02-09:45,4595,4598,4592,4593
 2014/12/02-10:00,4593,4597,4586,4590
 2014/12/02-10:15,4589,4591,4581,4583
 2014/12/02-10:45,4583,4589,4581,4583
 2014/12/02-11:00,4583,4591,4583,4590
 2014/12/02-11:15,4589,4597,4587,4588
 2014/12/02-11:30,4589,4591,4576,4581
 2014/12/02-13:45,4582,4590,4580,4586
 2014/12/02-14:00,4587,4589,4581,4586
 2014/12/02-14:15,4587,4593,4585,4587
 2014/12/02-14:30,4587,4587,4572,4577
 2014/12/02-14:45,4578,4585,4571,4576
 2014/12/02-15:00,4576,4584,4573,4578
 2014/12/03-09:15,4534,4534,4505,4528
 2014/12/03-09:30,4527,4530,4520,4522
 2014/12/03-09:45,4522,4527,4515,4525
 2014/12/03-10:00,4524,4526,4517,4520
 2014/12/03-10:15,4519,4520,4492,4499
 2014/12/03-10:45,4498,4508,4495,4507
 2014/12/03-11:00,4506,4526,4503,4508
 2014/12/03-11:15,4508,4509,4496,4497
 2014/12/03-11:30,4497,4503,4496,4496
 2014/12/03-13:45,4496,4507,4493,4505
 2014/12/03-14:00,4505,4510,4500,4502
 2014/12/03-14:15,4502,4506,4495,4502
 2014/12/03-14:30,4501,4509,4501,4506
 2014/12/03-14:45,4507,4517,4504,4515
 2014/12/03-15:00,4515,4532,4513,4530
 2014/12/04-09:15,4521,4555,4517,4528
 2014/12/04-09:30,4529,4546,4527,4546
 2014/12/04-09:45,4546,4555,4538,4543
 2014/12/04-10:00,4542,4550,4541,4550
 2014/12/04-10:15,4550,4569,4544,4569
 2014/12/04-10:45,4568,4575,4553,4558
 2014/12/04-11:00,4558,4562,4547,4548
 2014/12/04-11:15,4547,4553,4542,4547
 2014/12/04-11:30,4547,4553,4540,4549
 2014/12/04-13:45,4543,4554,4542,4547
 2014/12/04-14:00,4547,4549,4542,4548
 2014/12/04-14:15,4549,4569,4547,4555
 2014/12/04-14:30,4555,4562,4546,4557
 2014/12/04-14:45,4557,4558,4552,4553
 2014/12/04-15:00,4553,4556,4543,4543
 2014/12/05-09:15,4543,4560,4534,4555
 2014/12/05-09:30,4557,4585,4553,4578
 2014/12/05-09:45,4579,4598,4569,4598
 2014/12/05-10:00,4598,4598,4585,4592
 2014/12/05-10:15,4592,4592,4583,4583
 2014/12/05-10:45,4582,4586,4563,4569
 2014/12/05-11:00,4569,4576,4568,4572
 2014/12/05-11:15,4570,4575,4567,4572
 2014/12/05-11:30,4572,4575,4560,4562
 2014/12/05-13:45,4561,4570,4561,4568
 2014/12/05-14:00,4567,4579,4567,4575
 2014/12/05-14:15,4575,4576,4566,4570
 2014/12/05-14:30,4569,4573,4561,4564
 2014/12/05-14:45,4564,4570,4564,4568
 2014/12/05-15:00,4568,4571,4553,4553
 2014/12/08-09:15,4565,4578,4551,4574
 2014/12/08-09:30,4575,4576,4557,4566
 2014/12/08-09:45,4566,4585,4562,4574
 2014/12/08-10:00,4574,4574,4559,4562
 2014/12/08-10:15,4563,4565,4546,4560
 2014/12/08-10:45,4560,4562,4556,4558
 2014/12/08-11:00,4558,4563,4553,4555
 2014/12/08-11:15,4556,4558,4534,4537
 2014/12/08-11:30,4537,4548,4534,4536
 2014/12/08-13:45,4537,4541,4509,4519
 2014/12/08-14:00,4519,4534,4512,4530
 2014/12/08-14:15,4530,4534,4525,4526
 2014/12/08-14:30,4526,4526,4516,4523
 2014/12/08-14:45,4523,4532,4515,4516
 2014/12/08-15:00,4516,4531,4507,4517
 2014/12/09-21:15,4542,4542,4542,4542
 2014/12/09-21:30,4542,4542,4542,4542
 2014/12/09-21:45,4542,4542,4542,4542
 2014/12/09-22:00,4542,4542,4542,4542
 2014/12/09-22:15,4542,4542,4542,4542
 2014/12/09-22:30,4542,4542,4542,4542
 2014/12/09-22:45,4542,4542,4542,4542
 2014/12/09-23:00,4542,4542,4542,4542
 2014/12/09-23:15,4542,4542,4542,4542
 2014/12/09-23:30,4542,4542,4531,4535
 2014/12/09-09:15,4537,4542,4527,4533
 2014/12/09-09:30,4534,4534,4520,4524
 2014/12/09-09:45,4524,4532,4515,4524
 2014/12/09-10:00,4524,4530,4519,4524
 2014/12/09-10:15,4524,4525,4497,4502
 2014/12/09-10:45,4502,4512,4496,4509
 2014/12/09-11:00,4508,4514,4502,4508
 2014/12/09-11:15,4509,4509,4502,4504
 2014/12/09-11:30,4505,4509,4482,4483
 2014/12/09-13:45,4484,4486,4468,4481
 2014/12/09-14:00,4481,4485,4477,4483
 2014/12/09-14:15,4483,4542,4481,4533
 2014/12/09-14:30,4534,4535,4510,4530
 2014/12/09-14:45,4531,4554,4525,4550
 2014/12/09-15:00,4550,4551,4540,4550
 2014/12/10-21:15,4515,4515,4515,4515
 2014/12/10-21:30,4515,4515,4515,4515
 2014/12/10-21:45,4515,4515,4515,4515
 2014/12/10-22:00,4515,4515,4515,4515
 2014/12/10-22:15,4515,4515,4515,4515
 2014/12/10-22:30,4515,4515,4515,4515
 2014/12/10-22:45,4515,4515,4515,4515
 2014/12/10-23:00,4515,4515,4515,4515
 2014/12/10-23:15,4515,4515,4515,4515
 2014/12/10-23:30,4515,4569,4515,4569
 2014/12/10-09:15,4569,4575,4552,4559
 2014/12/10-09:30,4559,4595,4558,4583
 2014/12/10-09:45,4583,4593,4575,4584
 2014/12/10-10:00,4584,4634,4583,4627
 2014/12/10-10:15,4628,4629,4608,4620
 2014/12/10-10:45,4620,4626,4612,4622
 2014/12/10-11:00,4622,4647,4618,4640
 2014/12/10-11:15,4640,4643,4624,4632
 2014/12/10-11:30,4632,4654,4629,4653
 2014/12/10-13:45,4653,4696,4653,4696
 2014/12/10-14:00,4696,4696,4694,4696
 2014/12/10-14:15,4696,4696,4696,4696
 2014/12/10-14:30,4696,4696,4696,4696
 2014/12/10-14:45,4696,4696,4696,4696
 2014/12/10-15:00,4696,4696,4696,4696
 2014/12/11-21:15,4629,4629,4629,4629
 2014/12/11-21:30,4629,4629,4629,4629
 2014/12/11-21:45,4629,4629,4629,4629
 2014/12/11-22:00,4629,4629,4629,4629
 2014/12/11-22:15,4629,4629,4629,4629
 2014/12/11-22:30,4629,4629,4629,4629
 2014/12/11-22:45,4629,4629,4629,4629
 2014/12/11-23:00,4629,4629,4629,4629
 2014/12/11-23:15,4629,4629,4629,4629
 2014/12/11-23:30,4629,4703,4629,4702
 2014/12/11-09:15,4700,4707,4668,4699
 2014/12/11-09:30,4699,4720,4683,4687
 2014/12/11-09:45,4688,4695,4677,4682
 2014/12/11-10:00,4681,4690,4677,4682
 2014/12/11-10:15,4684,4691,4681,4683
 2014/12/11-10:45,4683,4684,4675,4680
 2014/12/11-11:00,4679,4686,4678,4679
 2014/12/11-11:15,4679,4684,4665,4669
 2014/12/11-11:30,4669,4673,4642,4644
 2014/12/11-13:45,4641,4668,4641,4665
 2014/12/11-14:00,4664,4669,4652,4657
 2014/12/11-14:15,4657,4664,4650,4657
 2014/12/11-14:30,4656,4667,4653,4657
 2014/12/11-14:45,4657,4665,4648,4655
 2014/12/11-15:00,4655,4660,4651,4660
 2014/12/12-21:15,4680,4680,4680,4680
 2014/12/12-21:30,4680,4680,4680,4680
 2014/12/12-21:45,4680,4680,4680,4680
 2014/12/12-22:00,4680,4680,4680,4680
 2014/12/12-22:15,4680,4680,4680,4680
 2014/12/12-22:30,4680,4680,4680,4680
 2014/12/12-22:45,4680,4680,4680,4680
 2014/12/12-23:00,4680,4680,4680,4680
 2014/12/12-23:15,4680,4680,4680,4680
 2014/12/12-23:30,4680,4680,4628,4629
 2014/12/12-09:15,4623,4632,4612,4625
 2014/12/12-09:30,4625,4635,4621,4630
 2014/12/12-09:45,4630,4644,4628,4641
 2014/12/12-10:00,4642,4645,4632,4642
 2014/12/12-10:15,4642,4655,4632,4636
 2014/12/12-10:45,4634,4636,4621,4628
 2014/12/12-11:00,4629,4638,4627,4631
 2014/12/12-11:15,4631,4639,4630,4639
 2014/12/12-11:30,4639,4640,4629,4631
 2014/12/12-13:45,4631,4632,4606,4620
 2014/12/12-14:00,4619,4625,4608,4615
 2014/12/12-14:15,4615,4619,4614,4616
 2014/12/12-14:30,4616,4620,4607,4615
 2014/12/12-14:45,4616,4618,4612,4617
 2014/12/12-15:00,4617,4621,4594,4596
 2014/12/15-21:15,4624,4624,4624,4624
 2014/12/15-21:30,4624,4624,4624,4624
 2014/12/15-21:45,4624,4624,4624,4624
 2014/12/15-22:00,4624,4624,4624,4624
 2014/12/15-22:15,4624,4624,4605,4608
 2014/12/15-22:30,4608,4612,4602,4609
 2014/12/15-22:45,4609,4610,4603,4605
 2014/12/15-23:00,4606,4607,4596,4598
 2014/12/15-23:15,4598,4600,4591,4593
 2014/12/15-23:30,4593,4597,4592,4594
 2014/12/16-21:15,4605,4605,4605,4605
 2014/12/16-21:30,4635,4635,4627,4632
 2014/12/16-21:45,4633,4640,4631,4637
 2014/12/16-22:00,4637,4642,4635,4641
 2014/12/16-22:15,4642,4643,4629,4633
 2014/12/16-22:30,4633,4641,4633,4636
 2014/12/16-22:45,4636,4638,4631,4633
 2014/12/16-23:00,4632,4639,4632,4638
 2014/12/16-23:15,4639,4639,4635,4636
 2014/12/16-23:30,4637,4639,4635,4638
 2014/12/16-09:15,4638,4638,4591,4596
 2014/12/16-09:30,4595,4614,4594,4612
 2014/12/16-09:45,4611,4616,4607,4611
 2014/12/16-10:00,4611,4613,4597,4598
 2014/12/16-10:15,4599,4607,4596,4605
 2014/12/16-10:45,4605,4607,4595,4599
 2014/12/16-11:00,4599,4601,4594,4599
 2014/12/16-11:15,4600,4600,4569,4569
 2014/12/16-11:30,4570,4572,4557,4564
 2014/12/16-13:45,4565,4603,4564,4594
 2014/12/16-14:00,4593,4594,4583,4591
 2014/12/16-14:15,4591,4596,4585,4592
 2014/12/16-14:30,4593,4594,4569,4573
 2014/12/16-14:45,4573,4581,4568,4574
 2014/12/16-15:00,4574,4591,4572,4583
 2014/12/17-21:15,4559,4567,4550,4561
 2014/12/17-21:30,4561,4561,4527,4541
 2014/12/17-21:45,4541,4552,4532,4537
 2014/12/17-22:00,4537,4541,4531,4534
 2014/12/17-22:15,4535,4543,4533,4540
 2014/12/17-22:30,4540,4544,4532,4538
 2014/12/17-22:45,4538,4540,4531,4534
 2014/12/17-23:00,4534,4536,4523,4531
 2014/12/17-23:15,4531,4547,4530,4545
 2014/12/17-23:30,4545,4546,4536,4537
 2014/12/17-09:15,4538,4554,4524,4550
 2014/12/17-09:30,4551,4553,4516,4522
 2014/12/17-09:45,4523,4527,4506,4526
 2014/12/17-10:00,4526,4526,4511,4519
 2014/12/17-10:15,4521,4523,4514,4515
 2014/12/17-10:45,4515,4525,4515,4519
 2014/12/17-11:00,4518,4520,4515,4516
 2014/12/17-11:15,4516,4532,4508,4523
 2014/12/17-11:30,4523,4528,4512,4515
 2014/12/17-13:45,4515,4520,4511,4516
 2014/12/17-14:00,4516,4519,4513,4516
 2014/12/17-14:15,4516,4517,4513,4515
 2014/12/17-14:30,4516,4538,4515,4531
 2014/12/17-14:45,4531,4535,4527,4531
 2014/12/17-15:00,4531,4535,4511,4515
 2014/12/18-21:15,4505,4530,4502,4528
 2014/12/18-21:30,4528,4535,4520,4531
 2014/12/18-21:45,4530,4531,4523,4529
 2014/12/18-22:00,4529,4530,4518,4525
 2014/12/18-22:15,4525,4529,4518,4525
 2014/12/18-22:30,4525,4530,4525,4529
 2014/12/18-22:45,4530,4538,4525,4530
 2014/12/18-23:00,4530,4537,4529,4537
 2014/12/18-23:15,4537,4553,4533,4545
 2014/12/18-23:30,4544,4560,4543,4555
 2014/12/18-09:15,4553,4594,4547,4578
 2014/12/18-09:30,4580,4581,4562,4570
 2014/12/18-09:45,4571,4580,4565,4572
 2014/12/18-10:00,4572,4576,4568,4572
 2014/12/18-10:15,4571,4576,4570,4574
 2014/12/18-10:45,4574,4576,4564,4565
 2014/12/18-11:00,4564,4572,4564,4570
 2014/12/18-11:15,4570,4574,4557,4563
 2014/12/18-11:30,4562,4572,4560,4567
 2014/12/18-13:45,4567,4567,4556,4559
 2014/12/18-14:00,4559,4561,4553,4555
 2014/12/18-14:15,4555,4573,4553,4569
 2014/12/18-14:30,4569,4570,4562,4567
 2014/12/18-14:45,4567,4568,4561,4566
 2014/12/18-15:00,4565,4567,4562,4565
 2014/12/19-21:15,4575,4623,4575,4611
 2014/12/19-21:30,4610,4616,4591,4599
 2014/12/19-21:45,4599,4603,4592,4597
 2014/12/19-22:00,4597,4598,4592,4593
 2014/12/19-22:15,4593,4597,4592,4596
 2014/12/19-22:30,4596,4602,4593,4594
 2014/12/19-22:45,4593,4597,4591,4595
 2014/12/19-23:00,4594,4595,4581,4589
 2014/12/19-23:15,4590,4590,4582,4583
 2014/12/19-23:30,4583,4585,4571,4575
 2014/12/19-09:15,4575,4589,4562,4566
 2014/12/19-09:30,4566,4574,4558,4573
 2014/12/19-09:45,4572,4573,4556,4563
 2014/12/19-10:00,4563,4568,4556,4558
 2014/12/19-10:15,4558,4573,4555,4560
 2014/12/19-10:45,4560,4561,4527,4541
 2014/12/19-11:00,4540,4541,4530,4535
 2014/12/19-11:15,4534,4542,4532,4541
 2014/12/19-11:30,4541,4545,4536,4536
 2014/12/19-13:45,4538,4548,4536,4542
 2014/12/19-14:00,4542,4548,4541,4546
 2014/12/19-14:15,4546,4549,4542,4545
 2014/12/19-14:30,4544,4565,4544,4559
 2014/12/19-14:45,4559,4573,4556,4569
 2014/12/19-15:00,4569,4571,4562,4567
 2014/12/22-21:15,4564,4564,4543,4549
 2014/12/22-21:30,4550,4553,4546,4549
 2014/12/22-21:45,4548,4557,4548,4556
 2014/12/22-22:00,4556,4560,4551,4553
 2014/12/22-22:15,4553,4557,4552,4556
 2014/12/22-22:30,4556,4563,4555,4556
 2014/12/22-22:45,4557,4557,4548,4554
 2014/12/22-23:00,4555,4559,4554,4557
 2014/12/22-23:15,4557,4566,4556,4559
 2014/12/22-23:30,4560,4561,4556,4557
 2014/12/22-09:15,4558,4558,4535,4547
 2014/12/22-09:30,4547,4547,4533,4542
 2014/12/22-09:45,4542,4552,4540,4545
 2014/12/22-10:00,4545,4549,4543,4545
 2014/12/22-10:15,4545,4547,4542,4545
 2014/12/22-10:45,4545,4546,4538,4540
 2014/12/22-11:00,4539,4545,4537,4541
 2014/12/22-11:15,4541,4545,4539,4542
 2014/12/22-11:30,4543,4543,4528,4531
 2014/12/22-13:45,4532,4543,4521,4539
 2014/12/22-14:00,4539,4562,4537,4561
 2014/12/22-14:15,4562,4576,4553,4574
 2014/12/22-14:30,4574,4575,4563,4567
 2014/12/22-14:45,4567,4569,4558,4567
 2014/12/22-15:00,4567,4580,4567,4580
 2014/12/23-21:15,4586,4597,4568,4573
 2014/12/23-21:30,4572,4580,4572,4577
 2014/12/23-21:45,4577,4585,4573,4574
 2014/12/23-22:00,4574,4576,4561,4562
 2014/12/23-22:15,4562,4570,4560,4567
 2014/12/23-22:30,4567,4570,4563,4564
 2014/12/23-22:45,4565,4568,4562,4565
 2014/12/23-23:00,4565,4565,4553,4561
 2014/12/23-23:15,4561,4562,4558,4559
 2014/12/23-23:30,4558,4559,4548,4549
 2014/12/23-09:15,4547,4547,4532,4538
 2014/12/23-09:30,4538,4541,4535,4540
 2014/12/23-09:45,4539,4548,4538,4544
 2014/12/23-10:00,4544,4549,4544,4546
 2014/12/23-10:15,4546,4548,4543,4546
 2014/12/23-10:45,4547,4549,4544,4547
 2014/12/23-11:00,4547,4547,4536,4541
 2014/12/23-11:15,4541,4542,4530,4533
 2014/12/23-11:30,4532,4542,4528,4539
 2014/12/23-13:45,4538,4544,4538,4542
 2014/12/23-14:00,4543,4548,4532,4536
 2014/12/23-14:15,4536,4538,4529,4535
 2014/12/23-14:30,4535,4542,4532,4534
 2014/12/23-14:45,4534,4541,4532,4534
 2014/12/23-15:00,4534,4547,4531,4536
 2014/12/24-21:15,4542,4556,4536,4553
 2014/12/24-21:30,4554,4557,4545,4545
 2014/12/24-21:45,4545,4547,4539,4544
 2014/12/24-22:00,4544,4544,4533,4537
 2014/12/24-22:15,4537,4540,4520,4522
 2014/12/24-22:30,4522,4544,4518,4532
 2014/12/24-22:45,4531,4538,4529,4533
 2014/12/24-23:00,4533,4535,4527,4531
 2014/12/24-23:15,4531,4535,4528,4532
 2014/12/24-23:30,4532,4537,4531,4534
 2014/12/24-09:15,4533,4548,4532,4545
 2014/12/24-09:30,4546,4550,4542,4543
 2014/12/24-09:45,4543,4549,4542,4549
 2014/12/24-10:00,4550,4555,4543,4546
 2014/12/24-10:15,4546,4546,4540,4542
 2014/12/24-10:45,4542,4545,4540,4544
 2014/12/24-11:00,4544,4547,4540,4545
 2014/12/24-11:15,4545,4560,4541,4556
 2014/12/24-11:30,4556,4564,4551,4556
 2014/12/24-13:45,4556,4561,4552,4557
 2014/12/24-14:00,4557,4561,4555,4559
 2014/12/24-14:15,4559,4569,4559,4567
 2014/12/24-14:30,4567,4568,4558,4563
 2014/12/24-14:45,4564,4566,4562,4564
 2014/12/24-15:00,4564,4565,4555,4555
 2014/12/25-21:15,4550,4552,4538,4547
 2014/12/25-21:30,4547,4547,4540,4544
 2014/12/25-21:45,4543,4547,4542,4546
 2014/12/25-22:00,4546,4548,4537,4540
 2014/12/25-22:15,4540,4543,4539,4542
 2014/12/25-22:30,4542,4543,4539,4542
 2014/12/25-22:45,4541,4543,4538,4540
 2014/12/25-23:00,4541,4543,4540,4543
 2014/12/25-23:15,4543,4544,4541,4543
 2014/12/25-23:30,4543,4544,4540,4540
 2014/12/25-09:15,4540,4540,4520,4528
 2014/12/25-09:30,4528,4539,4523,4534
 2014/12/25-09:45,4534,4535,4530,4531
 2014/12/25-10:00,4531,4540,4531,4534
 2014/12/25-10:15,4535,4536,4532,4533
 2014/12/25-10:45,4533,4534,4527,4529
 2014/12/25-11:00,4528,4531,4523,4525
 2014/12/25-11:15,4524,4530,4523,4527
 2014/12/25-11:30,4527,4530,4509,4510
 2014/12/25-13:45,4510,4511,4501,4507
 2014/12/25-14:00,4507,4535,4506,4530
 2014/12/25-14:15,4529,4553,4529,4548
 2014/12/25-14:30,4549,4550,4539,4542
 2014/12/25-14:45,4542,4548,4541,4548
 2014/12/25-15:00,4548,4550,4542,4545
 2014/12/26-21:15,4530,4530,4530,4530
 2014/12/26-21:30,4530,4549,4530,4548
 2014/12/26-21:45,4548,4548,4541,4545
 2014/12/26-22:00,4545,4547,4542,4546
 2014/12/26-22:15,4546,4546,4543,4543
 2014/12/26-22:30,4545,4546,4543,4545
 2014/12/26-22:45,4546,4546,4537,4541
 2014/12/26-23:00,4540,4543,4538,4543
 2014/12/26-23:15,4542,4548,4542,4545
 2014/12/26-23:30,4545,4548,4544,4548
 2014/12/26-09:15,4547,4560,4541,4557
 2014/12/26-09:30,4557,4563,4538,4543
 2014/12/26-09:45,4542,4545,4538,4543
 2014/12/26-10:00,4542,4544,4532,4536
 2014/12/26-10:15,4536,4547,4534,4546
 2014/12/26-10:45,4546,4548,4541,4545
 2014/12/26-11:00,4546,4546,4537,4538
 2014/12/26-11:15,4538,4542,4535,4540
 2014/12/26-11:30,4539,4542,4537,4539
 2014/12/26-13:45,4538,4546,4537,4539
 2014/12/26-14:00,4538,4542,4537,4538
 2014/12/26-14:15,4538,4545,4537,4543
 2014/12/26-14:30,4544,4544,4540,4543
 2014/12/26-14:45,4543,4545,4539,4542
 2014/12/26-15:00,4543,4551,4540,4541
 2014/12/29-21:15,4546,4546,4530,4538
 2014/12/29-21:30,4538,4543,4536,4538
 2014/12/29-21:45,4538,4541,4538,4540
 2014/12/29-22:00,4540,4542,4537,4538
 2014/12/29-22:15,4539,4540,4536,4538
 2014/12/29-22:30,4538,4541,4534,4537
 2014/12/29-22:45,4537,4543,4535,4540
 2014/12/29-23:00,4541,4543,4539,4539
 2014/12/29-23:15,4539,4541,4538,4540
 2014/12/29-23:30,4539,4560,4537,4560
 2014/12/29-09:15,4555,4595,4555,4589
 2014/12/29-09:30,4588,4591,4577,4581
 2014/12/29-09:45,4581,4590,4581,4590
 2014/12/29-10:00,4589,4594,4579,4583
 2014/12/29-10:15,4583,4593,4583,4587
 2014/12/29-10:45,4587,4593,4586,4587
 2014/12/29-11:00,4588,4612,4586,4597
 2014/12/29-11:15,4598,4614,4596,4611
 2014/12/29-11:30,4610,4619,4605,4606
 2014/12/29-13:45,4616,4620,4602,4607
 2014/12/29-14:00,4608,4609,4588,4589
 2014/12/29-14:15,4588,4592,4585,4589
 2014/12/29-14:30,4588,4592,4580,4582
 2014/12/29-14:45,4582,4587,4573,4573
 2014/12/29-15:00,4573,4582,4567,4576
 2014/12/30-21:15,4570,4578,4565,4573
 2014/12/30-21:30,4573,4582,4572,4577
 2014/12/30-21:45,4577,4585,4574,4576
 2014/12/30-22:00,4576,4581,4576,4581
 2014/12/30-22:15,4581,4582,4577,4579
 2014/12/30-22:30,4579,4581,4577,4578
 2014/12/30-22:45,4578,4580,4577,4579
 2014/12/30-23:00,4580,4581,4573,4578
 2014/12/30-23:15,4577,4578,4575,4577
 2014/12/30-23:30,4577,4586,4577,4581
 2014/12/30-09:15,4580,4580,4563,4570
 2014/12/30-09:30,4570,4582,4570,4579
 2014/12/30-09:45,4580,4594,4579,4587
 2014/12/30-10:00,4588,4589,4570,4578
 2014/12/30-10:15,4578,4594,4578,4594
 2014/12/30-10:45,4595,4616,4592,4599
 2014/12/30-11:00,4600,4609,4597,4598
 2014/12/30-11:15,4598,4605,4596,4602
 2014/12/30-11:30,4601,4603,4590,4594
 2014/12/30-13:45,4593,4601,4588,4596
 2014/12/30-14:00,4597,4602,4594,4598
 2014/12/30-14:15,4597,4607,4596,4604
 2014/12/30-14:30,4602,4604,4590,4595
 2014/12/30-14:45,4595,4600,4593,4594
 2014/12/30-15:00,4594,4615,4594,4601
 2014/12/31-21:15,4600,4628,4599,4621
 2014/12/31-21:30,4621,4629,4621,4624
 2014/12/31-21:45,4624,4627,4619,4621
 2014/12/31-22:00,4622,4623,4617,4620
 2014/12/31-22:15,4620,4620,4616,4618
 2014/12/31-22:30,4619,4619,4618,4618
 2014/12/31-22:45,4618,4646,4618,4637
 2014/12/31-23:00,4637,4642,4629,4633
 2014/12/31-23:15,4633,4643,4631,4635
 2014/12/31-23:30,4636,4645,4633,4635
 2014/12/31-09:15,4634,4637,4623,4626
 2014/12/31-09:30,4626,4627,4603,4611
 2014/12/31-09:45,4611,4614,4606,4609
 2014/12/31-10:00,4608,4613,4594,4604
 2014/12/31-10:15,4603,4610,4586,4590
 2014/12/31-10:45,4591,4603,4586,4590
 2014/12/31-11:00,4591,4598,4590,4595
 2014/12/31-11:15,4595,4601,4594,4595
 2014/12/31-11:30,4596,4597,4586,4591
 2014/12/31-13:45,4590,4617,4590,4609
 2014/12/31-14:00,4610,4623,4607,4617
 2014/12/31-14:15,4618,4620,4601,4604
 2014/12/31-14:30,4605,4615,4603,4612
 2014/12/31-14:45,4612,4617,4605,4605
 2014/12/31-15:00,4605,4621,4605,4619
 2015/01/05-21:15,4615,4615,4615,4615
 2015/01/05-21:30,4615,4615,4615,4615
 2015/01/05-21:45,4615,4615,4615,4615
 2015/01/05-22:00,4615,4615,4615,4615
 2015/01/05-22:15,4615,4615,4615,4615
 2015/01/05-22:30,4615,4615,4615,4615
 2015/01/05-22:45,4615,4615,4615,4615
 2015/01/05-23:00,4615,4615,4615,4615
 2015/01/05-23:15,4615,4615,4615,4615
 2015/01/05-23:30,4615,4615,4580,4580
 2015/01/05-09:15,4578,4578,4544,4549
 2015/01/05-09:30,4550,4561,4546,4557
 2015/01/05-09:45,4558,4558,4540,4552
 2015/01/05-10:00,4553,4553,4530,4535
 2015/01/05-10:15,4534,4542,4525,4541
 2015/01/05-10:45,4541,4543,4535,4537
 2015/01/05-11:00,4538,4543,4536,4538
 2015/01/05-11:15,4537,4542,4536,4539
 2015/01/05-11:30,4540,4550,4538,4549
 2015/01/05-13:45,4550,4560,4550,4558
 2015/01/05-14:00,4558,4562,4554,4557
 2015/01/05-14:15,4558,4567,4557,4559
 2015/01/05-14:30,4559,4562,4554,4555
 2015/01/05-14:45,4556,4560,4551,4558
 2015/01/05-15:00,4558,4559,4550,4552
 2015/01/06-21:15,4531,4565,4531,4559
 2015/01/06-21:30,4560,4567,4555,4561
 2015/01/06-21:45,4561,4572,4559,4566
 2015/01/06-22:00,4566,4568,4561,4564
 2015/01/06-22:15,4565,4568,4563,4566
 2015/01/06-22:30,4566,4567,4561,4567
 2015/01/06-22:45,4566,4567,4564,4565
 2015/01/06-23:00,4566,4575,4564,4569
 2015/01/06-23:15,4570,4573,4566,4568
 2015/01/06-23:30,4567,4569,4564,4567
 2015/01/06-09:15,4567,4612,4565,4604
 2015/01/06-09:30,4604,4611,4594,4596
 2015/01/06-09:45,4597,4599,4587,4595
 2015/01/06-10:00,4595,4610,4594,4607
 2015/01/06-10:15,4608,4614,4601,4603
 2015/01/06-13:45,4602,4611,4601,4606
 2015/01/06-14:00,4606,4607,4601,4602
 2015/01/06-14:15,4602,4606,4601,4605
 2015/01/06-14:30,4605,4615,4603,4614
 2015/01/06-14:45,4613,4616,4593,4602
 2015/01/06-15:00,4601,4602,4585,4586
 2015/01/07-21:15,4587,4597,4587,4594
 2015/01/07-21:30,4594,4605,4590,4604
 2015/01/07-21:45,4604,4615,4600,4605
 2015/01/07-22:00,4606,4644,4603,4634
 2015/01/07-22:15,4634,4641,4631,4635
 2015/01/07-22:30,4635,4640,4628,4638
 2015/01/07-22:45,4638,4662,4637,4656
 2015/01/07-23:00,4656,4661,4640,4650
 2015/01/07-23:15,4650,4659,4640,4656
 2015/01/07-23:30,4657,4666,4652,4666
 2015/01/07-09:15,4667,4694,4666,4683
 2015/01/07-09:30,4683,4685,4667,4674
 2015/01/07-09:45,4674,4681,4669,4672
 2015/01/07-10:00,4672,4688,4672,4686
 2015/01/07-10:15,4686,4687,4663,4668
 2015/01/07-10:45,4668,4670,4663,4666
 2015/01/07-11:00,4666,4667,4654,4659
 2015/01/07-11:15,4658,4666,4655,4664
 2015/01/07-11:30,4664,4664,4659,4662
 2015/01/07-13:45,4662,4669,4659,4661
 2015/01/07-14:00,4661,4664,4650,4657
 2015/01/07-14:15,4656,4662,4652,4661
 2015/01/07-14:30,4661,4667,4661,4663
 2015/01/07-14:45,4663,4664,4653,4659
 2015/01/07-15:00,4659,4665,4656,4660
 2015/01/08-21:15,4660,4678,4658,4670
 2015/01/08-21:30,4670,4674,4661,4664
 2015/01/08-21:45,4665,4675,4664,4674
 2015/01/08-22:00,4675,4677,4670,4675
 2015/01/08-22:15,4675,4680,4673,4677
 2015/01/08-22:30,4676,4679,4670,4671
 2015/01/08-22:45,4671,4674,4668,4668
 2015/01/08-23:00,4669,4676,4669,4673
 2015/01/08-23:15,4673,4674,4668,4669
 2015/01/08-23:30,4669,4673,4665,4672
 2015/01/08-09:15,4670,4670,4658,4665
 2015/01/08-09:30,4665,4666,4658,4664
 2015/01/08-09:45,4664,4667,4660,4665
 2015/01/08-10:00,4666,4685,4664,4683
 2015/01/08-10:15,4684,4686,4673,4679
 2015/01/08-10:45,4679,4684,4675,4677
 2015/01/08-11:00,4677,4683,4675,4678
 2015/01/08-11:15,4679,4683,4664,4664
 2015/01/08-11:30,4664,4675,4663,4671
 2015/01/08-13:45,4671,4673,4669,4673
 2015/01/08-14:00,4672,4678,4670,4677
 2015/01/08-14:15,4676,4682,4673,4675
 2015/01/08-14:30,4675,4676,4666,4667
 2015/01/08-14:45,4667,4668,4657,4664
 2015/01/08-15:00,4664,4675,4663,4673
 2015/01/09-21:15,4659,4673,4656,4672
 2015/01/09-21:30,4671,4678,4669,4676
 2015/01/09-21:45,4677,4677,4672,4673
 2015/01/09-22:00,4673,4677,4673,4676
 2015/01/09-22:15,4677,4684,4673,4674
 2015/01/09-22:30,4674,4680,4671,4676
 2015/01/09-22:45,4676,4678,4675,4676
 2015/01/09-23:00,4677,4678,4675,4678
 2015/01/09-23:15,4678,4681,4677,4678
 2015/01/09-23:30,4678,4683,4677,4680
 2015/01/09-09:15,4681,4696,4679,4689
 2015/01/09-09:30,4690,4709,4686,4704
 2015/01/09-09:45,4704,4705,4695,4695
 2015/01/09-10:00,4696,4699,4691,4697
 2015/01/09-10:15,4698,4699,4693,4694
 2015/01/09-10:45,4693,4699,4693,4697
 2015/01/09-11:00,4697,4697,4677,4681
 2015/01/09-11:15,4680,4682,4666,4678
 2015/01/09-11:30,4679,4680,4676,4678
 2015/01/09-13:45,4679,4680,4666,4670
 2015/01/09-14:00,4669,4680,4664,4673
 2015/01/09-14:15,4673,4677,4673,4675
 2015/01/09-14:30,4675,4688,4674,4686
 2015/01/09-14:45,4685,4690,4677,4680
 2015/01/09-15:00,4680,4680,4672,4676
 2015/01/12-21:15,4676,4682,4671,4676
 2015/01/12-21:30,4675,4676,4667,4674
 2015/01/12-21:45,4674,4680,4674,4677
 2015/01/12-22:00,4676,4682,4674,4675
 2015/01/12-22:15,4675,4678,4674,4675
 2015/01/12-22:30,4675,4679,4674,4679
 2015/01/12-22:45,4679,4690,4678,4688
 2015/01/12-23:00,4688,4692,4684,4686
 2015/01/12-23:15,4687,4690,4683,4689
 2015/01/12-23:30,4689,4695,4688,4693
 2015/01/12-09:15,4695,4737,4694,4731
 2015/01/12-09:30,4733,4733,4721,4724
 2015/01/12-09:45,4723,4737,4723,4736
 2015/01/12-10:00,4737,4758,4737,4751
 2015/01/12-10:15,4753,4753,4740,4743
 2015/01/12-10:45,4743,4752,4742,4750
 2015/01/12-11:00,4750,4761,4748,4755
 2015/01/12-11:15,4755,4771,4755,4768
 2015/01/12-11:30,4769,4769,4748,4759
 2015/01/12-13:45,4763,4768,4757,4762
 2015/01/12-14:00,4762,4766,4751,4752
 2015/01/12-14:15,4752,4757,4749,4752
 2015/01/12-14:30,4751,4761,4750,4757
 2015/01/12-14:45,4757,4768,4755,4768
 2015/01/12-15:00,4768,4769,4751,4756
 2015/01/13-21:15,4750,4756,4737,4740
 2015/01/13-21:30,4740,4746,4738,4741
 2015/01/13-21:45,4742,4748,4741,4746
 2015/01/13-22:00,4746,4748,4744,4747
 2015/01/13-22:15,4748,4748,4743,4743
 2015/01/13-22:30,4743,4750,4743,4749
 2015/01/13-22:45,4749,4751,4746,4749
 2015/01/13-23:00,4749,4750,4746,4748
 2015/01/13-23:15,4749,4751,4746,4747
 2015/01/13-23:30,4746,4748,4744,4747
 2015/01/13-09:15,4747,4747,4722,4723
 2015/01/13-09:30,4722,4729,4718,4724
 2015/01/13-09:45,4723,4729,4721,4728
 2015/01/13-10:00,4729,4729,4708,4708
 2015/01/13-10:15,4709,4717,4706,4717
 2015/01/13-10:45,4716,4721,4713,4718
 2015/01/13-11:00,4717,4718,4709,4714
 2015/01/13-11:15,4714,4714,4707,4709
 2015/01/13-11:30,4710,4715,4706,4713
 2015/01/13-13:45,4714,4725,4711,4724
 2015/01/13-14:00,4724,4726,4717,4725
 2015/01/13-14:15,4724,4729,4722,4723
 2015/01/13-14:30,4723,4725,4719,4721
 2015/01/13-14:45,4720,4725,4718,4724
 2015/01/13-15:00,4724,4728,4717,4725
 2015/01/14-21:15,4729,4761,4729,4759
 2015/01/14-21:30,4758,4761,4751,4754
 2015/01/14-21:45,4755,4756,4751,4754
 2015/01/14-22:00,4753,4754,4737,4744
 2015/01/14-22:15,4744,4750,4744,4749
 2015/01/14-22:30,4748,4753,4743,4752
 2015/01/14-22:45,4751,4754,4747,4750
 2015/01/14-23:00,4750,4751,4749,4750
 2015/01/14-23:15,4749,4753,4749,4751
 2015/01/14-23:30,4750,4758,4750,4757
 2015/01/14-09:15,4758,4762,4744,4752
 2015/01/14-09:30,4753,4757,4748,4749
 2015/01/14-09:45,4749,4754,4743,4753
 2015/01/14-10:00,4753,4754,4688,4693
 2015/01/14-10:15,4692,4715,4662,4712
 2015/01/14-10:45,4712,4716,4705,4713
 2015/01/14-11:00,4714,4719,4710,4711
 2015/01/14-11:15,4712,4717,4709,4716
 2015/01/14-11:30,4716,4716,4713,4715
 2015/01/14-13:45,4714,4717,4710,4714
 2015/01/14-14:00,4714,4717,4710,4710
 2015/01/14-14:15,4710,4714,4708,4712
 2015/01/14-14:30,4713,4713,4695,4703
 2015/01/14-14:45,4702,4707,4686,4690
 2015/01/14-15:00,4689,4710,4688,4710
 2015/01/15-21:15,4740,4744,4726,4742
 2015/01/15-21:30,4742,4745,4732,4740
 2015/01/15-21:45,4740,4744,4735,4741
 2015/01/15-22:00,4742,4742,4733,4735
 2015/01/15-22:15,4736,4740,4735,4738
 2015/01/15-22:30,4738,4740,4725,4727
 2015/01/15-22:45,4727,4727,4713,4716
 2015/01/15-23:00,4716,4720,4709,4717
 2015/01/15-23:15,4717,4726,4715,4722
 2015/01/15-23:30,4723,4723,4715,4720
 2015/01/15-09:15,4718,4722,4694,4702
 2015/01/15-09:30,4702,4709,4688,4690
 2015/01/15-09:45,4690,4703,4689,4698
 2015/01/15-10:00,4698,4700,4693,4694
 2015/01/15-10:15,4695,4708,4690,4701
 2015/01/15-10:45,4704,4709,4686,4693
 2015/01/15-11:00,4693,4698,4688,4697
 2015/01/15-11:15,4697,4707,4694,4701
 2015/01/15-11:30,4701,4701,4695,4695
 2015/01/15-13:45,4696,4703,4692,4703
 2015/01/15-14:00,4703,4704,4697,4702
 2015/01/15-14:15,4702,4711,4699,4701
 2015/01/15-14:30,4701,4703,4699,4701
 2015/01/15-14:45,4700,4704,4696,4703
 2015/01/15-15:00,4704,4706,4696,4702
 2015/01/16-21:15,4732,4739,4715,4732
 2015/01/16-21:30,4733,4735,4727,4729
 2015/01/16-21:45,4729,4734,4729,4732
 2015/01/16-22:00,4731,4735,4722,4724
 2015/01/16-22:15,4724,4725,4716,4719
 2015/01/16-22:30,4719,4719,4708,4710
 2015/01/16-22:45,4709,4717,4705,4715
 2015/01/16-23:00,4714,4718,4706,4715
 2015/01/16-23:15,4715,4718,4701,4704
 2015/01/16-23:30,4704,4713,4704,4710
 2015/01/16-09:15,4712,4735,4712,4723
 2015/01/16-09:30,4723,4750,4722,4747
 2015/01/16-09:45,4748,4755,4744,4750
 2015/01/16-10:00,4750,4752,4740,4743
 2015/01/16-10:15,4742,4745,4733,4739
 2015/01/16-10:45,4739,4742,4735,4740
 2015/01/16-11:00,4740,4751,4740,4746
 2015/01/16-11:15,4746,4758,4734,4741
 2015/01/16-11:30,4741,4744,4737,4742
 2015/01/16-13:45,4741,4748,4741,4743
 2015/01/16-14:00,4744,4750,4743,4745
 2015/01/16-14:15,4746,4748,4739,4742
 2015/01/16-14:30,4742,4746,4740,4745
 2015/01/16-14:45,4745,4746,4739,4746
 2015/01/16-15:00,4746,4750,4709,4718
 2015/01/19-21:15,4708,4718,4699,4718
 2015/01/19-21:30,4717,4718,4708,4710
 2015/01/19-21:45,4710,4713,4702,4712
 2015/01/19-22:00,4711,4717,4711,4715
 2015/01/19-22:15,4715,4733,4712,4728
 2015/01/19-22:30,4729,4729,4718,4723
 2015/01/19-22:45,4723,4735,4722,4728
 2015/01/19-23:00,4728,4731,4725,4726
 2015/01/19-23:15,4728,4730,4724,4728
 2015/01/19-23:30,4728,4734,4727,4733
 2015/01/19-09:15,4735,4735,4714,4724
 2015/01/19-09:30,4723,4725,4716,4718
 2015/01/19-09:45,4719,4724,4711,4724
 2015/01/19-10:00,4723,4727,4718,4720
 2015/01/19-10:15,4720,4730,4716,4724
 2015/01/19-10:45,4724,4764,4723,4755
 2015/01/19-11:00,4755,4793,4750,4790
 2015/01/19-11:15,4789,4796,4785,4793
 2015/01/19-11:30,4792,4798,4783,4789
 2015/01/19-13:45,4788,4833,4788,4825
 2015/01/19-14:00,4825,4831,4824,4826
 2015/01/19-14:15,4826,4829,4796,4804
 2015/01/19-14:30,4804,4811,4803,4808
 2015/01/19-14:45,4808,4810,4771,4793
 2015/01/19-15:00,4793,4810,4786,4809
 2015/01/20-21:15,4806,4817,4798,4804
 2015/01/20-21:30,4804,4824,4804,4822
 2015/01/20-21:45,4821,4823,4809,4809
 2015/01/20-22:00,4809,4810,4803,4807
 2015/01/20-22:15,4807,4818,4806,4814
 2015/01/20-22:30,4813,4813,4806,4809
 2015/01/20-22:45,4809,4813,4808,4808
 2015/01/20-23:00,4809,4812,4802,4810
 2015/01/20-23:15,4810,4819,4809,4812
 2015/01/20-23:30,4812,4815,4809,4813
 2015/01/20-09:15,4813,4813,4797,4802
 2015/01/20-09:30,4802,4808,4795,4805
 2015/01/20-09:45,4806,4806,4796,4803
 2015/01/20-10:00,4803,4814,4803,4812
 2015/01/20-10:15,4812,4816,4809,4813
 2015/01/20-10:45,4814,4814,4802,4807
 2015/01/20-11:00,4806,4807,4801,4805
 2015/01/20-11:15,4806,4807,4802,4805
 2015/01/20-11:30,4804,4806,4792,4804
 2015/01/20-13:45,4803,4810,4791,4792
 2015/01/20-14:00,4792,4802,4790,4798
 2015/01/20-14:15,4797,4803,4796,4797
 2015/01/20-14:30,4797,4805,4793,4800
 2015/01/20-14:45,4800,4804,4798,4802
 2015/01/20-15:00,4803,4812,4800,4806
 2015/01/21-21:15,4822,4827,4811,4821
 2015/01/21-21:30,4821,4848,4818,4847
 2015/01/21-21:45,4848,4858,4846,4852
 2015/01/21-22:00,4852,4867,4848,4860
 2015/01/21-22:15,4861,4862,4851,4854
 2015/01/21-22:30,4855,4872,4851,4852
 2015/01/21-22:45,4852,4860,4850,4857
 2015/01/21-23:00,4857,4860,4855,4857
 2015/01/21-23:15,4857,4860,4853,4856
 2015/01/21-23:30,4856,4886,4856,4885
 2015/01/21-09:15,4899,4969,4899,4963
 2015/01/21-09:30,4963,4999,4962,4988
 2015/01/21-09:45,4989,4991,4955,4967
 2015/01/21-10:00,4967,4968,4959,4965
 2015/01/21-10:15,4965,4971,4961,4967
 2015/01/21-10:45,4967,4967,4956,4960
 2015/01/21-11:00,4960,4964,4953,4959
 2015/01/21-11:15,4959,4966,4959,4960
 2015/01/21-11:30,4961,4962,4953,4957
 2015/01/21-13:45,4957,4978,4957,4964
 2015/01/21-14:00,4964,4967,4960,4962
 2015/01/21-14:15,4962,4964,4953,4958
 2015/01/21-14:30,4958,4959,4937,4941
 2015/01/21-14:45,4941,4955,4940,4955
 2015/01/21-15:00,4955,4966,4954,4958
 2015/01/22-21:15,4966,4974,4949,4951
 2015/01/22-21:30,4950,4958,4944,4953
 2015/01/22-21:45,4954,4980,4953,4966
 2015/01/22-22:00,4966,4984,4966,4984
 2015/01/22-22:15,4984,4989,4972,4979
 2015/01/22-22:30,4980,4980,4972,4976
 2015/01/22-22:45,4975,4977,4966,4970
 2015/01/22-23:00,4972,4984,4968,4973
 2015/01/22-23:15,4972,5005,4972,5003
 2015/01/22-23:30,5003,5005,4971,4996
 2015/01/22-09:15,4986,4986,4955,4959
 2015/01/22-09:30,4958,4964,4956,4961
 2015/01/22-09:45,4961,4962,4946,4960
 2015/01/22-10:00,4960,4960,4954,4958
 2015/01/22-10:15,4958,4958,4952,4958
 2015/01/22-10:45,4958,4958,4953,4954
 2015/01/22-11:00,4954,4959,4950,4953
 2015/01/22-11:15,4954,4957,4950,4953
 2015/01/22-11:30,4952,4957,4948,4954
 2015/01/22-13:45,4954,4963,4949,4958
 2015/01/22-14:00,4958,4972,4956,4971
 2015/01/22-14:15,4972,4996,4972,4994
 2015/01/22-14:30,4994,4996,4981,4982
 2015/01/22-14:45,4983,4988,4972,4973
 2015/01/22-15:00,4973,4992,4970,4986
 2015/01/23-21:15,4979,5023,4979,5016
 2015/01/23-21:30,5016,5034,5013,5015
 2015/01/23-21:45,5016,5023,4993,5006
 2015/01/23-22:00,5006,5009,4984,4996
 2015/01/23-22:15,4996,5003,4995,4995
 2015/01/23-22:30,4995,5009,4991,5008
 2015/01/23-22:45,5008,5015,4997,5005
 2015/01/23-23:00,5005,5008,5000,5003
 2015/01/23-23:15,5004,5012,5001,5012
 2015/01/23-23:30,5013,5025,5008,5020
 2015/01/23-09:15,5021,5028,4974,4987
 2015/01/23-09:30,4987,4991,4964,4966
 2015/01/23-09:45,4966,4984,4961,4981
 2015/01/23-10:00,4981,4984,4975,4978
 2015/01/23-10:15,4977,4983,4972,4975
 2015/01/23-10:45,4975,4978,4961,4969
 2015/01/23-11:00,4969,4987,4968,4980
 2015/01/23-11:15,4981,5008,4980,5005
 2015/01/23-11:30,5004,5005,4990,4998
 2015/01/23-13:45,4999,5015,4995,4999
 2015/01/23-14:00,4999,5005,4995,4998
 2015/01/23-14:15,4997,5020,4992,5016
 2015/01/23-14:30,5016,5021,5002,5017
 2015/01/23-14:45,5017,5026,5004,5019
 2015/01/23-15:00,5020,5042,5017,5039
 2015/01/26-21:15,5026,5049,5021,5028
 2015/01/26-21:30,5029,5029,5014,5016
 2015/01/26-21:45,5016,5024,4985,4995
 2015/01/26-22:00,4996,5007,4993,4996
 2015/01/26-22:15,4996,5001,4986,4986
 2015/01/26-22:30,4987,4998,4982,4984
 2015/01/26-22:45,4985,4996,4979,4993
 2015/01/26-23:00,4993,5002,4991,5000
 2015/01/26-23:15,5000,5009,4994,5000
 2015/01/26-23:30,5000,5009,4999,5005
 2015/01/26-09:15,5000,5000,4956,4976
 2015/01/26-09:30,4977,4990,4975,4977
 2015/01/26-09:45,4977,4981,4970,4972
 2015/01/26-10:00,4973,4984,4969,4976
 2015/01/26-10:15,4976,4981,4973,4980
 2015/01/26-10:45,4980,4987,4975,4984
 2015/01/26-11:00,4985,4990,4980,4986
 2015/01/26-11:15,4986,4989,4978,4979
 2015/01/26-11:30,4978,4995,4976,4992
 2015/01/26-13:45,4993,4993,4975,4982
 2015/01/26-14:00,4982,4985,4970,4976
 2015/01/26-14:15,4977,4984,4973,4982
 2015/01/26-14:30,4983,4984,4976,4978
 2015/01/26-14:45,4977,4988,4976,4982
 2015/01/26-15:00,4982,5015,4981,5005
 2015/01/27-21:15,5017,5028,5002,5027
 2015/01/27-21:30,5027,5038,5024,5030
 2015/01/27-21:45,5029,5034,5023,5033
 2015/01/27-22:00,5033,5040,5023,5023
 2015/01/27-22:15,5024,5038,5019,5036
 2015/01/27-22:30,5036,5046,5032,5040
 2015/01/27-22:45,5041,5049,5036,5041
 2015/01/27-23:00,5041,5047,5038,5045
 2015/01/27-23:15,5046,5058,5041,5057
 2015/01/27-23:30,5056,5112,5056,5111
 2015/01/27-09:15,5108,5124,5101,5105
 2015/01/27-09:30,5106,5118,5105,5111
 2015/01/27-09:45,5112,5134,5107,5108
 2015/01/27-10:00,5108,5111,5093,5100
 2015/01/27-10:15,5101,5111,5097,5107
 2015/01/27-10:45,5108,5108,5098,5104
 2015/01/27-11:00,5104,5113,5103,5105
 2015/01/27-11:15,5105,5110,5099,5100
 2015/01/27-11:30,5100,5104,5095,5104
 2015/01/27-13:45,5102,5106,5077,5082
 2015/01/27-14:00,5082,5092,5081,5090
 2015/01/27-14:15,5089,5094,5085,5093
 2015/01/27-14:30,5092,5093,5086,5088
 2015/01/27-14:45,5087,5091,5083,5090
 2015/01/27-15:00,5090,5090,5078,5082
 2015/01/28-21:15,5059,5065,5047,5061
 2015/01/28-21:30,5062,5063,5052,5055
 2015/01/28-21:45,5054,5058,5051,5057
 2015/01/28-22:00,5057,5058,5041,5046
 2015/01/28-22:15,5045,5053,5022,5030
 2015/01/28-22:30,5030,5030,5012,5021
 2015/01/28-22:45,5021,5025,5016,5020
 2015/01/28-23:00,5020,5022,5002,5008
 2015/01/28-23:15,5008,5009,4978,4979
 2015/01/28-23:30,4979,4988,4972,4985
 2015/01/28-09:15,4987,5006,4987,5001
 2015/01/28-09:30,5002,5016,4997,5014
 2015/01/28-09:45,5014,5022,5008,5011
 2015/01/28-10:00,5012,5016,5004,5013
 2015/01/28-10:15,5013,5014,5007,5007
 2015/01/28-10:45,5007,5011,4995,5006
 2015/01/28-11:00,5007,5008,4999,5003
 2015/01/28-11:15,5002,5006,4997,5002
 2015/01/28-11:30,5002,5003,4981,4997
 2015/01/28-13:45,4998,4998,4968,4976
 2015/01/28-14:00,4976,4976,4951,4962
 2015/01/28-14:15,4962,4968,4958,4962
 2015/01/28-14:30,4961,4979,4959,4974
 2015/01/28-14:45,4975,4986,4969,4979
 2015/01/28-15:00,4979,4981,4962,4980
 2015/01/29-21:15,4988,4996,4972,4974
 2015/01/29-21:30,4973,4977,4965,4973
 2015/01/29-21:45,4972,4980,4967,4970
 2015/01/29-22:00,4971,4978,4967,4978
 2015/01/29-22:15,4978,4997,4971,4993
 2015/01/29-22:30,4994,4997,4988,4991
 2015/01/29-22:45,4991,4993,4972,4978
 2015/01/29-23:00,4978,4993,4975,4987
 2015/01/29-23:15,4986,4992,4979,4989
 2015/01/29-23:30,4989,4990,4978,4981
 2015/01/29-09:15,4986,4989,4965,4981
 2015/01/29-09:30,4982,4986,4975,4983
 2015/01/29-09:45,4983,4985,4971,4975
 2015/01/29-10:00,4976,4984,4975,4984
 2015/01/29-10:15,4984,4992,4978,4987
 2015/01/29-10:45,4988,4989,4984,4988
 2015/01/29-11:00,4987,4991,4984,4986
 2015/01/29-11:15,4986,5014,4985,5013
 2015/01/29-11:30,5014,5015,5000,5007
 2015/01/29-13:45,5007,5010,4990,4992
 2015/01/29-14:00,4992,4996,4987,4994
 2015/01/29-14:15,4994,4996,4990,4992
 2015/01/29-14:30,4992,4995,4988,4995
 2015/01/29-14:45,4994,4997,4989,4992
 2015/01/29-15:00,4992,4997,4981,4982
 2015/01/30-21:15,4968,4968,4932,4935
 2015/01/30-21:30,4935,4944,4926,4938
 2015/01/30-21:45,4938,4945,4936,4944
 2015/01/30-22:00,4945,4949,4943,4945
 2015/01/30-22:15,4945,4947,4939,4941
 2015/01/30-22:30,4940,4946,4937,4944
 2015/01/30-22:45,4944,4957,4944,4945
 2015/01/30-23:00,4945,4966,4944,4966
 2015/01/30-23:15,4966,4966,4957,4961
 2015/01/30-23:30,4960,4976,4957,4968
 2015/01/30-09:15,4963,4963,4936,4938
 2015/01/30-09:30,4939,4955,4937,4955
 2015/01/30-09:45,4956,4966,4951,4954
 2015/01/30-10:00,4954,4954,4943,4944
 2015/01/30-10:15,4944,4949,4936,4946
 2015/01/30-10:45,4945,4947,4940,4942
 2015/01/30-11:00,4942,4945,4915,4938
 2015/01/30-11:15,4938,4956,4935,4950
 2015/01/30-11:30,4950,4955,4941,4948
 2015/01/30-13:45,4948,4948,4931,4936
 2015/01/30-14:00,4935,4939,4925,4929
 2015/01/30-14:15,4929,4937,4925,4932
 2015/01/30-14:30,4933,4934,4923,4928
 2015/01/30-14:45,4927,4928,4912,4920
 2015/01/30-15:00,4920,4922,4898,4907
 2015/02/02-21:15,4907,4923,4882,4919
 2015/02/02-21:30,4919,4924,4911,4919
 2015/02/02-21:45,4919,4928,4915,4928
 2015/02/02-22:00,4928,4934,4921,4923
 2015/02/02-22:15,4923,4928,4919,4922
 2015/02/02-22:30,4921,4926,4905,4912
 2015/02/02-22:45,4912,4923,4908,4922
 2015/02/02-23:00,4922,4941,4919,4940
 2015/02/02-23:15,4940,4946,4934,4937
 2015/02/02-23:30,4937,4942,4934,4939
 2015/02/02-09:15,4941,4996,4938,4976
 2015/02/02-09:30,4977,4987,4966,4968
 2015/02/02-09:45,4968,4984,4968,4982
 2015/02/02-10:00,4983,4987,4972,4982
 2015/02/02-10:15,4982,5009,4980,5009
 2015/02/02-10:45,5008,5013,4997,5004
 2015/02/02-11:00,5004,5005,4994,4999
 2015/02/02-11:15,4999,5006,4997,4999
 2015/02/02-11:30,4999,5001,4985,5000
 2015/02/02-13:45,5000,5002,4992,4997
 2015/02/02-14:00,4997,5017,4997,5008
 2015/02/02-14:15,5009,5023,5003,5018
 2015/02/02-14:30,5018,5022,5012,5016
 2015/02/02-14:45,5016,5026,5013,5022
 2015/02/02-15:00,5021,5030,5016,5017
 2015/02/03-21:15,5020,5035,5016,5026
 2015/02/03-21:30,5026,5040,5026,5032
 2015/02/03-21:45,5031,5033,5022,5032
 2015/02/03-22:00,5032,5034,5026,5030
 2015/02/03-22:15,5030,5033,5022,5028
 2015/02/03-22:30,5028,5028,4996,5004
 2015/02/03-22:45,5005,5006,4991,4994
 2015/02/03-23:00,4994,5002,4985,4996
 2015/02/03-23:15,4996,4999,4989,4990
 2015/02/03-23:30,4990,5001,4988,4990
 2015/02/03-09:15,4960,4960,4925,4934
 2015/02/03-09:30,4933,4953,4932,4947
 2015/02/03-09:45,4947,4964,4945,4957
 2015/02/03-10:00,4958,4959,4949,4953
 2015/02/03-10:15,4953,4957,4947,4953
 2015/02/03-10:45,4954,4958,4942,4944
 2015/02/03-11:00,4945,4953,4942,4950
 2015/02/03-11:15,4950,4956,4947,4954
 2015/02/03-11:30,4954,4962,4952,4955
 2015/02/03-13:45,4956,4967,4950,4966
 2015/02/03-14:00,4966,4987,4965,4981
 2015/02/03-14:15,4981,4983,4973,4973
 2015/02/03-14:30,4973,4976,4965,4976
 2015/02/03-14:45,4976,4981,4972,4973
 2015/02/03-15:00,4973,5010,4969,5003
 2015/02/04-21:15,5024,5035,5006,5008
 2015/02/04-21:30,5007,5021,5006,5013
 2015/02/04-21:45,5013,5015,5003,5007
 2015/02/04-22:00,5008,5019,5003,5018
 2015/02/04-22:15,5018,5025,5012,5019
 2015/02/04-22:30,5020,5028,5016,5024
 2015/02/04-22:45,5024,5040,5020,5026
 2015/02/04-23:00,5026,5038,5025,5028
 2015/02/04-23:15,5028,5029,5016,5021
 2015/02/04-23:30,5021,5032,5016,5021
 2015/02/04-09:15,5020,5029,5007,5029
 2015/02/04-09:30,5029,5051,5024,5030
 2015/02/04-09:45,5030,5036,5020,5026
 2015/02/04-10:00,5025,5042,5023,5040
 2015/02/04-10:15,5039,5048,5036,5047
 2015/02/04-10:45,5047,5049,5037,5048
 2015/02/04-11:00,5048,5049,5039,5047
 2015/02/04-11:15,5047,5057,5029,5035
 2015/02/04-11:30,5035,5038,5029,5035
 2015/02/04-13:45,5034,5042,5033,5039
 2015/02/04-14:00,5039,5039,5032,5034
 2015/02/04-14:15,5035,5035,5012,5017
 2015/02/04-14:30,5017,5027,5012,5022
 2015/02/04-14:45,5022,5023,5010,5014
 2015/02/04-15:00,5014,5018,5000,5004
 2015/02/05-21:15,5022,5033,5016,5031
 2015/02/05-21:30,5031,5037,5027,5027
 2015/02/05-21:45,5028,5030,5011,5019
 2015/02/05-22:00,5020,5020,5005,5014
 2015/02/05-22:15,5014,5015,5001,5007
 2015/02/05-22:30,5006,5008,4990,4998
 2015/02/05-22:45,4998,5005,4995,5003
 2015/02/05-23:00,5002,5007,4993,5005
 2015/02/05-23:15,5005,5009,5002,5004
 2015/02/05-23:30,5004,5013,5004,5008
 2015/02/05-09:15,5009,5023,4996,5004
 2015/02/05-09:30,5004,5009,4991,5000
 2015/02/05-09:45,5000,5006,4976,4979
 2015/02/05-10:00,4980,4981,4966,4971
 2015/02/05-10:15,4970,4979,4969,4977
 2015/02/05-10:45,4977,4977,4969,4969
 2015/02/05-11:00,4970,4977,4969,4970
 2015/02/05-11:15,4970,4981,4969,4978
 2015/02/05-11:30,4978,4988,4976,4983
 2015/02/05-13:45,4983,4983,4972,4974
 2015/02/05-14:00,4974,4978,4971,4974
 2015/02/05-14:15,4974,4986,4973,4982
 2015/02/05-14:30,4982,4982,4974,4980
 2015/02/05-14:45,4981,4985,4966,4973
 2015/02/05-15:00,4973,4983,4971,4974
 2015/02/06-21:15,4986,5003,4976,4984
 2015/02/06-21:30,4984,4984,4950,4957
 2015/02/06-21:45,4957,4962,4954,4961
 2015/02/06-22:00,4960,4965,4957,4961
 2015/02/06-22:15,4961,4962,4953,4956
 2015/02/06-22:30,4956,4963,4954,4960
 2015/02/06-22:45,4959,4962,4955,4962
 2015/02/06-23:00,4962,4970,4954,4969
 2015/02/06-23:15,4968,4983,4963,4979
 2015/02/06-23:30,4979,4981,4960,4961
 2015/02/06-09:15,4965,4974,4956,4969
 2015/02/06-09:30,4969,4983,4969,4983
 2015/02/06-09:45,4983,4993,4980,4992
 2015/02/06-10:00,4992,5014,4990,5011
 2015/02/06-10:15,5011,5021,5000,5010
 2015/02/06-10:45,5010,5023,5008,5019
 2015/02/06-11:00,5020,5025,5015,5019
 2015/02/06-11:15,5019,5020,5007,5013
 2015/02/06-11:30,5014,5015,5005,5008
 2015/02/06-13:45,5009,5014,4998,5001
 2015/02/06-14:00,5001,5006,4993,5001
 2015/02/06-14:15,5001,5012,5001,5004
 2015/02/06-14:30,5005,5007,4997,5003
 2015/02/06-14:45,5002,5011,4997,5005
 2015/02/06-15:00,5005,5009,5000,5007
 2015/02/09-21:15,4991,5034,4990,5032
 2015/02/09-21:30,5031,5034,5022,5027
 2015/02/09-21:45,5027,5029,4997,5001
 2015/02/09-22:00,5000,5005,4976,4990
 2015/02/09-22:15,4990,4997,4983,4986
 2015/02/09-22:30,4984,4992,4978,4981
 2015/02/09-22:45,4979,4983,4970,4975
 2015/02/09-23:00,4975,4989,4973,4987
 2015/02/09-23:15,4987,4992,4979,4985
 2015/02/09-23:30,4985,4992,4975,4984
 2015/02/09-09:15,4984,4995,4967,4989
 2015/02/09-09:30,4987,4994,4980,4984
 2015/02/09-09:45,4984,4989,4981,4983
 2015/02/09-10:00,4983,4992,4981,4987
 2015/02/09-10:15,4987,4990,4981,4983
 2015/02/09-10:45,4983,4986,4975,4977
 2015/02/09-11:00,4978,4987,4975,4983
 2015/02/09-11:15,4984,4985,4981,4985
 2015/02/09-11:30,4984,4991,4982,4987
 2015/02/09-13:45,4987,5001,4986,4994
 2015/02/09-14:00,4994,4996,4986,4993
 2015/02/09-14:15,4994,5012,4993,5006
 2015/02/09-14:30,5005,5008,5002,5003
 2015/02/09-14:45,5003,5008,5000,5007
 2015/02/09-15:00,5007,5014,5004,5010
 2015/02/10-21:15,5020,5030,5014,5021
 2015/02/10-21:30,5021,5027,5015,5018
 2015/02/10-21:45,5018,5018,5006,5010
 2015/02/10-22:00,5010,5013,5008,5009
 2015/02/10-22:15,5010,5024,5009,5020
 2015/02/10-22:30,5020,5024,5014,5020
 2015/02/10-22:45,5020,5031,5018,5027
 2015/02/10-23:00,5026,5034,5025,5033
 2015/02/10-23:15,5034,5035,5025,5031
 2015/02/10-23:30,5032,5043,5031,5042
 2015/02/10-09:15,5042,5082,5035,5080
 2015/02/10-09:30,5080,5081,5069,5073
 2015/02/10-09:45,5073,5083,5069,5076
 2015/02/10-10:00,5075,5083,5070,5074
 2015/02/10-10:15,5073,5075,5062,5066
 2015/02/10-10:45,5066,5075,5064,5074
 2015/02/10-11:00,5073,5078,5069,5074
 2015/02/10-11:15,5075,5087,5074,5080
 2015/02/10-11:30,5079,5081,5071,5080
 2015/02/10-13:45,5081,5093,5076,5088
 2015/02/10-14:00,5089,5096,5086,5092
 2015/02/10-14:15,5091,5112,5091,5098
 2015/02/10-14:30,5098,5104,5094,5100
 2015/02/10-14:45,5100,5103,5091,5095
 2015/02/10-15:00,5095,5102,5086,5088
 2015/02/11-21:15,5084,5092,5073,5089
 2015/02/11-21:30,5089,5096,5087,5093
 2015/02/11-21:45,5093,5095,5088,5091
 2015/02/11-22:00,5092,5099,5091,5097
 2015/02/11-22:15,5098,5102,5096,5099
 2015/02/11-22:30,5100,5109,5098,5107
 2015/02/11-22:45,5106,5109,5099,5100
 2015/02/11-23:00,5101,5101,5089,5095
 2015/02/11-23:15,5094,5099,5092,5094
 2015/02/11-23:30,5095,5095,5086,5089
 2015/02/11-09:15,5079,5083,5070,5077
 2015/02/11-09:30,5077,5081,5073,5081
 2015/02/11-09:45,5081,5093,5078,5087
 2015/02/11-10:00,5088,5090,5081,5085
 2015/02/11-10:15,5084,5093,5083,5087
 2015/02/11-10:45,5086,5087,5077,5081
 2015/02/11-11:00,5081,5086,5078,5086
 2015/02/11-11:15,5086,5086,5079,5082
 2015/02/11-11:30,5081,5086,5078,5085
 2015/02/11-13:45,5085,5088,5083,5085
 2015/02/11-14:00,5085,5085,5081,5083
 2015/02/11-14:15,5084,5089,5079,5083
 2015/02/11-14:30,5084,5105,5083,5100
 2015/02/11-14:45,5099,5113,5099,5107
 2015/02/11-15:00,5107,5114,5105,5107
 2015/02/12-21:15,5100,5108,5099,5103
 2015/02/12-21:30,5102,5117,5102,5115
 2015/02/12-21:45,5115,5127,5112,5126
 2015/02/12-22:00,5126,5128,5119,5124
 2015/02/12-22:15,5124,5129,5121,5125
 2015/02/12-22:30,5125,5130,5113,5119
 2015/02/12-22:45,5119,5120,5103,5108
 2015/02/12-23:00,5108,5112,5107,5109
 2015/02/12-23:15,5110,5114,5107,5111
 2015/02/12-23:30,5110,5112,5101,5110
 2015/02/12-09:15,5110,5132,5107,5131
 2015/02/12-09:30,5131,5137,5119,5122
 2015/02/12-09:45,5123,5126,5103,5105
 2015/02/12-10:00,5106,5110,5099,5102
 2015/02/12-10:15,5102,5102,5084,5092
 2015/02/12-10:45,5093,5093,5080,5085
 2015/02/12-11:00,5085,5091,5084,5086
 2015/02/12-11:15,5086,5089,5081,5088
 2015/02/12-11:30,5088,5093,5084,5090
 2015/02/12-13:45,5091,5123,5091,5118
 2015/02/12-14:00,5119,5124,5115,5119
 2015/02/12-14:15,5119,5128,5115,5122
 2015/02/12-14:30,5122,5123,5112,5118
 2015/02/12-14:45,5118,5122,5113,5122
 2015/02/12-15:00,5122,5125,5116,5124
 2015/02/13-21:15,5124,5130,5113,5115
 2015/02/13-21:30,5115,5116,5089,5097
 2015/02/13-21:45,5097,5104,5095,5103
 2015/02/13-22:00,5102,5107,5100,5103
 2015/02/13-22:15,5103,5118,5101,5111
 2015/02/13-22:30,5111,5121,5110,5119
 2015/02/13-22:45,5119,5125,5114,5123
 2015/02/13-23:00,5123,5124,5116,5123
 2015/02/13-23:15,5123,5129,5118,5127
 2015/02/13-23:30,5126,5133,5120,5123
 2015/02/13-09:15,5130,5135,5121,5126
 2015/02/13-09:30,5126,5148,5125,5132
 2015/02/13-09:45,5133,5133,5110,5129
 2015/02/13-10:00,5129,5134,5122,5125
 2015/02/13-10:15,5125,5132,5123,5128
 2015/02/13-10:45,5128,5135,5125,5133
 2015/02/13-11:00,5133,5141,5129,5133
 2015/02/13-11:15,5133,5137,5127,5134
 2015/02/13-11:30,5133,5139,5133,5136
 2015/02/13-13:45,5135,5140,5124,5128
 2015/02/13-14:00,5128,5147,5128,5140
 2015/02/13-14:15,5141,5143,5132,5136
 2015/02/13-14:30,5136,5141,5130,5131
 2015/02/13-14:45,5131,5136,5127,5134
 2015/02/13-15:00,5133,5139,5121,5121
 2015/02/16-21:15,5163,5173,5151,5151
 2015/02/16-21:30,5151,5157,5138,5153
 2015/02/16-21:45,5153,5166,5152,5163
 2015/02/16-22:00,5163,5165,5152,5158
 2015/02/16-22:15,5159,5163,5152,5158
 2015/02/16-22:30,5158,5160,5150,5157
 2015/02/16-22:45,5156,5168,5156,5164
 2015/02/16-23:00,5166,5172,5162,5165
 2015/02/16-23:15,5166,5170,5162,5169
 2015/02/16-23:30,5170,5179,5157,5158
 2015/02/16-09:15,5158,5203,5158,5194
 2015/02/16-09:30,5195,5202,5171,5183
 2015/02/16-09:45,5184,5187,5175,5179
 2015/02/16-10:00,5179,5185,5177,5185
 2015/02/16-10:15,5185,5194,5181,5191
 2015/02/16-10:45,5191,5194,5187,5191
 2015/02/16-11:00,5191,5193,5186,5189
 2015/02/16-11:15,5189,5197,5189,5193
 2015/02/16-11:30,5193,5194,5187,5189
 2015/02/16-13:45,5189,5191,5185,5188
 2015/02/16-14:00,5188,5189,5173,5181
 2015/02/16-14:15,5179,5188,5179,5183
 2015/02/16-14:30,5183,5186,5180,5186
 2015/02/16-14:45,5185,5194,5184,5186
 2015/02/16-15:00,5186,5190,5171,5172
 2015/02/17-21:15,5172,5175,5143,5156
 2015/02/17-21:30,5155,5161,5154,5157
 2015/02/17-21:45,5158,5163,5157,5160
 2015/02/17-22:00,5161,5161,5158,5159
 2015/02/17-22:15,5159,5163,5154,5162
 2015/02/17-22:30,5162,5169,5161,5162
 2015/02/17-22:45,5162,5167,5162,5166
 2015/02/17-23:00,5166,5169,5163,5168
 2015/02/17-23:15,5168,5170,5158,5163
 2015/02/17-23:30,5162,5170,5161,5168
 2015/02/17-09:15,5169,5179,5167,5175
 2015/02/17-09:30,5174,5177,5166,5173
 2015/02/17-09:45,5173,5181,5172,5176
 2015/02/17-10:00,5176,5179,5171,5177
 2015/02/17-10:15,5177,5181,5175,5179
 2015/02/17-10:45,5179,5181,5176,5178
 2015/02/17-11:00,5179,5180,5176,5177
 2015/02/17-11:15,5177,5178,5175,5177
 2015/02/17-11:30,5177,5189,5176,5180
 2015/02/17-13:45,5182,5185,5179,5180
 2015/02/17-14:00,5181,5182,5179,5181
 2015/02/17-14:15,5181,5189,5180,5186
 2015/02/17-14:30,5186,5194,5184,5186
 2015/02/17-14:45,5186,5187,5182,5185
 2015/02/17-15:00,5186,5190,5179,5190
 2015/02/25-21:15,5172,5172,5172,5172
 2015/02/25-21:30,5172,5172,5172,5172
 2015/02/25-21:45,5172,5172,5172,5172
 2015/02/25-22:00,5172,5172,5172,5172
 2015/02/25-22:15,5172,5172,5172,5172
 2015/02/25-22:30,5172,5172,5172,5172
 2015/02/25-22:45,5172,5172,5172,5172
 2015/02/25-23:00,5172,5172,5172,5172
 2015/02/25-23:15,5172,5172,5172,5172
 2015/02/25-23:30,5172,5172,5131,5131
 2015/02/25-09:15,5128,5140,5105,5134
 2015/02/25-09:30,5135,5136,5115,5120
 2015/02/25-09:45,5120,5122,5115,5118
 2015/02/25-10:00,5119,5119,5081,5083
 2015/02/25-10:15,5082,5082,5051,5066
 2015/02/25-10:45,5066,5082,5065,5078
 2015/02/25-11:00,5078,5090,5075,5083
 2015/02/25-11:15,5083,5085,5079,5084
 2015/02/25-11:30,5084,5084,5066,5070
 2015/02/25-13:45,5068,5078,5063,5067
 2015/02/25-14:00,5067,5070,5058,5060
 2015/02/25-14:15,5059,5075,5059,5071
 2015/02/25-14:30,5073,5074,5064,5067
 2015/02/25-14:45,5068,5072,5059,5066
 2015/02/25-15:00,5066,5069,5060,5061
 2015/02/26-21:15,5065,5071,5048,5066
 2015/02/26-21:30,5066,5072,5057,5059
 2015/02/26-21:45,5059,5062,5054,5061
 2015/02/26-22:00,5061,5064,5056,5058
 2015/02/26-22:15,5058,5060,5053,5056
 2015/02/26-22:30,5056,5060,5050,5057
 2015/02/26-22:45,5057,5059,5052,5054
 2015/02/26-23:00,5054,5059,5053,5057
 2015/02/26-23:15,5057,5059,5055,5056
 2015/02/26-23:30,5056,5057,5053,5056
 2015/02/26-09:15,5050,5050,5006,5016
 2015/02/26-09:30,5016,5028,5016,5025
 2015/02/26-09:45,5025,5033,5023,5029
 2015/02/26-10:00,5029,5030,5024,5027
 2015/02/26-10:15,5027,5032,5026,5027
 2015/02/26-10:45,5028,5035,5028,5035
 2015/02/26-11:00,5035,5035,5030,5032
 2015/02/26-11:15,5032,5053,5032,5051
 2015/02/26-11:30,5052,5056,5048,5051
 2015/02/26-13:45,5050,5057,5038,5039
 2015/02/26-14:00,5038,5044,5038,5040
 2015/02/26-14:15,5040,5045,5035,5041
 2015/02/26-14:30,5040,5042,5034,5035
 2015/02/26-14:45,5035,5044,5032,5042
 2015/02/26-15:00,5043,5045,5039,5041
 2015/02/27-21:15,5050,5071,5049,5065
 2015/02/27-21:30,5064,5065,5051,5054
 2015/02/27-21:45,5055,5072,5055,5059
 2015/02/27-22:00,5060,5061,5050,5051
 2015/02/27-22:15,5051,5056,5051,5055
 2015/02/27-22:30,5055,5055,5042,5049
 2015/02/27-22:45,5048,5055,5046,5047
 2015/02/27-23:00,5048,5051,5046,5049
 2015/02/27-23:15,5049,5056,5048,5050
 2015/02/27-23:30,5050,5063,5048,5062
 2015/02/27-09:15,5068,5096,5066,5095
 2015/02/27-09:30,5095,5100,5091,5094
 2015/02/27-09:45,5094,5099,5087,5090
 2015/02/27-10:00,5090,5094,5087,5094
 2015/02/27-10:15,5094,5095,5083,5087
 2015/02/27-10:45,5088,5106,5084,5104
 2015/02/27-11:00,5105,5114,5104,5112
 2015/02/27-11:15,5113,5127,5112,5127
 2015/02/27-11:30,5125,5138,5125,5133
 2015/02/27-13:45,5132,5146,5123,5141
 2015/02/27-14:00,5141,5155,5141,5147
 2015/02/27-14:15,5147,5150,5141,5147
 2015/02/27-14:30,5147,5155,5143,5148
 2015/02/27-14:45,5148,5149,5132,5136
 2015/02/27-15:00,5136,5143,5111,5111
 2015/03/02-21:15,5110,5130,5103,5121
 2015/03/02-21:30,5121,5122,5114,5120
 2015/03/02-21:45,5120,5137,5119,5131
 2015/03/02-22:00,5130,5130,5114,5121
 2015/03/02-22:15,5121,5132,5117,5122
 2015/03/02-22:30,5122,5132,5110,5110
 2015/03/02-22:45,5111,5120,5108,5116
 2015/03/02-23:00,5117,5127,5116,5126
 2015/03/02-23:15,5126,5127,5117,5121
 2015/03/02-23:30,5120,5125,5114,5121
 2015/03/02-09:15,5125,5154,5125,5141
 2015/03/02-09:30,5140,5146,5134,5145
 2015/03/02-09:45,5145,5193,5143,5179
 2015/03/02-10:00,5180,5198,5171,5196
 2015/03/02-10:15,5196,5202,5184,5190
 2015/03/02-10:45,5190,5205,5185,5201
 2015/03/02-11:00,5200,5206,5187,5199
 2015/03/02-11:15,5199,5210,5189,5191
 2015/03/02-11:30,5192,5205,5191,5200
 2015/03/02-13:45,5199,5219,5199,5214
 2015/03/02-14:00,5214,5217,5198,5204
 2015/03/02-14:15,5204,5204,5192,5199
 2015/03/02-14:30,5199,5203,5194,5202
 2015/03/02-14:45,5202,5209,5200,5208
 2015/03/02-15:00,5209,5212,5197,5209
 2015/03/04-21:15,5190,5190,5190,5190
 2015/03/04-21:30,5190,5190,5190,5190
 2015/03/04-21:45,5190,5190,5190,5190
 2015/03/04-22:00,5190,5190,5190,5190
 2015/03/04-22:15,5190,5190,5190,5190
 2015/03/04-22:30,5190,5190,5190,5190
 2015/03/04-22:45,5190,5190,5190,5190
 2015/03/04-23:00,5190,5190,5190,5190
 2015/03/04-23:15,5190,5190,5190,5190
 2015/03/04-23:30,5190,5190,5161,5161
 2015/03/04-09:15,5157,5165,5148,5158
 2015/03/04-09:30,5157,5162,5155,5158
 2015/03/04-09:45,5158,5178,5157,5175
 2015/03/04-10:00,5176,5182,5170,5176
 2015/03/04-10:15,5177,5183,5170,5177
 2015/03/04-10:45,5177,5187,5173,5186
 2015/03/04-11:00,5188,5208,5180,5193
 2015/03/04-11:15,5193,5193,5165,5171
 2015/03/04-11:30,5170,5183,5167,5183
 2015/03/04-13:45,5182,5186,5181,5183
 2015/03/04-14:00,5183,5192,5177,5178
 2015/03/04-14:15,5179,5185,5176,5181
 2015/03/04-14:30,5180,5183,5175,5176
 2015/03/04-14:45,5176,5181,5176,5179
 2015/03/04-15:00,5178,5179,5149,5153
 2015/03/05-21:15,5149,5164,5139,5150
 2015/03/05-21:30,5149,5160,5142,5158
 2015/03/05-21:45,5157,5162,5155,5159
 2015/03/05-22:00,5159,5164,5159,5163
 2015/03/05-22:15,5163,5164,5154,5157
 2015/03/05-22:30,5157,5162,5149,5151
 2015/03/05-22:45,5151,5154,5143,5150
 2015/03/05-23:00,5150,5151,5117,5118
 2015/03/05-23:15,5117,5130,5102,5111
 2015/03/05-23:30,5110,5126,5109,5113
 2015/03/05-09:15,5118,5130,5113,5125
 2015/03/05-09:30,5124,5124,5108,5116
 2015/03/05-09:45,5115,5117,5089,5092
 2015/03/05-10:00,5092,5096,5082,5089
 2015/03/05-10:15,5088,5097,5086,5094
 2015/03/05-10:45,5095,5110,5093,5105
 2015/03/05-11:00,5105,5113,5102,5109
 2015/03/05-11:15,5109,5110,5102,5103
 2015/03/05-11:30,5103,5112,5101,5106
 2015/03/05-13:45,5105,5116,5103,5112
 2015/03/05-14:00,5111,5112,5095,5098
 2015/03/05-14:15,5098,5109,5093,5108
 2015/03/05-14:30,5106,5107,5092,5095
 2015/03/05-14:45,5095,5096,5085,5088
 2015/03/05-15:00,5088,5099,5080,5097
 2015/03/06-21:15,5106,5127,5106,5125
 2015/03/06-21:30,5125,5130,5114,5117
 2015/03/06-21:45,5118,5123,5116,5120
 2015/03/06-22:00,5121,5125,5119,5121
 2015/03/06-22:15,5121,5122,5106,5110
 2015/03/06-22:30,5111,5111,5103,5106
 2015/03/06-22:45,5107,5108,5099,5104
 2015/03/06-23:00,5105,5121,5105,5119
 2015/03/06-23:15,5119,5125,5115,5122
 2015/03/06-23:30,5122,5127,5113,5117
 2015/03/06-09:15,5107,5112,5097,5106
 2015/03/06-09:30,5106,5110,5094,5100
 2015/03/06-09:45,5099,5108,5098,5104
 2015/03/06-10:00,5104,5107,5097,5106
 2015/03/06-10:15,5104,5116,5102,5109
 2015/03/06-10:45,5109,5118,5108,5113
 2015/03/06-11:00,5114,5115,5104,5106
 2015/03/06-11:15,5106,5114,5103,5111
 2015/03/06-11:30,5112,5140,5108,5139
 2015/03/06-13:45,5139,5166,5138,5155
 2015/03/06-14:00,5156,5158,5129,5133
 2015/03/06-14:15,5133,5138,5129,5132
 2015/03/06-14:30,5132,5137,5122,5129
 2015/03/06-14:45,5129,5129,5106,5107
 2015/03/06-15:00,5107,5113,5089,5094
 2015/03/09-21:15,5102,5110,5055,5056
 2015/03/09-21:30,5055,5068,5041,5046
 2015/03/09-21:45,5046,5048,4984,4998
 2015/03/09-22:00,4997,5005,4955,4997
 2015/03/09-22:15,4996,4998,4978,4978
 2015/03/09-22:30,4978,4984,4918,4924
 2015/03/09-22:45,4925,4946,4924,4941
 2015/03/09-23:00,4941,4951,4932,4941
 2015/03/09-23:15,4940,4963,4940,4946
 2015/03/09-23:30,4948,4956,4937,4942
 2015/03/09-09:15,4947,4975,4942,4960
 2015/03/09-09:30,4960,4977,4958,4964
 2015/03/09-09:45,4965,4979,4963,4966
 2015/03/09-10:00,4966,4966,4918,4920
 2015/03/09-10:15,4920,4925,4918,4925
 2015/03/09-10:45,4926,4934,4921,4924
 2015/03/09-11:00,4924,4928,4918,4923
 2015/03/09-11:15,4923,4927,4922,4926
 2015/03/09-11:30,4926,4933,4920,4931
 2015/03/09-13:45,4931,4955,4928,4955
 2015/03/09-14:00,4955,4967,4945,4965
 2015/03/09-14:15,4965,4971,4948,4950
 2015/03/09-14:30,4950,4963,4950,4954
 2015/03/09-14:45,4954,4958,4934,4940
 2015/03/09-15:00,4941,4944,4925,4926
 2015/03/10-21:15,4920,4960,4920,4958
 2015/03/10-21:30,4958,4978,4953,4969
 2015/03/10-21:45,4970,4975,4965,4971
 2015/03/10-22:00,4970,4977,4963,4971
 2015/03/10-22:15,4971,4990,4968,4984
 2015/03/10-22:30,4984,4985,4975,4977
 2015/03/10-22:45,4976,4981,4957,4958
 2015/03/10-23:00,4958,4965,4955,4965
 2015/03/10-23:15,4964,4969,4955,4963
 2015/03/10-23:30,4963,4969,4960,4968
 2015/03/10-09:15,4967,4967,4951,4956
 2015/03/10-09:30,4955,4964,4954,4962
 2015/03/10-09:45,4963,4963,4951,4956
 2015/03/10-10:00,4957,4963,4950,4960
 2015/03/10-10:15,4960,4962,4953,4959
 2015/03/10-10:45,4959,4978,4958,4973
 2015/03/10-11:00,4973,4974,4959,4962
 2015/03/10-11:15,4962,4965,4957,4960
 2015/03/10-11:30,4960,4964,4959,4962
 2015/03/10-13:45,4960,4970,4958,4965
 2015/03/10-14:00,4966,4966,4951,4953
 2015/03/10-14:15,4953,4956,4946,4947
 2015/03/10-14:30,4947,4956,4928,4955
 2015/03/10-14:45,4955,4956,4946,4951
 2015/03/10-15:00,4951,4959,4942,4950
 2015/03/11-21:15,4926,4958,4912,4953
 2015/03/11-21:30,4952,4977,4950,4973
 2015/03/11-21:45,4973,4990,4970,4983
 2015/03/11-22:00,4983,4987,4974,4977
 2015/03/11-22:15,4978,4988,4972,4985
 2015/03/11-22:30,4985,4988,4978,4985
 2015/03/11-22:45,4985,4994,4967,4970
 2015/03/11-23:00,4969,4988,4969,4981
 2015/03/11-23:15,4981,4986,4980,4984
 2015/03/11-23:30,4984,4992,4970,4989
 2015/03/11-09:15,4979,4987,4974,4984
 2015/03/11-09:30,4984,4993,4979,4983
 2015/03/11-09:45,4983,4986,4966,4967
 2015/03/11-10:00,4968,4978,4967,4972
 2015/03/11-10:15,4972,4973,4956,4964
 2015/03/11-10:45,4964,4981,4960,4976
 2015/03/11-11:00,4975,4985,4974,4977
 2015/03/11-11:15,4977,4980,4972,4975
 2015/03/11-11:30,4975,4977,4956,4964
 2015/03/11-13:45,4964,4971,4956,4959
 2015/03/11-14:00,4960,4960,4935,4937
 2015/03/11-14:15,4936,4948,4932,4941
 2015/03/11-14:30,4941,4967,4939,4961
 2015/03/11-14:45,4961,4966,4952,4956
 2015/03/11-15:00,4957,4961,4952,4955
 2015/03/12-21:15,4956,4990,4956,4975
 2015/03/12-21:30,4975,4984,4971,4984
 2015/03/12-21:45,4983,4985,4973,4977
 2015/03/12-22:00,4976,4983,4973,4979
 2015/03/12-22:15,4979,4983,4975,4980
 2015/03/12-22:30,4980,4985,4977,4983
 2015/03/12-22:45,4983,4986,4973,4976
 2015/03/12-23:00,4976,4982,4974,4976
 2015/03/12-23:15,4975,4979,4967,4971
 2015/03/12-23:30,4971,4978,4966,4973
 2015/03/12-09:15,4982,4987,4976,4978
 2015/03/12-09:30,4978,4980,4965,4969
 2015/03/12-09:45,4969,4975,4963,4971
 2015/03/12-10:00,4972,4974,4960,4968
 2015/03/12-10:15,4969,4970,4964,4968
 2015/03/12-10:45,4968,4977,4956,4960
 2015/03/12-11:00,4960,4966,4959,4965
 2015/03/12-11:15,4964,4975,4964,4971
 2015/03/12-11:30,4971,4975,4968,4973
 2015/03/12-13:45,4973,4982,4970,4972
 2015/03/12-14:00,4971,4975,4967,4970
 2015/03/12-14:15,4970,4979,4970,4975
 2015/03/12-14:30,4974,4979,4972,4974
 2015/03/12-14:45,4974,5026,4973,5022
 2015/03/12-15:00,5022,5052,5022,5050
 2015/03/13-21:15,5051,5066,5046,5053
 2015/03/13-21:30,5052,5067,5051,5057
 2015/03/13-21:45,5057,5062,5053,5060
 2015/03/13-22:00,5061,5085,5059,5074
 2015/03/13-22:15,5074,5076,5058,5065
 2015/03/13-22:30,5066,5066,5048,5052
 2015/03/13-22:45,5052,5060,5051,5055
 2015/03/13-23:00,5054,5056,5036,5042
 2015/03/13-23:15,5042,5043,5029,5040
 2015/03/13-23:30,5039,5052,5036,5045
 2015/03/13-09:15,5051,5062,5043,5059
 2015/03/13-09:30,5059,5062,5052,5053
 2015/03/13-09:45,5053,5053,5037,5039
 2015/03/13-10:00,5039,5048,5039,5047
 2015/03/13-10:15,5047,5064,5047,5060
 2015/03/13-10:45,5060,5062,5047,5051
 2015/03/13-11:00,5051,5053,5045,5052
 2015/03/13-11:15,5052,5067,5051,5053
 2015/03/13-11:30,5054,5066,5047,5059
 2015/03/13-13:45,5060,5063,5057,5059
 2015/03/13-14:00,5060,5073,5056,5061
 2015/03/13-14:15,5063,5068,5056,5060
 2015/03/13-14:30,5059,5069,5052,5064
 2015/03/13-14:45,5064,5075,5063,5075
 2015/03/13-15:00,5074,5080,5060,5080
 2015/03/16-21:15,5051,5074,5039,5063
 2015/03/16-21:30,5064,5065,5046,5053
 2015/03/16-21:45,5053,5053,5039,5040
 2015/03/16-22:00,5040,5044,5021,5031
 2015/03/16-22:15,5031,5039,5027,5036
 2015/03/16-22:30,5035,5044,5029,5043
 2015/03/16-22:45,5043,5062,5037,5060
 2015/03/16-23:00,5060,5061,5051,5053
 2015/03/16-23:15,5052,5058,5046,5056
 2015/03/16-23:30,5056,5057,5046,5056
 2015/03/16-09:15,5052,5052,5023,5038
 2015/03/16-09:30,5038,5046,5034,5042
 2015/03/16-09:45,5041,5051,5037,5043
 2015/03/16-10:00,5042,5050,5040,5049
 2015/03/16-10:15,5051,5055,5042,5054
 2015/03/16-10:45,5054,5057,5048,5051
 2015/03/16-11:00,5050,5054,5048,5051
 2015/03/16-11:15,5051,5057,5045,5052
 2015/03/16-11:30,5053,5054,5042,5049
 2015/03/16-13:45,5049,5049,5036,5036
 2015/03/16-14:00,5036,5045,5034,5045
 2015/03/16-14:15,5045,5073,5043,5068
 2015/03/16-14:30,5068,5078,5064,5071
 2015/03/16-14:45,5071,5090,5068,5084
 2015/03/16-15:00,5085,5088,5063,5066
 2015/03/17-21:15,5075,5093,5075,5087
 2015/03/17-21:30,5086,5089,5082,5084
 2015/03/17-21:45,5084,5087,5068,5076
 2015/03/17-22:00,5076,5077,5073,5076
 2015/03/17-22:15,5076,5084,5073,5080
 2015/03/17-22:30,5081,5083,5074,5075
 2015/03/17-22:45,5076,5079,5074,5076
 2015/03/17-23:00,5076,5078,5074,5076
 2015/03/17-23:15,5076,5079,5074,5078
 2015/03/17-23:30,5078,5083,5075,5078
 2015/03/17-09:15,5078,5086,5075,5081
 2015/03/17-09:30,5081,5084,5073,5075
 2015/03/17-09:45,5074,5075,5058,5065
 2015/03/17-10:00,5065,5067,5055,5061
 2015/03/17-10:15,5060,5073,5059,5068
 2015/03/17-10:45,5069,5074,5067,5071
 2015/03/17-11:00,5071,5073,5065,5067
 2015/03/17-11:15,5067,5073,5067,5069
 2015/03/17-11:30,5068,5074,5068,5070
 2015/03/17-13:45,5071,5080,5069,5075
 2015/03/17-14:00,5076,5077,5074,5075
 2015/03/17-14:15,5076,5076,5060,5065
 2015/03/17-14:30,5066,5071,5064,5069
 2015/03/17-14:45,5069,5071,5062,5069
 2015/03/17-15:00,5069,5074,5068,5070
 2015/03/18-21:15,5065,5069,5044,5057
 2015/03/18-21:30,5057,5062,5046,5052
 2015/03/18-21:45,5052,5057,5048,5053
 2015/03/18-22:00,5052,5062,5052,5060
 2015/03/18-22:15,5060,5067,5057,5065
 2015/03/18-22:30,5065,5066,5058,5063
 2015/03/18-22:45,5062,5073,5061,5072
 2015/03/18-23:00,5071,5078,5066,5076
 2015/03/18-23:15,5076,5076,5069,5071
 2015/03/18-23:30,5071,5074,5067,5072
 2015/03/18-09:15,5080,5082,5071,5079
 2015/03/18-09:30,5079,5083,5075,5079
 2015/03/18-09:45,5079,5080,5072,5075
 2015/03/18-10:00,5074,5077,5067,5074
 2015/03/18-10:15,5074,5079,5070,5076
 2015/03/18-10:45,5076,5082,5074,5075
 2015/03/18-11:00,5076,5077,5070,5073
 2015/03/18-11:15,5073,5075,5071,5074
 2015/03/18-11:30,5074,5074,5053,5055
 2015/03/18-13:45,5055,5058,5037,5038
 2015/03/18-14:00,5038,5038,5003,5019
 2015/03/18-14:15,5018,5018,4993,5001
 2015/03/18-14:30,5001,5019,5000,5012
 2015/03/18-14:45,5012,5020,5008,5019
 2015/03/18-15:00,5019,5029,5010,5012
 2015/03/19-21:15,5018,5026,5007,5022
 2015/03/19-21:30,5022,5026,5011,5014
 2015/03/19-21:45,5014,5016,5002,5002
 2015/03/19-22:00,5003,5006,4967,4974
 2015/03/19-22:15,4975,4977,4968,4975
 2015/03/19-22:30,4974,4983,4974,4982
 2015/03/19-22:45,4981,4986,4976,4984
 2015/03/19-23:00,4985,4986,4973,4977
 2015/03/19-23:15,4976,4984,4975,4979
 2015/03/19-23:30,4980,4982,4977,4978
 2015/03/19-09:15,4977,5025,4977,5010
 2015/03/19-09:30,5011,5013,5004,5005
 2015/03/19-09:45,5005,5014,5003,5010
 2015/03/19-10:00,5010,5020,5007,5017
 2015/03/19-10:15,5016,5018,5011,5015
 2015/03/19-10:45,5015,5016,5004,5007
 2015/03/19-11:00,5006,5015,5005,5012
 2015/03/19-11:15,5012,5014,5008,5010
 2015/03/19-11:30,5009,5017,5009,5017
 2015/03/19-13:45,5013,5015,4990,4990
 2015/03/19-14:00,4990,4996,4985,4994
 2015/03/19-14:15,4993,5010,4990,5008
 2015/03/19-14:30,5008,5010,5002,5009
 2015/03/19-14:45,5009,5010,5002,5007
 2015/03/19-15:00,5008,5016,5005,5006
 2015/03/20-21:15,4984,5002,4975,5002
 2015/03/20-21:30,5002,5013,4998,5008
 2015/03/20-21:45,5008,5010,5004,5007
 2015/03/20-22:00,5007,5009,4993,4996
 2015/03/20-22:15,4995,5011,4994,5005
 2015/03/20-22:30,5005,5007,4996,5002
 2015/03/20-22:45,5001,5006,4995,5000
 2015/03/20-23:00,5000,5006,4994,5003
 2015/03/20-23:15,5004,5009,5002,5004
 2015/03/20-23:30,5004,5006,4999,5004
 2015/03/20-09:15,5003,5008,4992,4998
 2015/03/20-09:30,4997,4998,4958,4966
 2015/03/20-09:45,4966,4982,4962,4975
 2015/03/20-10:00,4975,4983,4974,4975
 2015/03/20-10:15,4975,4978,4970,4976
 2015/03/20-10:45,4975,4979,4972,4973
 2015/03/20-11:00,4973,4975,4966,4975
 2015/03/20-11:15,4974,4980,4967,4969
 2015/03/20-11:30,4969,4972,4965,4972
 2015/03/20-13:45,4972,4973,4962,4965
 2015/03/20-14:00,4963,4974,4955,4972
 2015/03/20-14:15,4972,4978,4969,4976
 2015/03/20-14:30,4976,4980,4970,4974
 2015/03/20-14:45,4974,4995,4973,4988
 2015/03/20-15:00,4988,5004,4983,4998
 2015/03/23-21:15,4978,5001,4977,4990
 2015/03/23-21:30,4989,5020,4988,5014
 2015/03/23-21:45,5014,5018,5011,5014
 2015/03/23-22:00,5013,5025,5012,5021
 2015/03/23-22:15,5020,5024,5013,5022
 2015/03/23-22:30,5023,5048,5023,5043
 2015/03/23-22:45,5043,5054,5035,5053
 2015/03/23-23:00,5054,5061,5049,5052
 2015/03/23-23:15,5052,5055,5046,5052
 2015/03/23-23:30,5052,5065,5047,5060
 2015/03/23-09:15,5063,5090,5047,5050
 2015/03/23-09:30,5050,5059,5045,5051
 2015/03/23-09:45,5051,5072,5051,5068
 2015/03/23-10:00,5067,5072,5064,5072
 2015/03/23-10:15,5072,5076,5067,5071
 2015/03/23-10:45,5072,5076,5067,5074
 2015/03/23-11:00,5073,5073,5056,5061
 2015/03/23-11:15,5061,5079,5054,5076
 2015/03/23-11:30,5076,5078,5069,5073
 2015/03/23-13:45,5073,5081,5069,5073
 2015/03/23-14:00,5073,5078,5067,5072
 2015/03/23-14:15,5072,5073,5065,5071
 2015/03/23-14:30,5071,5084,5069,5081
 2015/03/23-14:45,5081,5082,5074,5078
 2015/03/23-15:00,5077,5081,5075,5079
 2015/03/24-21:15,5071,5135,5071,5132
 2015/03/24-21:30,5133,5153,5133,5142
 2015/03/24-21:45,5142,5146,5139,5145
 2015/03/24-22:00,5145,5156,5143,5150
 2015/03/24-22:15,5150,5158,5147,5154
 2015/03/24-22:30,5154,5159,5145,5148
 2015/03/24-22:45,5149,5153,5141,5149
 2015/03/24-23:00,5148,5154,5143,5149
 2015/03/24-23:15,5148,5151,5143,5147
 2015/03/24-23:30,5147,5154,5144,5146
 2015/03/24-09:15,5150,5177,5138,5145
 2015/03/24-09:30,5146,5150,5124,5126
 2015/03/24-09:45,5126,5135,5125,5130
 2015/03/24-10:00,5129,5138,5128,5134
 2015/03/24-10:15,5134,5138,5132,5138
 2015/03/24-10:45,5138,5145,5133,5145
 2015/03/24-11:00,5144,5146,5132,5136
 2015/03/24-11:15,5137,5141,5134,5134
 2015/03/24-11:30,5134,5134,5123,5131
 2015/03/24-13:45,5132,5168,5131,5157
 2015/03/24-14:00,5156,5179,5156,5177
 2015/03/24-14:15,5177,5254,5176,5250
 2015/03/24-14:30,5250,5254,5241,5253
 2015/03/24-14:45,5253,5254,5252,5254
 2015/03/24-15:00,5254,5254,5254,5254
 2015/03/25-21:15,5280,5284,5245,5255
 2015/03/25-21:30,5255,5256,5233,5240
 2015/03/25-21:45,5240,5246,5230,5241
 2015/03/25-22:00,5241,5253,5239,5250
 2015/03/25-22:15,5250,5263,5248,5259
 2015/03/25-22:30,5259,5261,5242,5249
 2015/03/25-22:45,5249,5258,5249,5256
 2015/03/25-23:00,5256,5257,5247,5249
 2015/03/25-23:15,5250,5254,5247,5249
 2015/03/25-23:30,5249,5252,5237,5239
 2015/03/25-09:15,5230,5239,5220,5226
 2015/03/25-09:30,5226,5230,5216,5226
 2015/03/25-09:45,5226,5234,5224,5230
 2015/03/25-10:00,5230,5237,5228,5233
 2015/03/25-10:15,5233,5239,5232,5234
 2015/03/25-10:45,5234,5235,5228,5231
 2015/03/25-11:00,5231,5232,5218,5219
 2015/03/25-11:15,5218,5223,5204,5209
 2015/03/25-11:30,5208,5209,5184,5193
 2015/03/25-13:45,5192,5233,5185,5213
 2015/03/25-14:00,5213,5228,5212,5220
 2015/03/25-14:15,5221,5242,5216,5235
 2015/03/25-14:30,5236,5236,5214,5222
 2015/03/25-14:45,5221,5224,5218,5218
 2015/03/25-15:00,5217,5226,5207,5224
 2015/03/26-21:15,5236,5253,5228,5247
 2015/03/26-21:30,5247,5248,5233,5237
 2015/03/26-21:45,5237,5246,5235,5238
 2015/03/26-22:00,5238,5248,5233,5242
 2015/03/26-22:15,5244,5250,5238,5241
 2015/03/26-22:30,5241,5244,5238,5241
 2015/03/26-22:45,5241,5241,5218,5226
 2015/03/26-23:00,5225,5234,5216,5229
 2015/03/26-23:15,5230,5239,5226,5236
 2015/03/26-23:30,5236,5239,5228,5238
 2015/03/26-09:15,5238,5243,5195,5206
 2015/03/26-09:30,5205,5218,5204,5205
 2015/03/26-09:45,5206,5230,5192,5221
 2015/03/26-10:00,5221,5224,5213,5216
 2015/03/26-10:15,5216,5221,5214,5216
 2015/03/26-10:45,5217,5231,5215,5224
 2015/03/26-11:00,5224,5241,5208,5239
 2015/03/26-11:15,5238,5239,5224,5229
 2015/03/26-11:30,5230,5232,5224,5229
 2015/03/26-13:45,5229,5242,5227,5241
 2015/03/26-14:00,5241,5247,5236,5240
 2015/03/26-14:15,5240,5241,5228,5230
 2015/03/26-14:30,5230,5238,5222,5237
 2015/03/26-14:45,5237,5238,5227,5234
 2015/03/26-15:00,5235,5247,5229,5246
 2015/03/27-21:15,5240,5244,5226,5239
 2015/03/27-21:30,5239,5247,5235,5236
 2015/03/27-21:45,5236,5243,5234,5243
 2015/03/27-22:00,5244,5245,5235,5240
 2015/03/27-22:15,5240,5240,5220,5229
 2015/03/27-22:30,5229,5234,5225,5232
 2015/03/27-22:45,5231,5233,5226,5231
 2015/03/27-23:00,5231,5242,5228,5236
 2015/03/27-23:15,5237,5238,5231,5233
 2015/03/27-23:30,5233,5241,5231,5240
 2015/03/27-09:15,5239,5242,5220,5225
 2015/03/27-09:30,5225,5241,5224,5235
 2015/03/27-09:45,5234,5235,5225,5227
 2015/03/27-10:00,5228,5231,5204,5216
 2015/03/27-10:15,5215,5227,5196,5221
 2015/03/27-10:45,5221,5222,5197,5205
 2015/03/27-11:00,5205,5211,5190,5206
 2015/03/27-11:15,5205,5208,5195,5202
 2015/03/27-11:30,5202,5206,5196,5205
 2015/03/27-13:45,5204,5211,5204,5206
 2015/03/27-14:00,5206,5216,5202,5212
 2015/03/27-14:15,5210,5241,5210,5234
 2015/03/27-14:30,5235,5239,5229,5238
 2015/03/27-14:45,5238,5266,5233,5254
 2015/03/27-15:00,5254,5327,5254,5307
 2015/03/30-21:15,5313,5342,5297,5311
 2015/03/30-21:30,5311,5317,5305,5313
 2015/03/30-21:45,5314,5335,5313,5326
 2015/03/30-22:00,5326,5332,5320,5326
 2015/03/30-22:15,5326,5330,5311,5326
 2015/03/30-22:30,5326,5332,5318,5323
 2015/03/30-22:45,5323,5327,5320,5323
 2015/03/30-23:00,5323,5335,5321,5329
 2015/03/30-23:15,5328,5334,5325,5328
 2015/03/30-23:30,5328,5336,5322,5330
 2015/03/30-09:15,5327,5339,5312,5317
 2015/03/30-09:30,5316,5334,5314,5330
 2015/03/30-09:45,5329,5344,5325,5339
 2015/03/30-10:00,5339,5358,5315,5330
 2015/03/30-10:15,5330,5331,5322,5329
 2015/03/30-10:45,5328,5343,5328,5334
 2015/03/30-11:00,5333,5337,5327,5336
 2015/03/30-11:15,5336,5339,5330,5333
 2015/03/30-11:30,5335,5336,5326,5331
 2015/03/30-13:45,5331,5372,5331,5372
 2015/03/30-14:00,5371,5411,5363,5381
 2015/03/30-14:15,5380,5394,5378,5385
 2015/03/30-14:30,5385,5396,5385,5390
 2015/03/30-14:45,5390,5394,5386,5388
 2015/03/30-15:00,5389,5390,5360,5380
 2015/03/31-21:15,5380,5396,5371,5388
 2015/03/31-21:30,5389,5406,5387,5392
 2015/03/31-21:45,5393,5396,5383,5385
 2015/03/31-22:00,5384,5394,5382,5387
 2015/03/31-22:15,5386,5390,5368,5368
 2015/03/31-22:30,5369,5385,5366,5375
 2015/03/31-22:45,5375,5385,5375,5383
 2015/03/31-23:00,5382,5383,5371,5375
 2015/03/31-23:15,5375,5379,5368,5371
 2015/03/31-23:30,5372,5382,5363,5378
 2015/03/31-09:15,5376,5376,5346,5360
 2015/03/31-09:30,5359,5365,5355,5359
 2015/03/31-09:45,5358,5359,5324,5334
 2015/03/31-10:00,5334,5346,5332,5340
 2015/03/31-10:15,5340,5361,5336,5359
 2015/03/31-10:45,5359,5365,5353,5355
 2015/03/31-11:00,5355,5357,5346,5350
 2015/03/31-11:15,5350,5364,5347,5358
 2015/03/31-11:30,5358,5360,5353,5359
 2015/03/31-13:45,5357,5358,5339,5349
 2015/03/31-14:00,5349,5378,5347,5378
 2015/03/31-14:15,5377,5379,5354,5358
 2015/03/31-14:30,5359,5363,5333,5336
 2015/03/31-14:45,5334,5354,5334,5350
 2015/03/31-15:00,5351,5364,5346,5363
 2015/04/01-21:15,5360,5366,5338,5360
 2015/04/01-21:30,5361,5369,5357,5366
 2015/04/01-21:45,5366,5372,5361,5364
 2015/04/01-22:00,5363,5366,5360,5364
 2015/04/01-22:15,5365,5367,5358,5360
 2015/04/01-22:30,5360,5365,5349,5355
 2015/04/01-22:45,5354,5362,5352,5361
 2015/04/01-23:00,5361,5362,5351,5356
 2015/04/01-23:15,5357,5360,5354,5359
 2015/04/01-23:30,5359,5370,5359,5369
 2015/04/01-09:15,5359,5399,5355,5387
 2015/04/01-09:30,5388,5397,5382,5388
 2015/04/01-09:45,5389,5428,5389,5417
 2015/04/01-10:00,5417,5432,5415,5427
 2015/04/01-10:15,5428,5433,5395,5401
 2015/04/01-10:45,5400,5401,5385,5389
 2015/04/01-11:00,5388,5396,5387,5395
 2015/04/01-11:15,5394,5406,5389,5400
 2015/04/01-11:30,5400,5402,5389,5400
 2015/04/01-13:45,5400,5417,5400,5411
 2015/04/01-14:00,5410,5412,5405,5411
 2015/04/01-14:15,5410,5417,5398,5405
 2015/04/01-14:30,5405,5408,5391,5407
 2015/04/01-14:45,5406,5410,5402,5403
 2015/04/01-15:00,5402,5417,5399,5414
 2015/04/02-21:15,5428,5437,5407,5414
 2015/04/02-21:30,5413,5427,5411,5425
 2015/04/02-21:45,5424,5433,5416,5422
 2015/04/02-22:00,5422,5425,5418,5423
 2015/04/02-22:15,5423,5424,5400,5410
 2015/04/02-22:30,5410,5420,5410,5414
 2015/04/02-22:45,5414,5422,5409,5417
 2015/04/02-23:00,5417,5418,5410,5415
 2015/04/02-23:15,5415,5421,5409,5414
 2015/04/02-23:30,5414,5415,5407,5415
 2015/04/02-09:15,5415,5421,5394,5405
 2015/04/02-09:30,5406,5412,5398,5403
 2015/04/02-09:45,5403,5411,5397,5408
 2015/04/02-10:00,5409,5416,5407,5410
 2015/04/02-10:15,5410,5417,5406,5415
 2015/04/02-10:45,5414,5415,5407,5409
 2015/04/02-11:00,5409,5414,5401,5411
 2015/04/02-11:15,5411,5419,5410,5415
 2015/04/02-11:30,5414,5416,5406,5410
 2015/04/02-13:45,5410,5411,5401,5407
 2015/04/02-14:00,5406,5411,5406,5411
 2015/04/02-14:15,5411,5427,5411,5417
 2015/04/02-14:30,5417,5425,5416,5424
 2015/04/02-14:45,5425,5434,5422,5430
 2015/04/02-15:00,5429,5432,5419,5422
 2015/04/03-21:15,5433,5445,5380,5380
 2015/04/03-21:30,5379,5379,5326,5345
 2015/04/03-21:45,5344,5353,5335,5351
 2015/04/03-22:00,5350,5362,5345,5346
 2015/04/03-22:15,5345,5358,5345,5353
 2015/04/03-22:30,5353,5358,5347,5349
 2015/04/03-22:45,5349,5353,5342,5351
 2015/04/03-23:00,5351,5357,5348,5351
 2015/04/03-23:15,5351,5355,5349,5349
 2015/04/03-23:30,5350,5355,5345,5346
 2015/04/03-09:15,5352,5357,5321,5331
 2015/04/03-09:30,5332,5355,5328,5355
 2015/04/03-09:45,5356,5367,5351,5358
 2015/04/03-10:00,5358,5378,5358,5367
 2015/04/03-10:15,5367,5374,5361,5362
 2015/04/03-10:45,5361,5371,5356,5365
 2015/04/03-11:00,5366,5366,5358,5358
 2015/04/03-11:15,5358,5367,5353,5364
 2015/04/03-11:30,5363,5365,5358,5365
 2015/04/03-13:45,5365,5376,5362,5370
 2015/04/03-14:00,5370,5372,5363,5366
 2015/04/03-14:15,5365,5374,5363,5369
 2015/04/03-14:30,5370,5372,5362,5367
 2015/04/03-14:45,5367,5372,5360,5370
 2015/04/03-15:00,5369,5395,5368,5387
 2015/04/07-21:15,5361,5361,5361,5361
 2015/04/07-21:30,5361,5361,5361,5361
 2015/04/07-21:45,5361,5361,5361,5361
 2015/04/07-22:00,5361,5361,5361,5361
 2015/04/07-22:15,5361,5361,5361,5361
 2015/04/07-22:30,5361,5361,5361,5361
 2015/04/07-22:45,5361,5361,5361,5361
 2015/04/07-23:00,5361,5361,5361,5361
 2015/04/07-23:15,5361,5361,5361,5361
 2015/04/07-23:30,5361,5366,5361,5366
 2015/04/07-09:15,5366,5398,5341,5355
 2015/04/07-09:30,5355,5366,5350,5355
 2015/04/07-09:45,5355,5364,5352,5360
 2015/04/07-10:00,5361,5366,5357,5361
 2015/04/07-10:15,5360,5370,5360,5365
 2015/04/07-10:45,5365,5369,5358,5361
 2015/04/07-11:00,5361,5367,5358,5366
 2015/04/07-11:15,5367,5378,5366,5374
 2015/04/07-11:30,5373,5375,5365,5369
 2015/04/07-13:45,5369,5376,5365,5374
 2015/04/07-14:00,5373,5377,5357,5364
 2015/04/07-14:15,5364,5368,5355,5360
 2015/04/07-14:30,5360,5366,5360,5361
 2015/04/07-14:45,5361,5363,5354,5360
 2015/04/07-15:00,5359,5363,5358,5362
 2015/04/08-21:15,5353,5373,5350,5370
 2015/04/08-21:30,5371,5372,5313,5328
 2015/04/08-21:45,5329,5335,5322,5334
 2015/04/08-22:00,5333,5338,5332,5335
 2015/04/08-22:15,5335,5336,5329,5333
 2015/04/08-22:30,5332,5341,5327,5333
 2015/04/08-22:45,5333,5336,5329,5329
 2015/04/08-23:00,5329,5337,5322,5329
 2015/04/08-23:15,5329,5332,5320,5329
 2015/04/08-23:30,5330,5334,5325,5333
 2015/04/08-09:15,5333,5367,5328,5364
 2015/04/08-09:30,5365,5368,5356,5358
 2015/04/08-09:45,5358,5385,5357,5373
 2015/04/08-10:00,5373,5375,5362,5370
 2015/04/08-10:15,5370,5372,5363,5369
 2015/04/08-10:45,5368,5379,5366,5376
 2015/04/08-11:00,5376,5377,5365,5366
 2015/04/08-11:15,5367,5382,5365,5378
 2015/04/08-11:30,5379,5388,5372,5374
 2015/04/08-13:45,5375,5395,5373,5388
 2015/04/08-14:00,5387,5417,5384,5413
 2015/04/08-14:15,5413,5424,5405,5407
 2015/04/08-14:30,5407,5421,5406,5415
 2015/04/08-14:45,5415,5416,5406,5415
 2015/04/08-15:00,5416,5429,5406,5412
 2015/04/09-21:15,5414,5452,5408,5438
 2015/04/09-21:30,5438,5446,5433,5439
 2015/04/09-21:45,5439,5444,5425,5429
 2015/04/09-22:00,5429,5429,5411,5422
 2015/04/09-22:15,5421,5429,5417,5419
 2015/04/09-22:30,5420,5424,5415,5422
 2015/04/09-22:45,5421,5422,5415,5418
 2015/04/09-23:00,5418,5427,5415,5421
 2015/04/09-23:15,5421,5429,5421,5422
 2015/04/09-23:30,5422,5427,5420,5421
 2015/04/09-09:15,5416,5428,5382,5392
 2015/04/09-09:30,5393,5396,5383,5390
 2015/04/09-09:45,5389,5402,5386,5397
 2015/04/09-10:00,5398,5401,5393,5396
 2015/04/09-10:15,5396,5396,5387,5390
 2015/04/09-10:45,5391,5395,5373,5386
 2015/04/09-11:00,5385,5388,5384,5385
 2015/04/09-11:15,5385,5389,5381,5383
 2015/04/09-11:30,5383,5391,5381,5390
 2015/04/09-13:45,5390,5394,5376,5382
 2015/04/09-14:00,5382,5385,5366,5383
 2015/04/09-14:15,5382,5402,5379,5399
 2015/04/09-14:30,5399,5407,5392,5401
 2015/04/09-14:45,5401,5402,5393,5393
 2015/04/09-15:00,5394,5412,5393,5410
 2015/04/10-21:15,5395,5400,5372,5386
 2015/04/10-21:30,5386,5387,5361,5365
 2015/04/10-21:45,5364,5374,5363,5373
 2015/04/10-22:00,5373,5379,5369,5372
 2015/04/10-22:15,5372,5380,5372,5374
 2015/04/10-22:30,5374,5380,5373,5374
 2015/04/10-22:45,5375,5378,5370,5375
 2015/04/10-23:00,5375,5376,5371,5371
 2015/04/10-23:15,5371,5374,5367,5373
 2015/04/10-23:30,5372,5376,5369,5374
 2015/04/10-09:15,5380,5425,5374,5416
 2015/04/10-09:30,5416,5428,5408,5411
 2015/04/10-09:45,5412,5417,5410,5417
 2015/04/10-10:00,5417,5421,5415,5421
 2015/04/10-10:15,5422,5426,5413,5420
 2015/04/10-10:45,5419,5434,5418,5427
 2015/04/10-11:00,5427,5432,5424,5430
 2015/04/10-11:15,5429,5435,5415,5421
 2015/04/10-11:30,5421,5427,5415,5425
 2015/04/10-13:45,5426,5447,5423,5440
 2015/04/10-14:00,5440,5443,5427,5432
 2015/04/10-14:15,5431,5441,5430,5435
 2015/04/10-14:30,5435,5451,5430,5436
 2015/04/10-14:45,5436,5464,5432,5448
 2015/04/10-15:00,5448,5453,5441,5446
 2015/04/13-21:15,5448,5452,5436,5443
 2015/04/13-21:30,5443,5458,5419,5424
 2015/04/13-21:45,5424,5436,5411,5430
 2015/04/13-22:00,5430,5445,5429,5442
 2015/04/13-22:15,5442,5444,5432,5441
 2015/04/13-22:30,5440,5447,5436,5442
 2015/04/13-22:45,5442,5444,5433,5436
 2015/04/13-23:00,5437,5444,5434,5436
 2015/04/13-23:15,5436,5443,5435,5438
 2015/04/13-23:30,5437,5460,5436,5460
 2015/04/13-09:15,5460,5507,5460,5504
 2015/04/13-09:30,5505,5516,5495,5509
 2015/04/13-09:45,5508,5512,5498,5506
 2015/04/13-10:00,5505,5519,5503,5512
 2015/04/13-10:15,5512,5536,5510,5530
 2015/04/13-10:45,5530,5534,5513,5516
 2015/04/13-11:00,5515,5526,5515,5522
 2015/04/13-11:15,5522,5525,5514,5521
 2015/04/13-11:30,5521,5533,5518,5526
 2015/04/13-13:45,5527,5557,5527,5545
 2015/04/13-14:00,5545,5546,5534,5545
 2015/04/13-14:15,5545,5547,5535,5542
 2015/04/13-14:30,5542,5549,5539,5548
 2015/04/13-14:45,5548,5550,5518,5531
 2015/04/13-15:00,5531,5531,5512,5520
 2015/04/14-21:15,5518,5533,5509,5527
 2015/04/14-21:30,5526,5531,5524,5527
 2015/04/14-21:45,5527,5536,5524,5530
 2015/04/14-22:00,5530,5533,5526,5530
 2015/04/14-22:15,5529,5531,5518,5528
 2015/04/14-22:30,5528,5538,5526,5536
 2015/04/14-22:45,5536,5542,5533,5540
 2015/04/14-23:00,5540,5542,5534,5537
 2015/04/14-23:15,5536,5541,5534,5538
 2015/04/14-23:30,5539,5546,5538,5542
 2015/04/14-09:15,5542,5543,5524,5528
 2015/04/14-09:30,5529,5541,5527,5535
 2015/04/14-09:45,5535,5539,5533,5536
 2015/04/14-10:00,5536,5537,5522,5528
 2015/04/14-10:15,5528,5531,5516,5530
 2015/04/14-10:45,5529,5531,5525,5528
 2015/04/14-11:00,5528,5536,5527,5531
 2015/04/14-11:15,5531,5559,5531,5558
 2015/04/14-11:30,5558,5560,5544,5550
 2015/04/14-13:45,5552,5555,5544,5547
 2015/04/14-14:00,5547,5549,5517,5523
 2015/04/14-14:15,5524,5534,5523,5531
 2015/04/14-14:30,5531,5542,5531,5537
 2015/04/14-14:45,5537,5545,5534,5541
 2015/04/14-15:00,5540,5550,5540,5542
 2015/04/15-21:15,5530,5542,5522,5527
 2015/04/15-21:30,5527,5533,5520,5529
 2015/04/15-21:45,5530,5531,5515,5515
 2015/04/15-22:00,5515,5540,5515,5534
 2015/04/15-22:15,5534,5539,5531,5533
 2015/04/15-22:30,5533,5538,5532,5536
 2015/04/15-22:45,5536,5537,5528,5534
 2015/04/15-23:00,5535,5545,5533,5542
 2015/04/15-23:15,5541,5545,5533,5540
 2015/04/15-23:30,5540,5544,5538,5540
 2015/04/15-09:15,5540,5565,5536,5553
 2015/04/15-09:30,5552,5567,5552,5557
 2015/04/15-09:45,5556,5559,5547,5553
 2015/04/15-10:00,5554,5557,5549,5553
 2015/04/15-10:15,5554,5556,5549,5554
 2015/04/15-10:45,5554,5561,5551,5554
 2015/04/15-11:00,5554,5557,5529,5536
 2015/04/15-11:15,5535,5538,5526,5534
 2015/04/15-11:30,5533,5540,5533,5535
 2015/04/15-13:45,5537,5543,5534,5535
 2015/04/15-14:00,5535,5537,5528,5535
 2015/04/15-14:15,5536,5548,5534,5545
 2015/04/15-14:30,5545,5549,5542,5546
 2015/04/15-14:45,5546,5547,5536,5542
 2015/04/15-15:00,5543,5543,5531,5535
 2015/04/16-21:15,5526,5534,5504,5523
 2015/04/16-21:30,5522,5528,5516,5523
 2015/04/16-21:45,5523,5535,5523,5531
 2015/04/16-22:00,5532,5532,5526,5529
 2015/04/16-22:15,5528,5533,5525,5531
 2015/04/16-22:30,5531,5532,5527,5528
 2015/04/16-22:45,5528,5544,5528,5541
 2015/04/16-23:00,5541,5548,5537,5543
 2015/04/16-23:15,5542,5543,5523,5526
 2015/04/16-23:30,5526,5536,5525,5534
 2015/04/16-09:15,5534,5539,5519,5522
 2015/04/16-09:30,5523,5537,5519,5523
 2015/04/16-09:45,5523,5530,5519,5523
 2015/04/16-10:00,5523,5529,5517,5524
 2015/04/16-10:15,5524,5530,5520,5521
 2015/04/16-10:45,5520,5521,5484,5495
 2015/04/16-11:00,5495,5501,5486,5497
 2015/04/16-11:15,5497,5500,5485,5497
 2015/04/16-11:30,5496,5510,5493,5508
 2015/04/16-13:45,5508,5530,5499,5526
 2015/04/16-14:00,5526,5544,5524,5530
 2015/04/16-14:15,5530,5531,5525,5528
 2015/04/16-14:30,5528,5532,5521,5525
 2015/04/16-14:45,5524,5528,5518,5520
 2015/04/16-15:00,5520,5524,5515,5516
 2015/04/17-21:15,5530,5532,5502,5523
 2015/04/17-21:30,5524,5538,5522,5537
 2015/04/17-21:45,5536,5542,5530,5534
 2015/04/17-22:00,5534,5536,5526,5532
 2015/04/17-22:15,5531,5536,5524,5528
 2015/04/17-22:30,5528,5549,5527,5549
 2015/04/17-22:45,5548,5554,5539,5544
 2015/04/17-23:00,5544,5552,5541,5549
 2015/04/17-23:15,5550,5574,5546,5563
 2015/04/17-23:30,5563,5595,5559,5593
 2015/04/17-09:15,5600,5616,5597,5611
 2015/04/17-09:30,5610,5614,5595,5604
 2015/04/17-09:45,5605,5615,5599,5605
 2015/04/17-10:00,5605,5613,5602,5610
 2015/04/17-10:15,5610,5628,5607,5625
 2015/04/17-10:45,5626,5633,5619,5624
 2015/04/17-11:00,5624,5628,5602,5609
 2015/04/17-11:15,5609,5616,5606,5614
 2015/04/17-11:30,5614,5622,5605,5613
 2015/04/17-13:45,5618,5622,5612,5615
 2015/04/17-14:00,5615,5627,5610,5615
 2015/04/17-14:15,5615,5618,5596,5615
 2015/04/17-14:30,5615,5620,5607,5608
 2015/04/17-14:45,5608,5612,5600,5610
 2015/04/17-15:00,5610,5615,5603,5609
 2015/04/20-21:15,5589,5606,5585,5603
 2015/04/20-21:30,5603,5605,5596,5600
 2015/04/20-21:45,5599,5612,5598,5609
 2015/04/20-22:00,5609,5612,5602,5605
 2015/04/20-22:15,5605,5608,5603,5607
 2015/04/20-22:30,5607,5614,5605,5612
 2015/04/20-22:45,5612,5620,5608,5619
 2015/04/20-23:00,5619,5620,5611,5613
 2015/04/20-23:15,5614,5622,5612,5619
 2015/04/20-23:30,5618,5619,5612,5616
 2015/04/20-09:15,5613,5630,5598,5612
 2015/04/20-09:30,5612,5623,5607,5616
 2015/04/20-09:45,5616,5624,5614,5618
 2015/04/20-10:00,5618,5642,5614,5619
 2015/04/20-10:15,5619,5630,5619,5626
 2015/04/20-10:45,5626,5628,5622,5627
 2015/04/20-11:00,5628,5638,5625,5635
 2015/04/20-11:15,5635,5645,5615,5623
 2015/04/20-11:30,5622,5624,5612,5620
 2015/04/20-13:45,5623,5628,5613,5619
 2015/04/20-14:00,5618,5620,5610,5618
 2015/04/20-14:15,5617,5623,5615,5619
 2015/04/20-14:30,5619,5620,5605,5613
 2015/04/20-14:45,5613,5619,5611,5616
 2015/04/20-15:00,5615,5621,5610,5613
 2015/04/21-21:15,5595,5605,5586,5599
 2015/04/21-21:30,5600,5614,5599,5610
 2015/04/21-21:45,5610,5615,5605,5611
 2015/04/21-22:00,5612,5613,5606,5608
 2015/04/21-22:15,5609,5611,5606,5609
 2015/04/21-22:30,5609,5611,5606,5608
 2015/04/21-22:45,5607,5623,5607,5616
 2015/04/21-23:00,5615,5617,5588,5595
 2015/04/21-23:15,5594,5596,5573,5580
 2015/04/21-23:30,5580,5588,5580,5586
 2015/04/21-09:15,5583,5595,5579,5587
 2015/04/21-09:30,5587,5608,5587,5601
 2015/04/21-09:45,5601,5618,5601,5607
 2015/04/21-10:00,5607,5611,5603,5608
 2015/04/21-10:15,5608,5609,5598,5598
 2015/04/21-10:45,5598,5599,5588,5597
 2015/04/21-11:00,5597,5604,5597,5604
 2015/04/21-11:15,5605,5606,5594,5604
 2015/04/21-11:30,5604,5607,5600,5600
 2015/04/21-13:45,5602,5605,5597,5597
 2015/04/21-14:00,5597,5599,5589,5599
 2015/04/21-14:15,5598,5601,5592,5593
 2015/04/21-14:30,5592,5604,5589,5600
 2015/04/21-14:45,5600,5609,5595,5601
 2015/04/21-15:00,5601,5608,5595,5606
 2015/04/22-21:15,5608,5632,5608,5619
 2015/04/22-21:30,5618,5623,5612,5619
 2015/04/22-21:45,5618,5624,5615,5621
 2015/04/22-22:00,5620,5621,5605,5612
 2015/04/22-22:15,5612,5615,5607,5611
 2015/04/22-22:30,5612,5616,5610,5612
 2015/04/22-22:45,5613,5619,5612,5616
 2015/04/22-23:00,5616,5618,5610,5612
 2015/04/22-23:15,5612,5615,5609,5613
 2015/04/22-23:30,5613,5613,5606,5608
 2015/04/22-09:15,5610,5610,5582,5594
 2015/04/22-09:30,5594,5598,5590,5591
 2015/04/22-09:45,5591,5596,5588,5594
 2015/04/22-10:00,5595,5598,5588,5595
 2015/04/22-10:15,5596,5599,5592,5596
 2015/04/22-10:45,5595,5597,5588,5589
 2015/04/22-11:00,5589,5619,5578,5616
 2015/04/22-11:15,5616,5628,5612,5627
 2015/04/22-11:30,5628,5648,5623,5640
 2015/04/22-13:45,5640,5671,5640,5661
 2015/04/22-14:00,5661,5666,5654,5656
 2015/04/22-14:15,5657,5663,5654,5660
 2015/04/22-14:30,5660,5665,5654,5660
 2015/04/22-14:45,5660,5663,5657,5661
 2015/04/22-15:00,5661,5665,5644,5645
 2015/04/23-21:15,5642,5663,5642,5652
 2015/04/23-21:30,5653,5662,5650,5660
 2015/04/23-21:45,5660,5669,5659,5664
 2015/04/23-22:00,5664,5666,5655,5661
 2015/04/23-22:15,5661,5671,5655,5668
 2015/04/23-22:30,5668,5669,5659,5665
 2015/04/23-22:45,5665,5666,5652,5656
 2015/04/23-23:00,5656,5664,5654,5662
 2015/04/23-23:15,5663,5665,5660,5663
 2015/04/23-23:30,5663,5680,5662,5674
 2015/04/23-09:15,5675,5681,5645,5653
 2015/04/23-09:30,5652,5653,5617,5626
 2015/04/23-09:45,5626,5633,5622,5622
 2015/04/23-10:00,5622,5622,5536,5544
 2015/04/23-10:15,5544,5548,5442,5502
 2015/04/23-10:45,5503,5535,5499,5526
 2015/04/23-11:00,5526,5561,5503,5556
 2015/04/23-11:15,5555,5558,5537,5546
 2015/04/23-11:30,5546,5555,5527,5548
 2015/04/23-13:45,5549,5550,5535,5541
 2015/04/23-14:00,5542,5554,5538,5553
 2015/04/23-14:15,5553,5553,5540,5541
 2015/04/23-14:30,5541,5566,5541,5556
 2015/04/23-14:45,5556,5564,5554,5556
 2015/04/23-15:00,5556,5558,5534,5549
 2015/04/24-21:15,5566,5593,5564,5588
 2015/04/24-21:30,5588,5592,5582,5585
 2015/04/24-21:45,5586,5588,5581,5584
 2015/04/24-22:00,5584,5587,5581,5586
 2015/04/24-22:15,5587,5588,5560,5570
 2015/04/24-22:30,5570,5576,5569,5574
 2015/04/24-22:45,5573,5574,5548,5570
 2015/04/24-23:00,5570,5574,5565,5567
 2015/04/24-23:15,5566,5579,5563,5574
 2015/04/24-23:30,5574,5586,5573,5586
 2015/04/24-09:15,5586,5598,5582,5589
 2015/04/24-09:30,5589,5592,5581,5590
 2015/04/24-09:45,5590,5590,5584,5587
 2015/04/24-10:00,5587,5602,5587,5591
 2015/04/24-10:15,5590,5595,5587,5591
 2015/04/24-10:45,5591,5608,5590,5594
 2015/04/24-11:00,5594,5597,5588,5592
 2015/04/24-11:15,5591,5595,5584,5592
 2015/04/24-11:30,5592,5593,5583,5588
 2015/04/24-13:45,5587,5590,5561,5570
 2015/04/24-14:00,5570,5586,5563,5579
 2015/04/24-14:15,5580,5586,5576,5582
 2015/04/24-14:30,5583,5584,5575,5583
 2015/04/24-14:45,5582,5595,5581,5588
 2015/04/24-15:00,5588,5602,5588,5600
 2015/04/27-21:15,5611,5622,5582,5596
 2015/04/27-21:30,5596,5598,5586,5598
 2015/04/27-21:45,5597,5602,5594,5596
 2015/04/27-22:00,5596,5602,5594,5595
 2015/04/27-22:15,5595,5597,5587,5593
 2015/04/27-22:30,5593,5597,5591,5595
 2015/04/27-22:45,5594,5597,5591,5595
 2015/04/27-23:00,5594,5599,5593,5598
 2015/04/27-23:15,5598,5600,5593,5595
 2015/04/27-23:30,5596,5599,5593,5595
 2015/04/27-09:15,5594,5597,5556,5586
 2015/04/27-09:30,5586,5590,5575,5581
 2015/04/27-09:45,5581,5585,5573,5584
 2015/04/27-10:00,5584,5620,5581,5603
 2015/04/27-10:15,5603,5615,5600,5614
 2015/04/27-10:45,5616,5616,5603,5608
 2015/04/27-11:00,5608,5611,5595,5608
 2015/04/27-11:15,5608,5610,5600,5604
 2015/04/27-11:30,5604,5606,5592,5600
 2015/04/27-13:45,5601,5608,5598,5603
 2015/04/27-14:00,5603,5607,5599,5604
 2015/04/27-14:15,5604,5606,5597,5604
 2015/04/27-14:30,5605,5618,5603,5608
 2015/04/27-14:45,5609,5613,5608,5611
 2015/04/27-15:00,5611,5615,5584,5587
 2015/04/28-21:15,5596,5596,5576,5587
 2015/04/28-21:30,5588,5607,5582,5607
 2015/04/28-21:45,5606,5607,5588,5592
 2015/04/28-22:00,5592,5600,5591,5600
 2015/04/28-22:15,5599,5600,5592,5597
 2015/04/28-22:30,5597,5598,5587,5592
 2015/04/28-22:45,5592,5597,5590,5593
 2015/04/28-23:00,5594,5597,5589,5596
 2015/04/28-23:15,5597,5597,5594,5595
 2015/04/28-23:30,5595,5596,5590,5595
 2015/04/28-09:15,5600,5602,5569,5584
 2015/04/28-09:30,5583,5585,5564,5570
 2015/04/28-09:45,5569,5582,5564,5576
 2015/04/28-10:00,5576,5579,5570,5572
 2015/04/28-10:15,5571,5588,5570,5581
 2015/04/28-10:45,5581,5592,5577,5585
 2015/04/28-11:00,5585,5590,5585,5588
 2015/04/28-11:15,5588,5591,5575,5576
 2015/04/28-11:30,5575,5580,5572,5573
 2015/04/28-13:45,5574,5579,5532,5576
 2015/04/28-14:00,5577,5577,5569,5573
 2015/04/28-14:15,5573,5578,5572,5574
 2015/04/28-14:30,5574,5577,5565,5568
 2015/04/28-14:45,5568,5572,5551,5571
 2015/04/28-15:00,5571,5575,5563,5567
 2015/04/29-21:15,5573,5581,5562,5565
 2015/04/29-21:30,5564,5572,5564,5569
 2015/04/29-21:45,5569,5571,5555,5562
 2015/04/29-22:00,5562,5566,5557,5564
 2015/04/29-22:15,5564,5570,5562,5569
 2015/04/29-22:30,5569,5581,5564,5581
 2015/04/29-22:45,5584,5588,5579,5581
 2015/04/29-23:00,5581,5584,5577,5580
 2015/04/29-23:15,5581,5591,5577,5584
 2015/04/29-23:30,5583,5584,5577,5579
 2015/04/29-09:15,5578,5586,5571,5582
 2015/04/29-09:30,5581,5582,5567,5575
 2015/04/29-09:45,5575,5585,5568,5580
 2015/04/29-10:00,5580,5586,5578,5582
 2015/04/29-10:15,5582,5586,5580,5582
 2015/04/29-10:45,5582,5583,5566,5575
 2015/04/29-11:00,5575,5605,5575,5604
 2015/04/29-11:15,5604,5607,5587,5593
 2015/04/29-11:30,5593,5599,5585,5589
 2015/04/29-13:45,5589,5592,5573,5582
 2015/04/29-14:00,5581,5588,5579,5588
 2015/04/29-14:15,5588,5592,5581,5582
 2015/04/29-14:30,5582,5582,5561,5572
 2015/04/29-14:45,5573,5579,5567,5569
 2015/04/29-15:00,5569,5576,5565,5569
 2015/04/30-21:15,5561,5574,5538,5546
 2015/04/30-21:30,5547,5564,5544,5558
 2015/04/30-21:45,5556,5562,5554,5558
 2015/04/30-22:00,5558,5559,5550,5558
 2015/04/30-22:15,5558,5567,5557,5564
 2015/04/30-22:30,5564,5572,5560,5568
 2015/04/30-22:45,5568,5574,5564,5564
 2015/04/30-23:00,5563,5568,5562,5563
 2015/04/30-23:15,5564,5569,5563,5567
 2015/04/30-23:30,5567,5569,5565,5567
 2015/04/30-09:15,5573,5589,5563,5585
 2015/04/30-09:30,5585,5588,5576,5583
 2015/04/30-09:45,5583,5584,5575,5580
 2015/04/30-10:00,5579,5584,5574,5579
 2015/04/30-10:15,5579,5580,5575,5577
 2015/04/30-10:45,5577,5577,5572,5574
 2015/04/30-11:00,5575,5578,5572,5575
 2015/04/30-11:15,5575,5576,5564,5572
 2015/04/30-11:30,5571,5575,5570,5572
 2015/04/30-13:45,5572,5578,5570,5575
 2015/04/30-14:00,5576,5576,5555,5556
 2015/04/30-14:15,5557,5557,5532,5537
 2015/04/30-14:30,5536,5543,5524,5537
 2015/04/30-14:45,5537,5543,5534,5540
 2015/04/30-15:00,5541,5548,5537,5540
 2015/05/04-21:15,5557,5557,5557,5557
 2015/05/04-21:30,5557,5557,5557,5557
 2015/05/04-21:45,5557,5557,5557,5557
 2015/05/04-22:00,5557,5557,5557,5557
 2015/05/04-22:15,5557,5557,5557,5557
 2015/05/04-22:30,5557,5557,5557,5557
 2015/05/04-22:45,5557,5557,5557,5557
 2015/05/04-23:00,5557,5557,5557,5557
 2015/05/04-23:15,5557,5557,5557,5557
 2015/05/04-23:30,5557,5557,5534,5534
 2015/05/04-09:15,5534,5546,5504,5540
 2015/05/04-09:30,5541,5548,5534,5540
 2015/05/04-09:45,5541,5546,5538,5542
 2015/05/04-10:00,5541,5544,5535,5539
 2015/05/04-10:15,5539,5549,5533,5547
 2015/05/04-10:45,5549,5550,5544,5544
 2015/05/04-11:00,5545,5548,5543,5548
 2015/05/04-11:15,5547,5553,5537,5538
 2015/05/04-11:30,5538,5547,5538,5543
 2015/05/04-13:45,5543,5544,5528,5531
 2015/05/04-14:00,5531,5542,5527,5535
 2015/05/04-14:15,5535,5537,5522,5527
 2015/05/04-14:30,5528,5535,5527,5529
 2015/05/04-14:45,5529,5537,5526,5532
 2015/05/04-15:00,5531,5535,5522,5522
 2015/05/05-21:15,5519,5533,5506,5525
 2015/05/05-21:30,5526,5530,5517,5527
 2015/05/05-21:45,5527,5530,5523,5526
 2015/05/05-22:00,5527,5534,5526,5531
 2015/05/05-22:15,5531,5557,5531,5551
 2015/05/05-22:30,5551,5554,5548,5551
 2015/05/05-22:45,5551,5552,5547,5548
 2015/05/05-23:00,5548,5553,5538,5546
 2015/05/05-23:15,5546,5550,5541,5545
 2015/05/05-23:30,5545,5550,5542,5549
 2015/05/05-09:15,5549,5550,5538,5546
 2015/05/05-09:30,5545,5584,5542,5580
 2015/05/05-09:45,5580,5595,5577,5580
 2015/05/05-10:00,5579,5592,5578,5591
 2015/05/05-10:15,5591,5597,5577,5584
 2015/05/05-10:45,5584,5599,5581,5583
 2015/05/05-11:00,5583,5586,5576,5581
 2015/05/05-11:15,5582,5585,5572,5579
 2015/05/05-11:30,5580,5582,5571,5576
 2015/05/05-13:45,5575,5594,5572,5591
 2015/05/05-14:00,5590,5598,5577,5583
 2015/05/05-14:15,5583,5590,5578,5586
 2015/05/05-14:30,5585,5587,5579,5582
 2015/05/05-14:45,5582,5598,5582,5586
 2015/05/05-15:00,5586,5594,5580,5589
 2015/05/06-21:15,5602,5630,5602,5625
 2015/05/06-21:30,5625,5625,5618,5619
 2015/05/06-21:45,5619,5622,5614,5618
 2015/05/06-22:00,5618,5627,5615,5622
 2015/05/06-22:15,5623,5624,5609,5615
 2015/05/06-22:30,5616,5616,5609,5616
 2015/05/06-22:45,5616,5618,5613,5616
 2015/05/06-23:00,5616,5618,5613,5615
 2015/05/06-23:15,5615,5619,5613,5616
 2015/05/06-23:30,5617,5618,5612,5613
 2015/05/06-09:15,5623,5623,5592,5601
 2015/05/06-09:30,5601,5615,5596,5611
 2015/05/06-09:45,5611,5621,5608,5609
 2015/05/06-10:00,5609,5614,5608,5612
 2015/05/06-10:15,5611,5615,5610,5613
 2015/05/06-10:45,5613,5615,5608,5612
 2015/05/06-11:00,5613,5617,5610,5614
 2015/05/06-11:15,5613,5618,5610,5610
 2015/05/06-11:30,5610,5612,5596,5611
 2015/05/06-13:45,5611,5642,5611,5635
 2015/05/06-14:00,5636,5653,5634,5644
 2015/05/06-14:15,5644,5661,5640,5642
 2015/05/06-14:30,5642,5647,5600,5610
 2015/05/06-14:45,5610,5626,5606,5617
 2015/05/06-15:00,5617,5625,5615,5620
 2015/05/07-21:15,5620,5627,5610,5617
 2015/05/07-21:30,5617,5617,5602,5610
 2015/05/07-21:45,5610,5612,5603,5608
 2015/05/07-22:00,5607,5614,5605,5610
 2015/05/07-22:15,5610,5616,5607,5608
 2015/05/07-22:30,5608,5614,5607,5609
 2015/05/07-22:45,5609,5614,5608,5609
 2015/05/07-23:00,5609,5610,5587,5590
 2015/05/07-23:15,5590,5601,5578,5595
 2015/05/07-23:30,5594,5597,5592,5596
 2015/05/07-09:15,5595,5597,5585,5591
 2015/05/07-09:30,5592,5594,5582,5593
 2015/05/07-09:45,5592,5595,5586,5592
 2015/05/07-10:00,5593,5595,5590,5593
 2015/05/07-10:15,5592,5600,5592,5599
 2015/05/07-10:45,5598,5606,5597,5604
 2015/05/07-11:00,5604,5612,5596,5597
 2015/05/07-11:15,5597,5606,5594,5605
 2015/05/07-11:30,5604,5606,5602,5605
 2015/05/07-13:45,5606,5609,5594,5597
 2015/05/07-14:00,5597,5612,5595,5611
 2015/05/07-14:15,5611,5612,5605,5607
 2015/05/07-14:30,5608,5608,5602,5602
 2015/05/07-14:45,5603,5606,5595,5597
 2015/05/07-15:00,5596,5604,5595,5602
 2015/05/08-21:15,5608,5616,5602,5609
 2015/05/08-21:30,5609,5629,5606,5625
 2015/05/08-21:45,5624,5629,5618,5619
 2015/05/08-22:00,5619,5621,5585,5593
 2015/05/08-22:15,5592,5600,5588,5595
 2015/05/08-22:30,5594,5597,5581,5587
 2015/05/08-22:45,5586,5587,5558,5567
 2015/05/08-23:00,5567,5574,5556,5570
 2015/05/08-23:15,5571,5585,5566,5580
 2015/05/08-23:30,5580,5585,5577,5583
 2015/05/08-09:15,5588,5591,5574,5576
 2015/05/08-09:30,5576,5581,5568,5578
 2015/05/08-09:45,5577,5588,5575,5580
 2015/05/08-10:00,5581,5582,5575,5578
 2015/05/08-10:15,5578,5580,5575,5580
 2015/05/08-10:45,5580,5586,5578,5585
 2015/05/08-11:00,5585,5586,5574,5577
 2015/05/08-11:15,5576,5587,5576,5583
 2015/05/08-11:30,5583,5583,5579,5579
 2015/05/08-13:45,5579,5580,5571,5575
 2015/05/08-14:00,5574,5577,5553,5569
 2015/05/08-14:15,5569,5570,5541,5553
 2015/05/08-14:30,5553,5563,5550,5557
 2015/05/08-14:45,5557,5565,5554,5561
 2015/05/08-15:00,5562,5563,5536,5537
 2015/05/11-21:15,5550,5568,5544,5562
 2015/05/11-21:30,5561,5563,5545,5552
 2015/05/11-21:45,5553,5557,5525,5529
 2015/05/11-22:00,5528,5545,5524,5540
 2015/05/11-22:15,5539,5544,5533,5533
 2015/05/11-22:30,5534,5539,5528,5534
 2015/05/11-22:45,5535,5544,5534,5538
 2015/05/11-23:00,5538,5544,5537,5542
 2015/05/11-23:15,5542,5542,5538,5542
 2015/05/11-23:30,5543,5557,5542,5551
 2015/05/11-09:15,5556,5594,5552,5586
 2015/05/11-09:30,5585,5587,5573,5579
 2015/05/11-09:45,5580,5582,5572,5573
 2015/05/11-10:00,5573,5583,5566,5579
 2015/05/11-10:15,5579,5587,5574,5580
 2015/05/11-10:45,5581,5583,5577,5582
 2015/05/11-11:00,5581,5588,5579,5582
 2015/05/11-11:15,5582,5582,5576,5577
 2015/05/11-11:30,5577,5583,5576,5578
 2015/05/11-13:45,5579,5588,5578,5583
 2015/05/11-14:00,5584,5590,5573,5575
 2015/05/11-14:15,5575,5578,5573,5575
 2015/05/11-14:30,5575,5591,5575,5586
 2015/05/11-14:45,5586,5587,5579,5580
 2015/05/11-15:00,5580,5588,5577,5580
 2015/05/12-21:15,5580,5596,5567,5575
 2015/05/12-21:30,5575,5578,5572,5575
 2015/05/12-21:45,5575,5576,5570,5572
 2015/05/12-22:00,5573,5577,5568,5575
 2015/05/12-22:15,5575,5575,5568,5575
 2015/05/12-22:30,5575,5578,5573,5576
 2015/05/12-22:45,5576,5584,5575,5576
 2015/05/12-23:00,5576,5580,5575,5577
 2015/05/12-23:15,5577,5577,5572,5573
 2015/05/12-23:30,5574,5577,5571,5573
 2015/05/12-09:15,5583,5585,5538,5540
 2015/05/12-09:30,5539,5546,5520,5537
 2015/05/12-09:45,5537,5552,5532,5546
 2015/05/12-10:00,5546,5551,5533,5537
 2015/05/12-10:15,5535,5542,5534,5540
 2015/05/12-10:45,5541,5545,5539,5539
 2015/05/12-11:00,5539,5546,5538,5543
 2015/05/12-11:15,5542,5546,5541,5543
 2015/05/12-11:30,5542,5561,5542,5555
 2015/05/12-13:45,5555,5557,5549,5554
 2015/05/12-14:00,5553,5561,5548,5560
 2015/05/12-14:15,5560,5561,5552,5554
 2015/05/12-14:30,5554,5555,5546,5551
 2015/05/12-14:45,5549,5553,5545,5552
 2015/05/12-15:00,5552,5563,5548,5551
 2015/05/13-21:15,5555,5568,5547,5559
 2015/05/13-21:30,5559,5564,5539,5547
 2015/05/13-21:45,5547,5552,5546,5549
 2015/05/13-22:00,5548,5551,5542,5546
 2015/05/13-22:15,5546,5558,5545,5551
 2015/05/13-22:30,5551,5557,5550,5553
 2015/05/13-22:45,5553,5557,5552,5555
 2015/05/13-23:00,5556,5563,5556,5558
 2015/05/13-23:15,5559,5561,5549,5558
 2015/05/13-23:30,5559,5560,5551,5555
 2015/05/13-09:15,5556,5565,5545,5561
 2015/05/13-09:30,5562,5588,5559,5579
 2015/05/13-09:45,5579,5584,5570,5579
 2015/05/13-10:00,5580,5585,5577,5581
 2015/05/13-10:15,5581,5590,5577,5581
 2015/05/13-10:45,5581,5584,5578,5581
 2015/05/13-11:00,5580,5586,5579,5585
 2015/05/13-11:15,5585,5587,5575,5582
 2015/05/13-11:30,5581,5590,5580,5581
 2015/05/13-13:45,5581,5581,5575,5579
 2015/05/13-14:00,5579,5581,5576,5578
 2015/05/13-14:15,5578,5578,5572,5576
 2015/05/13-14:30,5576,5583,5575,5580
 2015/05/13-14:45,5579,5592,5576,5578
 2015/05/13-15:00,5578,5585,5570,5584
 2015/05/14-21:15,5582,5618,5582,5617
 2015/05/14-21:30,5618,5626,5613,5622
 2015/05/14-21:45,5621,5624,5616,5618
 2015/05/14-22:00,5617,5619,5605,5610
 2015/05/14-22:15,5611,5613,5606,5608
 2015/05/14-22:30,5609,5610,5596,5603
 2015/05/14-22:45,5604,5605,5564,5576
 2015/05/14-23:00,5576,5577,5551,5552
 2015/05/14-23:15,5550,5567,5540,5563
 2015/05/14-23:30,5564,5565,5555,5560
 2015/05/14-09:15,5553,5560,5531,5548
 2015/05/14-09:30,5550,5552,5542,5544
 2015/05/14-09:45,5544,5549,5536,5545
 2015/05/14-10:00,5545,5550,5535,5537
 2015/05/14-10:15,5536,5546,5532,5539
 2015/05/14-10:45,5539,5543,5536,5543
 2015/05/14-11:00,5543,5543,5538,5538
 2015/05/14-11:15,5538,5545,5537,5545
 2015/05/14-11:30,5545,5547,5539,5542
 2015/05/14-13:45,5542,5552,5526,5546
 2015/05/14-14:00,5547,5556,5544,5552
 2015/05/14-14:15,5552,5553,5547,5550
 2015/05/14-14:30,5549,5555,5545,5553
 2015/05/14-14:45,5553,5557,5550,5551
 2015/05/14-15:00,5552,5562,5549,5558
 2015/05/15-21:15,5562,5566,5546,5562
 2015/05/15-21:30,5563,5568,5560,5565
 2015/05/15-21:45,5565,5567,5558,5559
 2015/05/15-22:00,5558,5562,5554,5556
 2015/05/15-22:15,5556,5557,5546,5552
 2015/05/15-22:30,5552,5554,5538,5541
 2015/05/15-22:45,5540,5549,5538,5548
 2015/05/15-23:00,5548,5549,5543,5545
 2015/05/15-23:15,5545,5545,5529,5535
 2015/05/15-23:30,5534,5544,5527,5538
 2015/05/15-09:15,5540,5549,5536,5542
 2015/05/15-09:30,5542,5545,5486,5492
 2015/05/15-09:45,5490,5544,5482,5541
 2015/05/15-10:00,5541,5554,5537,5541
 2015/05/15-10:15,5541,5551,5532,5535
 2015/05/15-10:45,5534,5537,5528,5531
 2015/05/15-11:00,5531,5535,5529,5533
 2015/05/15-11:15,5534,5542,5517,5528
 2015/05/15-11:30,5528,5534,5522,5530
 2015/05/15-13:45,5529,5532,5526,5529
 2015/05/15-14:00,5529,5534,5527,5529
 2015/05/15-14:15,5529,5541,5528,5537
 2015/05/15-14:30,5538,5545,5535,5542
 2015/05/15-14:45,5543,5547,5540,5544
 2015/05/15-15:00,5544,5546,5536,5540
 2015/05/18-21:15,5544,5548,5528,5535
 2015/05/18-21:30,5535,5537,5532,5534
 2015/05/18-21:45,5535,5535,5524,5526
 2015/05/18-22:00,5526,5545,5525,5540
 2015/05/18-22:15,5540,5541,5535,5539
 2015/05/18-22:30,5539,5540,5532,5535
 2015/05/18-22:45,5535,5541,5534,5539
 2015/05/18-23:00,5538,5540,5535,5537
 2015/05/18-23:15,5537,5539,5533,5537
 2015/05/18-23:30,5536,5541,5536,5539
 2015/05/18-09:15,5535,5543,5521,5530
 2015/05/18-09:30,5530,5532,5525,5526
 2015/05/18-09:45,5526,5534,5523,5533
 2015/05/18-10:00,5534,5541,5531,5533
 2015/05/18-10:15,5534,5538,5533,5535
 2015/05/18-10:45,5535,5545,5534,5535
 2015/05/18-11:00,5535,5542,5534,5542
 2015/05/18-11:15,5542,5551,5539,5544
 2015/05/18-11:30,5545,5548,5541,5546
 2015/05/18-13:45,5545,5560,5545,5557
 2015/05/18-14:00,5557,5557,5547,5555
 2015/05/18-14:15,5556,5558,5551,5555
 2015/05/18-14:30,5555,5556,5552,5555
 2015/05/18-14:45,5554,5560,5549,5554
 2015/05/18-15:00,5554,5562,5552,5561
 2015/05/19-21:15,5561,5566,5548,5552
 2015/05/19-21:30,5552,5553,5546,5552
 2015/05/19-21:45,5552,5554,5547,5549
 2015/05/19-22:00,5549,5551,5544,5550
 2015/05/19-22:15,5550,5553,5546,5553
 2015/05/19-22:30,5553,5553,5546,5548
 2015/05/19-22:45,5548,5549,5546,5547
 2015/05/19-23:00,5546,5550,5546,5549
 2015/05/19-23:15,5549,5550,5541,5543
 2015/05/19-23:30,5543,5546,5541,5544
 2015/05/19-09:15,5548,5549,5528,5538
 2015/05/19-09:30,5538,5539,5534,5535
 2015/05/19-09:45,5535,5538,5532,5538
 2015/05/19-10:00,5537,5538,5532,5535
 2015/05/19-10:15,5535,5552,5534,5552
 2015/05/19-10:45,5551,5553,5548,5550
 2015/05/19-11:00,5551,5587,5527,5535
 2015/05/19-11:15,5536,5546,5529,5543
 2015/05/19-11:30,5542,5565,5542,5557
 2015/05/19-13:45,5556,5560,5552,5557
 2015/05/19-14:00,5556,5560,5555,5556
 2015/05/19-14:15,5557,5566,5554,5558
 2015/05/19-14:30,5559,5561,5554,5559
 2015/05/19-14:45,5559,5560,5555,5558
 2015/05/19-15:00,5557,5559,5546,5553
 2015/05/20-21:15,5551,5552,5523,5536
 2015/05/20-21:30,5538,5538,5505,5513
 2015/05/20-21:45,5514,5521,5511,5514
 2015/05/20-22:00,5514,5519,5499,5499
 2015/05/20-22:15,5498,5525,5489,5519
 2015/05/20-22:30,5519,5538,5514,5525
 2015/05/20-22:45,5525,5526,5512,5516
 2015/05/20-23:00,5516,5528,5509,5527
 2015/05/20-23:15,5527,5530,5515,5516
 2015/05/20-23:30,5515,5525,5515,5523
 2015/05/20-09:15,5523,5525,5509,5510
 2015/05/20-09:30,5511,5526,5508,5521
 2015/05/20-09:45,5520,5524,5517,5521
 2015/05/20-10:00,5522,5522,5511,5511
 2015/05/20-10:15,5510,5520,5504,5517
 2015/05/20-10:45,5516,5519,5510,5513
 2015/05/20-11:00,5513,5519,5512,5515
 2015/05/20-11:15,5514,5514,5468,5468
 2015/05/20-11:30,5468,5488,5465,5480
 2015/05/20-13:45,5480,5480,5456,5466
 2015/05/20-14:00,5466,5467,5423,5435
 2015/05/20-14:15,5436,5453,5432,5440
 2015/05/20-14:30,5440,5446,5429,5440
 2015/05/20-14:45,5440,5443,5433,5439
 2015/05/20-15:00,5439,5455,5425,5426
 2015/05/21-21:15,5438,5465,5429,5448
 2015/05/21-21:30,5448,5453,5442,5446
 2015/05/21-21:45,5445,5458,5444,5455
 2015/05/21-22:00,5455,5468,5451,5464
 2015/05/21-22:15,5464,5465,5455,5455
 2015/05/21-22:30,5456,5461,5455,5458
 2015/05/21-22:45,5458,5459,5452,5454
 2015/05/21-23:00,5453,5457,5446,5455
 2015/05/21-23:15,5454,5455,5446,5449
 2015/05/21-23:30,5449,5451,5446,5451
 2015/05/21-09:15,5450,5462,5432,5436
 2015/05/21-09:30,5436,5438,5419,5426
 2015/05/21-09:45,5427,5437,5427,5433
 2015/05/21-10:00,5433,5444,5429,5444
 2015/05/21-10:15,5444,5458,5441,5457
 2015/05/21-10:45,5456,5460,5453,5455
 2015/05/21-11:00,5455,5476,5453,5466
 2015/05/21-11:15,5466,5473,5464,5467
 2015/05/21-11:30,5467,5468,5458,5465
 2015/05/21-13:45,5464,5471,5458,5470
 2015/05/21-14:00,5471,5475,5465,5466
 2015/05/21-14:15,5466,5470,5458,5461
 2015/05/21-14:30,5461,5470,5460,5465
 2015/05/21-14:45,5466,5469,5463,5466
 2015/05/21-15:00,5465,5471,5465,5470
 2015/05/22-21:15,5465,5485,5455,5477
 2015/05/22-21:30,5477,5491,5477,5485
 2015/05/22-21:45,5486,5494,5478,5480
 2015/05/22-22:00,5478,5485,5476,5477
 2015/05/22-22:15,5477,5486,5477,5485
 2015/05/22-22:30,5485,5488,5483,5484
 2015/05/22-22:45,5485,5489,5482,5486
 2015/05/22-23:00,5486,5488,5483,5484
 2015/05/22-23:15,5484,5488,5482,5483
 2015/05/22-23:30,5483,5493,5483,5493
 2015/05/22-09:15,5492,5493,5479,5485
 2015/05/22-09:30,5485,5487,5468,5474
 2015/05/22-09:45,5475,5477,5458,5461
 2015/05/22-10:00,5461,5469,5457,5465
 2015/05/22-10:15,5466,5468,5460,5466
 2015/05/22-10:45,5466,5470,5460,5469
 2015/05/22-11:00,5468,5469,5462,5464
 2015/05/22-11:15,5464,5465,5452,5456
 2015/05/22-11:30,5456,5465,5454,5462
 2015/05/22-13:45,5463,5491,5455,5485
 2015/05/22-14:00,5485,5492,5480,5485
 2015/05/22-14:15,5485,5490,5478,5478
 2015/05/22-14:30,5478,5487,5478,5482
 2015/05/22-14:45,5481,5497,5481,5491
 2015/05/22-15:00,5491,5503,5489,5501
 2015/05/25-21:15,5492,5495,5474,5480
 2015/05/25-21:30,5480,5485,5478,5478
 2015/05/25-21:45,5479,5482,5471,5479
 2015/05/25-22:00,5478,5483,5478,5480
 2015/05/25-22:15,5480,5482,5476,5478
 2015/05/25-22:30,5478,5480,5474,5479
 2015/05/25-22:45,5479,5491,5478,5482
 2015/05/25-23:00,5482,5486,5479,5485
 2015/05/25-23:15,5485,5485,5479,5481
 2015/05/25-23:30,5482,5482,5474,5477
 2015/05/25-09:15,5474,5477,5448,5457
 2015/05/25-09:30,5456,5461,5445,5454
 2015/05/25-09:45,5453,5461,5449,5455
 2015/05/25-10:00,5454,5457,5441,5457
 2015/05/25-10:15,5457,5460,5451,5456
 2015/05/25-10:45,5457,5464,5451,5464
 2015/05/25-11:00,5465,5468,5459,5463
 2015/05/25-11:15,5463,5466,5458,5462
 2015/05/25-11:30,5463,5464,5460,5460
 2015/05/25-13:45,5460,5461,5447,5452
 2015/05/25-14:00,5453,5453,5435,5445
 2015/05/25-14:15,5444,5457,5442,5457
 2015/05/25-14:30,5457,5460,5446,5448
 2015/05/25-14:45,5448,5453,5441,5451
 2015/05/25-15:00,5452,5458,5449,5455
 2015/05/26-21:15,5445,5485,5445,5484
 2015/05/26-21:30,5485,5545,5483,5535
 2015/05/26-21:45,5535,5550,5532,5545
 2015/05/26-22:00,5546,5650,5546,5604
 2015/05/26-22:15,5605,5615,5594,5599
 2015/05/26-22:30,5598,5602,5584,5593
 2015/05/26-22:45,5593,5599,5588,5598
 2015/05/26-23:00,5598,5598,5589,5595
 2015/05/26-23:15,5594,5599,5590,5594
 2015/05/26-23:30,5593,5596,5591,5595
 2015/05/26-09:15,5596,5598,5562,5572
 2015/05/26-09:30,5572,5577,5560,5575
 2015/05/26-09:45,5576,5579,5573,5573
 2015/05/26-10:00,5574,5576,5563,5566
 2015/05/26-10:15,5566,5568,5555,5562
 2015/05/26-10:45,5562,5568,5560,5566
 2015/05/26-11:00,5566,5567,5561,5561
 2015/05/26-11:15,5561,5574,5559,5572
 2015/05/26-11:30,5573,5575,5557,5559
 2015/05/26-13:45,5558,5571,5550,5569
 2015/05/26-14:00,5568,5573,5562,5564
 2015/05/26-14:15,5565,5568,5558,5561
 2015/05/26-14:30,5560,5562,5505,5515
 2015/05/26-14:45,5515,5523,5508,5517
 2015/05/26-15:00,5517,5521,5472,5474
 2015/05/27-21:15,5470,5489,5359,5462
 2015/05/27-21:30,5462,5472,5449,5465
 2015/05/27-21:45,5466,5472,5461,5467
 2015/05/27-22:00,5467,5477,5460,5465
 2015/05/27-22:15,5465,5467,5460,5464
 2015/05/27-22:30,5464,5467,5459,5463
 2015/05/27-22:45,5464,5467,5462,5463
 2015/05/27-23:00,5464,5471,5459,5466
 2015/05/27-23:15,5467,5467,5461,5462
 2015/05/27-23:30,5462,5472,5453,5469
 2015/05/27-09:15,5470,5494,5461,5485
 2015/05/27-09:30,5485,5510,5485,5498
 2015/05/27-09:45,5498,5503,5487,5492
 2015/05/27-10:00,5493,5494,5489,5491
 2015/05/27-10:15,5491,5494,5482,5483
 2015/05/27-10:45,5483,5490,5483,5487
 2015/05/27-11:00,5487,5488,5473,5475
 2015/05/27-11:15,5476,5487,5474,5485
 2015/05/27-11:30,5485,5486,5481,5484
 2015/05/27-13:45,5484,5498,5484,5493
 2015/05/27-14:00,5494,5495,5482,5492
 2015/05/27-14:15,5492,5502,5488,5495
 2015/05/27-14:30,5495,5501,5486,5499
 2015/05/27-14:45,5500,5500,5488,5493
 2015/05/27-15:00,5494,5498,5490,5495
 2015/05/28-21:15,5475,5537,5471,5525
 2015/05/28-21:30,5526,5539,5522,5535
 2015/05/28-21:45,5535,5548,5529,5536
 2015/05/28-22:00,5536,5543,5528,5538
 2015/05/28-22:15,5538,5540,5530,5538
 2015/05/28-22:30,5538,5539,5531,5533
 2015/05/28-22:45,5533,5538,5526,5532
 2015/05/28-23:00,5531,5535,5530,5531
 2015/05/28-23:15,5531,5532,5514,5522
 2015/05/28-23:30,5522,5526,5514,5520
 2015/05/28-09:15,5521,5536,5516,5527
 2015/05/28-09:30,5527,5530,5519,5527
 2015/05/28-09:45,5527,5527,5516,5520
 2015/05/28-10:00,5519,5519,5492,5500
 2015/05/28-10:15,5500,5513,5494,5506
 2015/05/28-10:45,5505,5509,5503,5505
 2015/05/28-11:00,5505,5508,5503,5505
 2015/05/28-11:15,5504,5512,5500,5509
 2015/05/28-11:30,5509,5512,5501,5505
 2015/05/28-13:45,5503,5507,5482,5490
 2015/05/28-14:00,5490,5498,5482,5491
 2015/05/28-14:15,5491,5522,5490,5514
 2015/05/28-14:30,5514,5518,5505,5518
 2015/05/28-14:45,5517,5521,5513,5515
 2015/05/28-15:00,5513,5516,5495,5509
 2015/05/29-21:15,5506,5531,5481,5484
 2015/05/29-21:30,5484,5505,5484,5505
 2015/05/29-21:45,5505,5515,5498,5503
 2015/05/29-22:00,5503,5508,5496,5506
 2015/05/29-22:15,5506,5522,5502,5517
 2015/05/29-22:30,5518,5524,5512,5516
 2015/05/29-22:45,5516,5520,5505,5507
 2015/05/29-23:00,5508,5515,5504,5513
 2015/05/29-23:15,5514,5515,5511,5514
 2015/05/29-23:30,5513,5515,5506,5510
 2015/05/29-09:15,5511,5525,5510,5515
 2015/05/29-09:30,5515,5521,5508,5515
 2015/05/29-09:45,5515,5517,5502,5503
 2015/05/29-10:00,5503,5527,5501,5519
 2015/05/29-10:15,5518,5526,5516,5519
 2015/05/29-10:45,5519,5533,5519,5528
 2015/05/29-11:00,5528,5530,5522,5524
 2015/05/29-11:15,5524,5529,5520,5525
 2015/05/29-11:30,5525,5528,5523,5528
 2015/05/29-13:45,5528,5553,5527,5547
 2015/05/29-14:00,5548,5550,5533,5536
 2015/05/29-14:15,5536,5538,5530,5536
 2015/05/29-14:30,5536,5537,5531,5531
 2015/05/29-14:45,5531,5540,5525,5536
 2015/05/29-15:00,5536,5538,5531,5537
 2015/06/01-21:15,5547,5552,5537,5540
 2015/06/01-21:30,5540,5544,5535,5538
 2015/06/01-21:45,5539,5541,5534,5540
 2015/06/01-22:00,5540,5544,5538,5541
 2015/06/01-22:15,5542,5543,5531,5535
 2015/06/01-22:30,5535,5538,5533,5538
 2015/06/01-22:45,5538,5542,5535,5539
 2015/06/01-23:00,5540,5545,5538,5540
 2015/06/01-23:15,5540,5541,5531,5531
 2015/06/01-23:30,5531,5540,5527,5538
 2015/06/01-09:15,5537,5564,5526,5563
 2015/06/01-09:30,5563,5566,5535,5545
 2015/06/01-09:45,5544,5549,5537,5546
 2015/06/01-10:00,5546,5549,5543,5545
 2015/06/01-10:15,5547,5552,5545,5548
 2015/06/01-10:45,5548,5559,5548,5555
 2015/06/01-11:00,5556,5558,5547,5554
 2015/06/01-11:15,5554,5554,5543,5545
 2015/06/01-11:30,5544,5551,5543,5547
 2015/06/01-13:45,5547,5556,5547,5551
 2015/06/01-14:00,5551,5555,5538,5546
 2015/06/01-14:15,5545,5546,5539,5543
 2015/06/01-14:30,5542,5547,5539,5544
 2015/06/01-14:45,5545,5554,5543,5545
 2015/06/01-15:00,5546,5547,5535,5539
 2015/06/02-21:15,5535,5557,5534,5555
 2015/06/02-21:30,5554,5563,5550,5559
 2015/06/02-21:45,5559,5575,5559,5564
 2015/06/02-22:00,5565,5565,5551,5560
 2015/06/02-22:15,5560,5561,5554,5555
 2015/06/02-22:30,5554,5562,5554,5559
 2015/06/02-22:45,5558,5565,5558,5563
 2015/06/02-23:00,5565,5570,5563,5569
 2015/06/02-23:15,5569,5570,5564,5565
 2015/06/02-23:30,5565,5569,5562,5569
 2015/06/02-09:15,5569,5588,5568,5576
 2015/06/02-09:30,5576,5580,5565,5573
 2015/06/02-09:45,5573,5577,5570,5571
 2015/06/02-10:00,5572,5574,5565,5574
 2015/06/02-10:15,5574,5580,5571,5578
 2015/06/02-10:45,5577,5581,5575,5579
 2015/06/02-11:00,5580,5585,5577,5582
 2015/06/02-11:15,5582,5589,5575,5577
 2015/06/02-11:30,5577,5582,5576,5580
 2015/06/02-13:45,5580,5591,5574,5582
 2015/06/02-14:00,5583,5586,5578,5584
 2015/06/02-14:15,5584,5587,5580,5585
 2015/06/02-14:30,5584,5591,5583,5586
 2015/06/02-14:45,5586,5597,5582,5592
 2015/06/02-15:00,5592,5610,5590,5608
 2015/06/03-21:15,5620,5646,5611,5640
 2015/06/03-21:30,5641,5643,5629,5635
 2015/06/03-21:45,5635,5639,5630,5633
 2015/06/03-22:00,5633,5639,5632,5633
 2015/06/03-22:15,5633,5637,5626,5632
 2015/06/03-22:30,5633,5638,5631,5633
 2015/06/03-22:45,5633,5636,5631,5635
 2015/06/03-23:00,5636,5637,5633,5636
 2015/06/03-23:15,5636,5636,5630,5631
 2015/06/03-23:30,5631,5634,5629,5632
 2015/06/03-09:15,5631,5633,5608,5618
 2015/06/03-09:30,5618,5618,5606,5614
 2015/06/03-09:45,5613,5617,5602,5607
 2015/06/03-10:00,5607,5609,5596,5607
 2015/06/03-10:15,5606,5619,5606,5614
 2015/06/03-10:45,5614,5618,5608,5611
 2015/06/03-11:00,5611,5612,5606,5610
 2015/06/03-11:15,5610,5611,5605,5611
 2015/06/03-11:30,5610,5611,5605,5611
 2015/06/03-13:45,5611,5611,5601,5606
 2015/06/03-14:00,5607,5608,5600,5602
 2015/06/03-14:15,5600,5601,5581,5595
 2015/06/03-14:30,5595,5598,5583,5592
 2015/06/03-14:45,5593,5594,5586,5587
 2015/06/03-15:00,5587,5593,5585,5589
 2015/06/04-21:15,5589,5628,5583,5623
 2015/06/04-21:30,5625,5636,5621,5626
 2015/06/04-21:45,5626,5628,5613,5613
 2015/06/04-22:00,5613,5620,5612,5617
 2015/06/04-22:15,5617,5624,5611,5622
 2015/06/04-22:30,5622,5622,5615,5616
 2015/06/04-22:45,5616,5618,5614,5616
 2015/06/04-23:00,5616,5616,5607,5611
 2015/06/04-23:15,5611,5616,5609,5615
 2015/06/04-23:30,5616,5616,5609,5610
 2015/06/04-09:15,5599,5613,5582,5586
 2015/06/04-09:30,5586,5595,5574,5584
 2015/06/04-09:45,5584,5588,5572,5586
 2015/06/04-10:00,5587,5590,5583,5583
 2015/06/04-10:15,5583,5587,5576,5580
 2015/06/04-10:45,5580,5584,5576,5583
 2015/06/04-11:00,5582,5588,5579,5585
 2015/06/04-11:15,5586,5587,5583,5584
 2015/06/04-11:30,5584,5584,5574,5577
 2015/06/04-13:45,5574,5585,5567,5583
 2015/06/04-14:00,5584,5595,5583,5590
 2015/06/04-14:15,5590,5599,5588,5589
 2015/06/04-14:30,5589,5594,5588,5593
 2015/06/04-14:45,5592,5599,5589,5594
 2015/06/04-15:00,5593,5617,5590,5617
 2015/06/05-21:15,5629,5644,5604,5611
 2015/06/05-21:30,5612,5614,5593,5597
 2015/06/05-21:45,5599,5605,5585,5589
 2015/06/05-22:00,5588,5602,5588,5601
 2015/06/05-22:15,5600,5602,5593,5596
 2015/06/05-22:30,5596,5601,5592,5593
 2015/06/05-22:45,5592,5596,5586,5593
 2015/06/05-23:00,5594,5601,5593,5597
 2015/06/05-23:15,5598,5603,5578,5583
 2015/06/05-23:30,5582,5598,5582,5587
 2015/06/05-09:15,5587,5591,5574,5578
 2015/06/05-09:30,5579,5580,5570,5576
 2015/06/05-09:45,5576,5584,5573,5580
 2015/06/05-10:00,5580,5582,5575,5575
 2015/06/05-10:15,5576,5580,5573,5578
 2015/06/05-10:45,5578,5581,5577,5578
 2015/06/05-11:00,5578,5579,5575,5579
 2015/06/05-11:15,5580,5580,5568,5571
 2015/06/05-11:30,5571,5580,5571,5574
 2015/06/05-13:45,5575,5589,5573,5589
 2015/06/05-14:00,5589,5591,5583,5586
 2015/06/05-14:15,5586,5593,5582,5585
 2015/06/05-14:30,5585,5592,5585,5590
 2015/06/05-14:45,5590,5594,5587,5590
 2015/06/05-15:00,5590,5592,5576,5576
 2015/06/08-21:15,5571,5582,5561,5574
 2015/06/08-21:30,5574,5575,5567,5567
 2015/06/08-21:45,5568,5573,5566,5570
 2015/06/08-22:00,5571,5574,5569,5572
 2015/06/08-22:15,5572,5585,5570,5580
 2015/06/08-22:30,5581,5581,5575,5575
 2015/06/08-22:45,5576,5578,5574,5575
 2015/06/08-23:00,5575,5578,5574,5577
 2015/06/08-23:15,5577,5578,5575,5577
 2015/06/08-23:30,5576,5577,5574,5575
 2015/06/08-09:15,5575,5584,5569,5573
 2015/06/08-09:30,5574,5588,5571,5580
 2015/06/08-09:45,5579,5583,5575,5580
 2015/06/08-10:00,5581,5586,5579,5581
 2015/06/08-10:15,5581,5582,5577,5580
 2015/06/08-10:45,5581,5582,5573,5575
 2015/06/08-11:00,5575,5580,5571,5576
 2015/06/08-11:15,5575,5579,5570,5577
 2015/06/08-11:30,5577,5578,5574,5574
 2015/06/08-13:45,5574,5579,5574,5576
 2015/06/08-14:00,5576,5581,5573,5581
 2015/06/08-14:15,5581,5581,5577,5578
 2015/06/08-14:30,5578,5578,5574,5575
 2015/06/08-14:45,5575,5577,5573,5576
 2015/06/08-15:00,5576,5579,5573,5576
 2015/06/09-21:15,5588,5610,5578,5586
 2015/06/09-21:30,5586,5587,5583,5586
 2015/06/09-21:45,5586,5587,5582,5586
 2015/06/09-22:00,5587,5587,5579,5583
 2015/06/09-22:15,5583,5584,5580,5582
 2015/06/09-22:30,5582,5583,5581,5582
 2015/06/09-22:45,5582,5582,5569,5574
 2015/06/09-23:00,5573,5576,5572,5574
 2015/06/09-23:15,5574,5574,5571,5572
 2015/06/09-23:30,5572,5573,5563,5564
 2015/06/09-09:15,5566,5578,5556,5573
 2015/06/09-09:30,5573,5573,5551,5563
 2015/06/09-09:45,5563,5572,5560,5570
 2015/06/09-10:00,5570,5575,5569,5570
 2015/06/09-10:15,5570,5571,5561,5563
 2015/06/09-10:45,5563,5565,5555,5556
 2015/06/09-11:00,5556,5559,5550,5556
 2015/06/09-11:15,5556,5558,5553,5556
 2015/06/09-11:30,5556,5559,5555,5558
 2015/06/09-13:45,5558,5566,5557,5561
 2015/06/09-14:00,5561,5561,5553,5557
 2015/06/09-14:15,5557,5560,5555,5557
 2015/06/09-14:30,5557,5563,5556,5558
 2015/06/09-14:45,5558,5563,5557,5560
 2015/06/09-15:00,5561,5568,5559,5564
 2015/06/10-21:15,5570,5585,5565,5570
 2015/06/10-21:30,5569,5574,5568,5573
 2015/06/10-21:45,5572,5575,5571,5572
 2015/06/10-22:00,5572,5573,5567,5569
 2015/06/10-22:15,5569,5569,5561,5562
 2015/06/10-22:30,5562,5568,5561,5566
 2015/06/10-22:45,5565,5568,5562,5563
 2015/06/10-23:00,5563,5566,5562,5564
 2015/06/10-23:15,5564,5566,5563,5566
 2015/06/10-23:30,5566,5566,5562,5564
 2015/06/10-09:15,5564,5565,5551,5554
 2015/06/10-09:30,5554,5557,5543,5544
 2015/06/10-09:45,5543,5561,5535,5557
 2015/06/10-10:00,5557,5559,5554,5557
 2015/06/10-10:15,5557,5573,5556,5568
 2015/06/10-10:45,5568,5569,5565,5566
 2015/06/10-11:00,5567,5570,5565,5566
 2015/06/10-11:15,5566,5568,5560,5564
 2015/06/10-11:30,5564,5566,5561,5562
 2015/06/10-13:45,5562,5570,5558,5565
 2015/06/10-14:00,5565,5568,5565,5567
 2015/06/10-14:15,5567,5569,5562,5568
 2015/06/10-14:30,5568,5568,5563,5564
 2015/06/10-14:45,5565,5566,5562,5563
 2015/06/10-15:00,5564,5572,5563,5569
 2015/06/11-21:15,5574,5575,5561,5566
 2015/06/11-21:30,5566,5582,5565,5575
 2015/06/11-21:45,5575,5577,5562,5571
 2015/06/11-22:00,5571,5572,5568,5570
 2015/06/11-22:15,5571,5573,5568,5569
 2015/06/11-22:30,5570,5571,5566,5567
 2015/06/11-22:45,5567,5570,5558,5562
 2015/06/11-23:00,5562,5566,5560,5564
 2015/06/11-23:15,5564,5565,5562,5563
 2015/06/11-23:30,5563,5564,5559,5562
 2015/06/11-09:15,5562,5566,5555,5564
 2015/06/11-09:30,5565,5565,5558,5561
 2015/06/11-09:45,5561,5561,5556,5558
 2015/06/11-10:00,5558,5565,5552,5561
 2015/06/11-10:15,5561,5563,5556,5559
 2015/06/11-10:45,5559,5564,5558,5561
 2015/06/11-11:00,5560,5564,5560,5561
 2015/06/11-11:15,5561,5564,5560,5561
 2015/06/11-11:30,5561,5565,5560,5564
 2015/06/11-13:45,5564,5574,5562,5567
 2015/06/11-14:00,5567,5575,5567,5569
 2015/06/11-14:15,5569,5571,5563,5564
 2015/06/11-14:30,5563,5566,5559,5561
 2015/06/11-14:45,5561,5563,5552,5558
 2015/06/11-15:00,5558,5558,5545,5545
 2015/06/12-21:15,5541,5549,5531,5543
 2015/06/12-21:30,5543,5545,5538,5543
 2015/06/12-21:45,5542,5545,5533,5536
 2015/06/12-22:00,5536,5538,5512,5513
 2015/06/12-22:15,5514,5529,5508,5525
 2015/06/12-22:30,5526,5527,5519,5520
 2015/06/12-22:45,5520,5525,5514,5521
 2015/06/12-23:00,5521,5523,5518,5518
 2015/06/12-23:15,5518,5519,5507,5509
 2015/06/12-23:30,5509,5524,5507,5519
 2015/06/12-09:15,5519,5519,5499,5505
 2015/06/12-09:30,5505,5509,5486,5488
 2015/06/12-09:45,5488,5497,5486,5489
 2015/06/12-10:00,5489,5494,5487,5489
 2015/06/12-10:15,5489,5492,5487,5488
 2015/06/12-10:45,5487,5490,5481,5485
 2015/06/12-11:00,5485,5491,5482,5487
 2015/06/12-11:15,5488,5491,5484,5488
 2015/06/12-11:30,5488,5507,5487,5504
 2015/06/12-13:45,5505,5518,5499,5513
 2015/06/12-14:00,5514,5517,5501,5501
 2015/06/12-14:15,5501,5505,5494,5498
 2015/06/12-14:30,5498,5503,5496,5500
 2015/06/12-14:45,5499,5506,5498,5504
 2015/06/12-15:00,5504,5505,5495,5496
 2015/06/15-21:15,5508,5508,5491,5497
 2015/06/15-21:30,5497,5502,5484,5498
 2015/06/15-21:45,5498,5499,5494,5497
 2015/06/15-22:00,5497,5499,5495,5495
 2015/06/15-22:15,5495,5498,5495,5496
 2015/06/15-22:30,5497,5497,5488,5490
 2015/06/15-22:45,5490,5491,5464,5467
 2015/06/15-23:00,5467,5475,5465,5471
 2015/06/15-23:15,5471,5480,5465,5475
 2015/06/15-23:30,5475,5475,5468,5471
 2015/06/15-09:15,5472,5480,5442,5443
 2015/06/15-09:30,5443,5455,5443,5450
 2015/06/15-09:45,5450,5451,5436,5442
 2015/06/15-10:00,5443,5451,5442,5442
 2015/06/15-10:15,5442,5451,5441,5447
 2015/06/15-10:45,5447,5450,5441,5442
 2015/06/15-11:00,5442,5443,5432,5434
 2015/06/15-11:15,5434,5437,5413,5416
 2015/06/15-11:30,5416,5423,5403,5404
 2015/06/15-13:45,5405,5406,5384,5394
 2015/06/15-14:00,5395,5403,5388,5394
 2015/06/15-14:15,5393,5408,5388,5405
 2015/06/15-14:30,5406,5421,5404,5409
 2015/06/15-14:45,5410,5413,5402,5405
 2015/06/15-15:00,5405,5412,5383,5385
 2015/06/16-21:15,5374,5394,5371,5391
 2015/06/16-21:30,5391,5394,5377,5379
 2015/06/16-21:45,5379,5420,5377,5409
 2015/06/16-22:00,5409,5412,5405,5409
 2015/06/16-22:15,5409,5424,5407,5421
 2015/06/16-22:30,5421,5421,5413,5416
 2015/06/16-22:45,5416,5419,5413,5413
 2015/06/16-23:00,5413,5417,5407,5408
 2015/06/16-23:15,5408,5420,5405,5417
 2015/06/16-23:30,5416,5420,5413,5414
 2015/06/16-09:15,5414,5414,5395,5402
 2015/06/16-09:30,5401,5401,5388,5393
 2015/06/16-09:45,5394,5404,5392,5397
 2015/06/16-10:00,5396,5403,5393,5395
 2015/06/16-10:15,5395,5398,5380,5381
 2015/06/16-10:45,5380,5386,5345,5378
 2015/06/16-11:00,5379,5381,5371,5373
 2015/06/16-11:15,5374,5378,5370,5374
 2015/06/16-11:30,5374,5375,5365,5373
 2015/06/16-13:45,5373,5373,5349,5352
 2015/06/16-14:00,5351,5354,5342,5345
 2015/06/16-14:15,5345,5347,5312,5312
 2015/06/16-14:30,5312,5331,5301,5322
 2015/06/16-14:45,5322,5328,5313,5327
 2015/06/16-15:00,5327,5344,5319,5325
 2015/06/17-21:15,5335,5337,5310,5316
 2015/06/17-21:30,5316,5335,5316,5329
 2015/06/17-21:45,5328,5329,5313,5320
 2015/06/17-22:00,5320,5324,5315,5317
 2015/06/17-22:15,5317,5322,5305,5317
 2015/06/17-22:30,5318,5321,5314,5318
 2015/06/17-22:45,5318,5318,5312,5315
 2015/06/17-23:00,5314,5320,5314,5317
 2015/06/17-23:15,5317,5322,5316,5318
 2015/06/17-23:30,5318,5320,5313,5317
 2015/06/17-09:15,5316,5328,5308,5318
 2015/06/17-09:30,5318,5325,5318,5320
 2015/06/17-09:45,5320,5324,5300,5302
 2015/06/17-10:00,5303,5321,5302,5307
 2015/06/17-10:15,5306,5306,5274,5281
 2015/06/17-10:45,5281,5281,5248,5256
 2015/06/17-11:00,5256,5261,5233,5257
 2015/06/17-11:15,5257,5272,5248,5270
 2015/06/17-11:30,5270,5271,5247,5259
 2015/06/17-13:45,5261,5275,5260,5272
 2015/06/17-14:00,5271,5278,5262,5265
 2015/06/17-14:15,5265,5271,5263,5266
 2015/06/17-14:30,5266,5287,5265,5285
 2015/06/17-14:45,5285,5319,5279,5310
 2015/06/17-15:00,5310,5324,5291,5297
 2015/06/18-21:15,5299,5314,5297,5304
 2015/06/18-21:30,5305,5306,5284,5297
 2015/06/18-21:45,5297,5298,5290,5296
 2015/06/18-22:00,5296,5306,5294,5296
 2015/06/18-22:15,5295,5299,5293,5298
 2015/06/18-22:30,5298,5312,5297,5306
 2015/06/18-22:45,5306,5313,5301,5310
 2015/06/18-23:00,5310,5317,5304,5312
 2015/06/18-23:15,5312,5329,5308,5327
 2015/06/18-23:30,5328,5343,5324,5335
 2015/06/18-09:15,5335,5358,5319,5349
 2015/06/18-09:30,5349,5349,5332,5347
 2015/06/18-09:45,5348,5351,5338,5351
 2015/06/18-10:00,5351,5360,5345,5349
 2015/06/18-10:15,5350,5357,5342,5344
 2015/06/18-10:45,5344,5345,5335,5340
 2015/06/18-11:00,5341,5347,5337,5338
 2015/06/18-11:15,5338,5348,5337,5348
 2015/06/18-11:30,5347,5348,5341,5344
 2015/06/18-13:45,5345,5346,5341,5346
 2015/06/18-14:00,5345,5346,5318,5327
 2015/06/18-14:15,5328,5333,5311,5314
 2015/06/18-14:30,5314,5323,5308,5317
 2015/06/18-14:45,5316,5318,5301,5303
 2015/06/18-15:00,5304,5318,5298,5317
 2015/06/19-21:15,5316,5316,5293,5296
 2015/06/19-21:30,5296,5312,5289,5305
 2015/06/19-21:45,5304,5320,5304,5309
 2015/06/19-22:00,5310,5312,5300,5304
 2015/06/19-22:15,5303,5309,5302,5306
 2015/06/19-22:30,5307,5316,5304,5312
 2015/06/19-22:45,5312,5313,5302,5305
 2015/06/19-23:00,5305,5309,5304,5305
 2015/06/19-23:15,5306,5306,5293,5297
 2015/06/19-23:30,5296,5299,5291,5298
 2015/06/19-09:15,5299,5299,5268,5278
 2015/06/19-09:30,5278,5284,5275,5279
 2015/06/19-09:45,5279,5280,5255,5263
 2015/06/19-10:00,5263,5268,5248,5248
 2015/06/19-10:15,5246,5257,5240,5241
 2015/06/19-10:45,5241,5272,5237,5270
 2015/06/19-11:00,5271,5277,5264,5268
 2015/06/19-11:15,5268,5280,5268,5269
 2015/06/19-11:30,5270,5271,5257,5267
 2015/06/19-13:45,5266,5274,5250,5274
 2015/06/19-14:00,5274,5275,5264,5267
 2015/06/19-14:15,5267,5272,5266,5270
 2015/06/19-14:30,5269,5271,5254,5264
 2015/06/19-14:45,5264,5266,5257,5257
 2015/06/19-15:00,5257,5274,5255,5269
 2015/06/23-21:15,5563,5563,5563,5563
 2015/06/23-21:30,5563,5563,5563,5563
 2015/06/23-21:45,5563,5563,5563,5563
 2015/06/23-22:00,5563,5563,5563,5563
 2015/06/23-22:15,5563,5563,5563,5563
 2015/06/23-22:30,5563,5563,5563,5563
 2015/06/23-22:45,5563,5563,5563,5563
 2015/06/23-23:00,5563,5563,5563,5563
 2015/06/23-23:15,5563,5563,5563,5563
 2015/06/23-23:30,5563,5569,5563,5569
 2015/06/23-09:15,5568,5630,5568,5601
 2015/06/23-09:30,5602,5602,5579,5594
 2015/06/23-09:45,5595,5598,5589,5595
 2015/06/23-10:00,5595,5596,5590,5594
 2015/06/23-10:15,5595,5598,5592,5595
 2015/06/23-10:45,5596,5598,5593,5596
 2015/06/23-11:00,5596,5599,5592,5593
 2015/06/23-11:15,5593,5595,5579,5585
 2015/06/23-11:30,5584,5587,5570,5582
 2015/06/23-13:45,5585,5594,5577,5581
 2015/06/23-14:00,5581,5585,5575,5584
 2015/06/23-14:15,5584,5595,5583,5592
 2015/06/23-14:30,5592,5595,5589,5593
 2015/06/23-14:45,5594,5598,5588,5594
 2015/06/23-15:00,5595,5599,5590,5595
 2015/06/24-21:15,5588,5597,5578,5585
 2015/06/24-21:30,5585,5587,5574,5575
 2015/06/24-21:45,5575,5584,5560,5577
 2015/06/24-22:00,5578,5580,5570,5575
 2015/06/24-22:15,5574,5575,5568,5572
 2015/06/24-22:30,5572,5576,5563,5566
 2015/06/24-22:45,5565,5573,5562,5570
 2015/06/24-23:00,5569,5570,5564,5566
 2015/06/24-23:15,5567,5572,5566,5570
 2015/06/24-23:30,5571,5572,5569,5571
 2015/06/24-09:15,5566,5566,5549,5559
 2015/06/24-09:30,5559,5560,5548,5555
 2015/06/24-09:45,5555,5555,5540,5554
 2015/06/24-10:00,5554,5559,5551,5555
 2015/06/24-10:15,5555,5562,5550,5561
 2015/06/24-10:45,5561,5567,5557,5567
 2015/06/24-11:00,5570,5581,5564,5576
 2015/06/24-11:15,5577,5585,5575,5583
 2015/06/24-11:30,5582,5583,5577,5581
 2015/06/24-13:45,5580,5581,5572,5577
 2015/06/24-14:00,5578,5598,5577,5594
 2015/06/24-14:15,5595,5597,5588,5594
 2015/06/24-14:30,5595,5599,5591,5595
 2015/06/24-14:45,5595,5597,5588,5597
 2015/06/24-15:00,5598,5600,5591,5593
 2015/06/25-21:15,5605,5626,5600,5610
 2015/06/25-21:30,5610,5618,5609,5616
 2015/06/25-21:45,5617,5624,5615,5621
 2015/06/25-22:00,5622,5639,5618,5633
 2015/06/25-22:15,5634,5636,5627,5630
 2015/06/25-22:30,5630,5638,5629,5633
 2015/06/25-22:45,5633,5634,5627,5628
 2015/06/25-23:00,5629,5631,5623,5627
 2015/06/25-23:15,5627,5632,5626,5632
 2015/06/25-23:30,5631,5633,5625,5633
 2015/06/25-09:15,5633,5636,5609,5618
 2015/06/25-09:30,5617,5619,5603,5611
 2015/06/25-09:45,5610,5616,5606,5613
 2015/06/25-10:00,5613,5614,5610,5613
 2015/06/25-10:15,5613,5626,5610,5624
 2015/06/25-10:45,5624,5630,5622,5624
 2015/06/25-11:00,5625,5625,5611,5613
 2015/06/25-11:15,5614,5623,5612,5619
 2015/06/25-11:30,5619,5621,5616,5618
 2015/06/25-13:45,5616,5624,5611,5622
 2015/06/25-14:00,5622,5623,5618,5619
 2015/06/25-14:15,5620,5621,5609,5609
 2015/06/25-14:30,5609,5616,5604,5605
 2015/06/25-14:45,5605,5609,5591,5597
 2015/06/25-15:00,5597,5605,5584,5586
 2015/06/26-21:15,5583,5596,5570,5594
 2015/06/26-21:30,5594,5604,5587,5602
 2015/06/26-21:45,5602,5608,5593,5599
 2015/06/26-22:00,5598,5607,5593,5604
 2015/06/26-22:15,5604,5606,5598,5603
 2015/06/26-22:30,5604,5614,5603,5607
 2015/06/26-22:45,5607,5611,5602,5603
 2015/06/26-23:00,5604,5605,5590,5593
 2015/06/26-23:15,5592,5593,5576,5584
 2015/06/26-23:30,5583,5586,5579,5580
 2015/06/26-09:15,5580,5601,5578,5594
 2015/06/26-09:30,5593,5595,5585,5587
 2015/06/26-09:45,5587,5598,5587,5595
 2015/06/26-10:00,5594,5600,5591,5599
 2015/06/26-10:15,5600,5600,5594,5594
 2015/06/26-10:45,5595,5597,5590,5592
 2015/06/26-11:00,5592,5593,5581,5586
 2015/06/26-11:15,5587,5589,5576,5582
 2015/06/26-11:30,5581,5586,5573,5586
 2015/06/26-13:45,5583,5585,5576,5578
 2015/06/26-14:00,5577,5582,5562,5577
 2015/06/26-14:15,5577,5579,5562,5572
 2015/06/26-14:30,5572,5585,5563,5566
 2015/06/26-14:45,5566,5571,5552,5556
 2015/06/26-15:00,5557,5590,5545,5588
 2015/06/29-21:15,5605,5619,5593,5596
 2015/06/29-21:30,5596,5607,5587,5606
 2015/06/29-21:45,5607,5615,5604,5614
 2015/06/29-22:00,5615,5618,5607,5611
 2015/06/29-22:15,5612,5614,5606,5608
 2015/06/29-22:30,5608,5611,5603,5606
 2015/06/29-22:45,5605,5608,5597,5603
 2015/06/29-23:00,5604,5606,5600,5603
 2015/06/29-23:15,5602,5605,5595,5601
 2015/06/29-23:30,5600,5600,5592,5598
 2015/06/29-09:15,5597,5610,5592,5599
 2015/06/29-09:30,5600,5605,5581,5584
 2015/06/29-09:45,5584,5598,5583,5594
 2015/06/29-10:00,5594,5600,5585,5591
 2015/06/29-10:15,5590,5591,5584,5588
 2015/06/29-10:45,5588,5594,5584,5588
 2015/06/29-11:00,5587,5594,5582,5591
 2015/06/29-11:15,5590,5593,5588,5590
 2015/06/29-11:30,5589,5596,5588,5593
 2015/06/29-13:45,5593,5609,5584,5609
 2015/06/29-14:00,5609,5655,5605,5643
 2015/06/29-14:15,5644,5647,5632,5638
 2015/06/29-14:30,5639,5663,5633,5657
 2015/06/29-14:45,5658,5664,5644,5657
 2015/06/29-15:00,5657,5698,5653,5686
 2015/06/30-21:15,5684,5697,5662,5665
 2015/06/30-21:30,5665,5665,5645,5648
 2015/06/30-21:45,5649,5659,5641,5656
 2015/06/30-22:00,5656,5659,5648,5653
 2015/06/30-22:15,5652,5662,5652,5660
 2015/06/30-22:30,5659,5660,5648,5652
 2015/06/30-22:45,5653,5659,5652,5656
 2015/06/30-23:00,5655,5657,5653,5655
 2015/06/30-23:15,5655,5658,5643,5646
 2015/06/30-23:30,5644,5663,5643,5659
 2015/06/30-09:15,5659,5662,5625,5633
 2015/06/30-09:30,5633,5641,5630,5631
 2015/06/30-09:45,5630,5633,5612,5621
 2015/06/30-10:00,5621,5647,5613,5640
 2015/06/30-10:15,5640,5646,5633,5639
 2015/06/30-10:45,5639,5639,5626,5630
 2015/06/30-11:00,5629,5639,5625,5634
 2015/06/30-11:15,5633,5637,5627,5633
 2015/06/30-11:30,5633,5645,5632,5641
 2015/06/30-13:45,5643,5675,5643,5664
 2015/06/30-14:00,5663,5692,5663,5680
 2015/06/30-14:15,5680,5684,5672,5674
 2015/06/30-14:30,5675,5678,5663,5665
 2015/06/30-14:45,5664,5673,5656,5666
 2015/06/30-15:00,5666,5675,5658,5663
 2015/07/01-21:15,5675,5691,5666,5674
 2015/07/01-21:30,5674,5676,5663,5665
 2015/07/01-21:45,5664,5670,5661,5666
 2015/07/01-22:00,5667,5674,5664,5670
 2015/07/01-22:15,5670,5677,5668,5674
 2015/07/01-22:30,5674,5682,5672,5678
 2015/07/01-22:45,5678,5687,5671,5671
 2015/07/01-23:00,5671,5672,5663,5668
 2015/07/01-23:15,5668,5673,5666,5669
 2015/07/01-23:30,5670,5675,5664,5672
 2015/07/01-09:15,5675,5720,5675,5698
 2015/07/01-09:30,5698,5699,5685,5694
 2015/07/01-09:45,5694,5697,5688,5691
 2015/07/01-10:00,5691,5696,5689,5696
 2015/07/01-10:15,5696,5700,5682,5685
 2015/07/01-10:45,5684,5685,5675,5679
 2015/07/01-11:00,5678,5689,5677,5686
 2015/07/01-11:15,5686,5688,5683,5687
 2015/07/01-11:30,5687,5691,5683,5687
 2015/07/01-13:45,5688,5700,5686,5696
 2015/07/01-14:00,5697,5713,5694,5706
 2015/07/01-14:15,5707,5710,5695,5696
 2015/07/01-14:30,5696,5703,5692,5702
 2015/07/01-14:45,5703,5708,5697,5698
 2015/07/01-15:00,5697,5703,5690,5693
 2015/07/02-21:15,5697,5697,5662,5679
 2015/07/02-21:30,5679,5679,5669,5674
 2015/07/02-21:45,5674,5678,5671,5676
 2015/07/02-22:00,5677,5677,5641,5642
 2015/07/02-22:15,5641,5653,5639,5649
 2015/07/02-22:30,5649,5658,5647,5654
 2015/07/02-22:45,5655,5663,5654,5658
 2015/07/02-23:00,5658,5663,5649,5654
 2015/07/02-23:15,5654,5660,5653,5659
 2015/07/02-23:30,5658,5667,5657,5660
 2015/07/02-09:15,5660,5679,5657,5674
 2015/07/02-09:30,5673,5678,5662,5666
 2015/07/02-09:45,5666,5667,5653,5658
 2015/07/02-10:00,5658,5660,5651,5654
 2015/07/02-10:15,5653,5662,5652,5660
 2015/07/02-10:45,5660,5666,5655,5664
 2015/07/02-11:00,5664,5675,5660,5668
 2015/07/02-11:15,5668,5671,5657,5663
 2015/07/02-11:30,5664,5667,5648,5653
 2015/07/02-13:45,5651,5653,5645,5649
 2015/07/02-14:00,5649,5655,5646,5649
 2015/07/02-14:15,5648,5650,5628,5639
 2015/07/02-14:30,5639,5652,5636,5644
 2015/07/02-14:45,5645,5646,5638,5641
 2015/07/02-15:00,5640,5653,5623,5627
 2015/07/03-21:15,5634,5646,5630,5642
 2015/07/03-21:30,5643,5658,5643,5650
 2015/07/03-21:45,5649,5653,5646,5651
 2015/07/03-22:00,5651,5665,5648,5659
 2015/07/03-22:15,5658,5662,5654,5657
 2015/07/03-22:30,5658,5662,5651,5655
 2015/07/03-22:45,5654,5657,5643,5646
 2015/07/03-23:00,5646,5650,5644,5645
 2015/07/03-23:15,5645,5655,5644,5655
 2015/07/03-23:30,5655,5655,5648,5651
 2015/07/03-09:15,5649,5649,5603,5619
 2015/07/03-09:30,5619,5626,5612,5612
 2015/07/03-09:45,5611,5616,5588,5601
 2015/07/03-10:00,5601,5616,5596,5608
 2015/07/03-10:15,5608,5614,5596,5606
 2015/07/03-10:45,5606,5609,5597,5604
 2015/07/03-11:00,5603,5613,5603,5608
 2015/07/03-11:15,5609,5612,5602,5603
 2015/07/03-11:30,5602,5612,5591,5594
 2015/07/03-13:45,5593,5605,5590,5600
 2015/07/03-14:00,5600,5608,5588,5601
 2015/07/03-14:15,5601,5606,5596,5604
 2015/07/03-14:30,5603,5606,5598,5601
 2015/07/03-14:45,5601,5602,5590,5593
 2015/07/03-15:00,5593,5602,5591,5599
 2015/07/06-21:15,5601,5607,5557,5565
 2015/07/06-21:30,5565,5573,5562,5569
 2015/07/06-21:45,5567,5573,5563,5571
 2015/07/06-22:00,5571,5572,5568,5570
 2015/07/06-22:15,5570,5581,5568,5577
 2015/07/06-22:30,5576,5581,5573,5577
 2015/07/06-22:45,5577,5578,5572,5576
 2015/07/06-23:00,5576,5582,5574,5580
 2015/07/06-23:15,5580,5598,5580,5598
 2015/07/06-23:30,5597,5652,5593,5634
 2015/07/06-09:15,5633,5649,5611,5644
 2015/07/06-09:30,5644,5646,5636,5640
 2015/07/06-09:45,5640,5644,5626,5626
 2015/07/06-10:00,5626,5638,5625,5632
 2015/07/06-10:15,5633,5634,5620,5629
 2015/07/06-10:45,5630,5637,5621,5632
 2015/07/06-11:00,5632,5636,5623,5628
 2015/07/06-11:15,5628,5633,5624,5625
 2015/07/06-11:30,5625,5625,5605,5616
 2015/07/06-13:45,5614,5614,5558,5583
 2015/07/06-14:00,5582,5607,5582,5588
 2015/07/06-14:15,5589,5599,5585,5594
 2015/07/06-14:30,5593,5602,5588,5594
 2015/07/06-14:45,5594,5599,5591,5595
 2015/07/06-15:00,5594,5617,5594,5609
 2015/07/07-21:15,5618,5631,5603,5626
 2015/07/07-21:30,5627,5627,5585,5590
 2015/07/07-21:45,5590,5607,5587,5602
 2015/07/07-22:00,5601,5603,5592,5600
 2015/07/07-22:15,5600,5618,5600,5615
 2015/07/07-22:30,5615,5635,5615,5631
 2015/07/07-22:45,5631,5655,5629,5641
 2015/07/07-23:00,5641,5647,5638,5645
 2015/07/07-23:15,5645,5659,5644,5656
 2015/07/07-23:30,5657,5658,5647,5655
 2015/07/07-09:15,5653,5674,5635,5673
 2015/07/07-09:30,5674,5690,5642,5647
 2015/07/07-09:45,5647,5664,5644,5657
 2015/07/07-10:00,5657,5661,5650,5655
 2015/07/07-10:15,5655,5667,5654,5655
 2015/07/07-10:45,5655,5658,5650,5650
 2015/07/07-11:00,5650,5650,5640,5644
 2015/07/07-11:15,5644,5648,5634,5638
 2015/07/07-11:30,5638,5644,5621,5640
 2015/07/07-13:45,5639,5640,5624,5635
 2015/07/07-14:00,5634,5644,5632,5641
 2015/07/07-14:15,5640,5648,5628,5645
 2015/07/07-14:30,5645,5647,5633,5642
 2015/07/07-14:45,5642,5643,5632,5636
 2015/07/07-15:00,5635,5636,5610,5622
 2015/07/08-21:15,5615,5615,5471,5498
 2015/07/08-21:30,5497,5527,5489,5509
 2015/07/08-21:45,5507,5519,5495,5501
 2015/07/08-22:00,5501,5510,5417,5420
 2015/07/08-22:15,5418,5440,5410,5413
 2015/07/08-22:30,5412,5418,5410,5418
 2015/07/08-22:45,5418,5418,5410,5410
 2015/07/08-23:00,5410,5410,5410,5410
 2015/07/08-23:15,5410,5410,5410,5410
 2015/07/08-23:30,5410,5411,5410,5410
 2015/07/08-09:15,5410,5416,5410,5410
 2015/07/08-09:30,5410,5410,5410,5410
 2015/07/08-09:45,5410,5410,5410,5410
 2015/07/08-10:00,5410,5410,5410,5410
 2015/07/08-10:15,5410,5410,5410,5410
 2015/07/08-10:45,5410,5410,5410,5410
 2015/07/08-11:00,5410,5410,5410,5410
 2015/07/08-11:15,5410,5410,5410,5410
 2015/07/08-11:30,5410,5410,5410,5410
 2015/07/08-13:45,5410,5410,5410,5410
 2015/07/08-14:00,5410,5410,5410,5410
 2015/07/08-14:15,5410,5410,5410,5410
 2015/07/08-14:30,5410,5410,5410,5410
 2015/07/08-14:45,5410,5410,5410,5410
 2015/07/08-15:00,5410,5410,5410,5410
 2015/07/09-21:15,5200,5255,5093,5218
 2015/07/09-21:30,5219,5382,5197,5294
 2015/07/09-21:45,5295,5356,5280,5349
 2015/07/09-22:00,5348,5393,5329,5340
 2015/07/09-22:15,5340,5390,5331,5372
 2015/07/09-22:30,5372,5396,5338,5362
 2015/07/09-22:45,5362,5363,5321,5340
 2015/07/09-23:00,5340,5354,5332,5351
 2015/07/09-23:15,5351,5353,5334,5348
 2015/07/09-23:30,5348,5382,5342,5370
 2015/07/09-09:15,5358,5381,5342,5345
 2015/07/09-09:30,5346,5352,5328,5346
 2015/07/09-09:45,5345,5372,5340,5359
 2015/07/09-10:00,5360,5500,5352,5492
 2015/07/09-10:15,5494,5555,5451,5524
 2015/07/09-10:45,5520,5524,5425,5437
 2015/07/09-11:00,5438,5480,5428,5460
 2015/07/09-11:15,5460,5475,5451,5451
 2015/07/09-11:30,5451,5474,5444,5461
 2015/07/09-13:45,5463,5526,5463,5526
 2015/07/09-14:00,5527,5540,5499,5532
 2015/07/09-14:15,5533,5547,5510,5516
 2015/07/09-14:30,5516,5522,5463,5473
 2015/07/09-14:45,5472,5485,5438,5442
 2015/07/09-15:00,5440,5474,5423,5424
 2015/07/10-21:15,5435,5481,5429,5453
 2015/07/10-21:30,5453,5475,5450,5466
 2015/07/10-21:45,5466,5473,5449,5449
 2015/07/10-22:00,5449,5464,5443,5450
 2015/07/10-22:15,5451,5451,5416,5425
 2015/07/10-22:30,5425,5440,5413,5427
 2015/07/10-22:45,5427,5435,5423,5429
 2015/07/10-23:00,5429,5438,5426,5429
 2015/07/10-23:15,5429,5445,5421,5436
 2015/07/10-23:30,5435,5442,5428,5439
 2015/07/10-09:15,5439,5461,5418,5458
 2015/07/10-09:30,5458,5459,5431,5435
 2015/07/10-09:45,5435,5455,5423,5451
 2015/07/10-10:00,5451,5454,5440,5451
 2015/07/10-10:15,5450,5468,5446,5454
 2015/07/10-10:45,5454,5470,5451,5468
 2015/07/10-11:00,5469,5511,5452,5508
 2015/07/10-11:15,5508,5511,5460,5465
 2015/07/10-11:30,5465,5472,5446,5454
 2015/07/10-13:45,5456,5469,5455,5467
 2015/07/10-14:00,5467,5489,5463,5480
 2015/07/10-14:15,5480,5485,5468,5469
 2015/07/10-14:30,5469,5474,5459,5471
 2015/07/10-14:45,5471,5471,5438,5441
 2015/07/10-15:00,5440,5452,5435,5435
 2015/07/13-21:15,5450,5460,5426,5453
 2015/07/13-21:30,5453,5456,5439,5448
 2015/07/13-21:45,5447,5448,5433,5442
 2015/07/13-22:00,5441,5449,5434,5444
 2015/07/13-22:15,5445,5449,5436,5442
 2015/07/13-22:30,5442,5443,5433,5436
 2015/07/13-22:45,5435,5443,5434,5438
 2015/07/13-23:00,5439,5445,5437,5438
 2015/07/13-23:15,5439,5439,5433,5437
 2015/07/13-23:30,5436,5441,5436,5438
 2015/07/13-09:15,5455,5475,5439,5463
 2015/07/13-09:30,5463,5467,5453,5458
 2015/07/13-09:45,5459,5465,5453,5458
 2015/07/13-10:00,5459,5463,5451,5455
 2015/07/13-10:15,5455,5463,5453,5461
 2015/07/13-10:45,5461,5468,5457,5463
 2015/07/13-11:00,5463,5463,5451,5457
 2015/07/13-11:15,5457,5458,5436,5444
 2015/07/13-11:30,5444,5448,5436,5448
 2015/07/13-13:45,5448,5454,5428,5433
 2015/07/13-14:00,5434,5441,5431,5435
 2015/07/13-14:15,5435,5437,5429,5432
 2015/07/13-14:30,5432,5442,5430,5438
 2015/07/13-14:45,5438,5438,5406,5412
 2015/07/13-15:00,5411,5445,5409,5442
 2015/07/14-21:15,5444,5453,5437,5441
 2015/07/14-21:30,5442,5444,5433,5435
 2015/07/14-21:45,5435,5447,5433,5446
 2015/07/14-22:00,5446,5450,5443,5448
 2015/07/14-22:15,5448,5457,5444,5450
 2015/07/14-22:30,5451,5453,5444,5447
 2015/07/14-22:45,5447,5449,5438,5442
 2015/07/14-23:00,5442,5446,5442,5445
 2015/07/14-23:15,5445,5445,5442,5444
 2015/07/14-23:30,5444,5444,5438,5442
 2015/07/14-09:15,5441,5450,5438,5446
 2015/07/14-09:30,5445,5448,5425,5432
 2015/07/14-09:45,5432,5448,5430,5444
 2015/07/14-10:00,5445,5468,5444,5457
 2015/07/14-10:15,5457,5460,5453,5457
 2015/07/14-10:45,5456,5472,5455,5467
 2015/07/14-11:00,5468,5486,5455,5462
 2015/07/14-11:15,5462,5463,5451,5452
 2015/07/14-11:30,5452,5454,5438,5445
 2015/07/14-13:45,5445,5446,5436,5444
 2015/07/14-14:00,5443,5445,5439,5443
 2015/07/14-14:15,5444,5444,5427,5433
 2015/07/14-14:30,5433,5443,5432,5436
 2015/07/14-14:45,5435,5441,5434,5440
 2015/07/14-15:00,5439,5441,5434,5437
 2015/07/15-21:15,5452,5470,5445,5460
 2015/07/15-21:30,5460,5471,5456,5464
 2015/07/15-21:45,5465,5469,5460,5466
 2015/07/15-22:00,5466,5468,5450,5456
 2015/07/15-22:15,5456,5461,5455,5458
 2015/07/15-22:30,5458,5466,5457,5462
 2015/07/15-22:45,5461,5461,5454,5459
 2015/07/15-23:00,5460,5462,5457,5461
 2015/07/15-23:15,5460,5470,5459,5465
 2015/07/15-23:30,5465,5466,5454,5454
 2015/07/15-09:15,5455,5460,5441,5450
 2015/07/15-09:30,5450,5454,5444,5448
 2015/07/15-09:45,5449,5452,5442,5450
 2015/07/15-10:00,5450,5457,5440,5442
 2015/07/15-10:15,5442,5447,5436,5445
 2015/07/15-10:45,5444,5445,5438,5443
 2015/07/15-11:00,5443,5444,5436,5436
 2015/07/15-11:15,5438,5443,5435,5440
 2015/07/15-11:30,5440,5447,5440,5441
 2015/07/15-13:45,5437,5438,5422,5428
 2015/07/15-14:00,5428,5437,5426,5432
 2015/07/15-14:15,5432,5437,5414,5416
 2015/07/15-14:30,5416,5423,5397,5419
 2015/07/15-14:45,5419,5428,5413,5420
 2015/07/15-15:00,5420,5423,5417,5417
 2015/07/16-21:15,5394,5401,5346,5360
 2015/07/16-21:30,5358,5363,5345,5358
 2015/07/16-21:45,5357,5359,5354,5357
 2015/07/16-22:00,5357,5358,5323,5353
 2015/07/16-22:15,5353,5370,5352,5355
 2015/07/16-22:30,5355,5355,5336,5348
 2015/07/16-22:45,5348,5357,5338,5351
 2015/07/16-23:00,5351,5374,5351,5361
 2015/07/16-23:15,5361,5361,5347,5351
 2015/07/16-23:30,5351,5355,5342,5344
 2015/07/16-09:15,5343,5348,5326,5343
 2015/07/16-09:30,5342,5347,5334,5339
 2015/07/16-09:45,5339,5352,5335,5348
 2015/07/16-10:00,5349,5372,5346,5360
 2015/07/16-10:15,5359,5363,5350,5350
 2015/07/16-10:45,5352,5364,5346,5347
 2015/07/16-11:00,5347,5359,5341,5355
 2015/07/16-11:15,5355,5362,5352,5353
 2015/07/16-11:30,5352,5358,5345,5354
 2015/07/16-13:45,5354,5358,5346,5347
 2015/07/16-14:00,5346,5348,5333,5342
 2015/07/16-14:15,5342,5347,5338,5343
 2015/07/16-14:30,5343,5344,5311,5334
 2015/07/16-14:45,5334,5346,5329,5332
 2015/07/16-15:00,5332,5350,5325,5325
 2015/07/17-21:15,5304,5342,5303,5339
 2015/07/17-21:30,5340,5346,5335,5339
 2015/07/17-21:45,5340,5342,5328,5329
 2015/07/17-22:00,5329,5337,5328,5336
 2015/07/17-22:15,5336,5339,5333,5337
 2015/07/17-22:30,5336,5338,5326,5329
 2015/07/17-22:45,5329,5333,5321,5327
 2015/07/17-23:00,5328,5334,5325,5329
 2015/07/17-23:15,5330,5330,5316,5323
 2015/07/17-23:30,5324,5326,5319,5324
 2015/07/17-09:15,5324,5329,5286,5292
 2015/07/17-09:30,5292,5314,5281,5301
 2015/07/17-09:45,5301,5304,5295,5298
 2015/07/17-10:00,5297,5306,5297,5297
 2015/07/17-10:15,5297,5302,5293,5299
 2015/07/17-10:45,5299,5301,5285,5291
 2015/07/17-11:00,5291,5296,5276,5281
 2015/07/17-11:15,5281,5285,5260,5264
 2015/07/17-11:30,5265,5278,5253,5261
 2015/07/17-13:45,5261,5265,5245,5258
 2015/07/17-14:00,5257,5275,5254,5270
 2015/07/17-14:15,5270,5291,5268,5291
 2015/07/17-14:30,5292,5322,5287,5322
 2015/07/17-14:45,5322,5358,5320,5339
 2015/07/17-15:00,5340,5386,5332,5357
 2015/07/20-21:15,5356,5393,5346,5382
 2015/07/20-21:30,5382,5392,5373,5379
 2015/07/20-21:45,5378,5380,5363,5372
 2015/07/20-22:00,5372,5381,5363,5365
 2015/07/20-22:15,5365,5368,5359,5366
 2015/07/20-22:30,5367,5369,5353,5367
 2015/07/20-22:45,5367,5374,5350,5361
 2015/07/20-23:00,5361,5373,5358,5368
 2015/07/20-23:15,5370,5378,5368,5370
 2015/07/20-23:30,5370,5378,5369,5376
 2015/07/20-09:15,5376,5384,5358,5367
 2015/07/20-09:30,5366,5381,5365,5374
 2015/07/20-09:45,5374,5378,5360,5365
 2015/07/20-10:00,5365,5386,5356,5374
 2015/07/20-10:15,5374,5379,5370,5379
 2015/07/20-10:45,5378,5384,5368,5372
 2015/07/20-11:00,5372,5375,5350,5350
 2015/07/20-11:15,5350,5374,5347,5365
 2015/07/20-11:30,5366,5366,5344,5352
 2015/07/20-13:45,5351,5360,5350,5357
 2015/07/20-14:00,5356,5365,5353,5357
 2015/07/20-14:15,5358,5373,5358,5368
 2015/07/20-14:30,5368,5398,5364,5391
 2015/07/20-14:45,5392,5401,5375,5386
 2015/07/20-15:00,5385,5392,5376,5384
 2015/07/21-21:15,5361,5385,5361,5382
 2015/07/21-21:30,5382,5388,5375,5379
 2015/07/21-21:45,5379,5387,5378,5381
 2015/07/21-22:00,5381,5382,5364,5368
 2015/07/21-22:15,5368,5368,5323,5348
 2015/07/21-22:30,5348,5350,5335,5340
 2015/07/21-22:45,5340,5344,5338,5338
 2015/07/21-23:00,5338,5349,5337,5345
 2015/07/21-23:15,5344,5358,5344,5357
 2015/07/21-23:30,5358,5368,5349,5362
 2015/07/21-09:15,5360,5360,5333,5348
 2015/07/21-09:30,5348,5355,5342,5347
 2015/07/21-09:45,5347,5348,5333,5340
 2015/07/21-10:00,5339,5350,5339,5348
 2015/07/21-10:15,5349,5350,5338,5339
 2015/07/21-10:45,5340,5343,5330,5332
 2015/07/21-11:00,5332,5336,5320,5330
 2015/07/21-11:15,5329,5345,5327,5342
 2015/07/21-11:30,5341,5343,5336,5336
 2015/07/21-13:45,5336,5346,5332,5343
 2015/07/21-14:00,5344,5367,5337,5364
 2015/07/21-14:15,5363,5364,5345,5350
 2015/07/21-14:30,5350,5356,5347,5350
 2015/07/21-14:45,5350,5358,5347,5357
 2015/07/21-15:00,5357,5358,5353,5355
 2015/07/22-21:15,5360,5364,5343,5358
 2015/07/22-21:30,5358,5366,5355,5361
 2015/07/22-21:45,5361,5362,5348,5353
 2015/07/22-22:00,5354,5375,5352,5371
 2015/07/22-22:15,5372,5377,5365,5372
 2015/07/22-22:30,5372,5372,5366,5369
 2015/07/22-22:45,5368,5369,5362,5365
 2015/07/22-23:00,5365,5372,5365,5367
 2015/07/22-23:15,5369,5369,5365,5369
 2015/07/22-23:30,5369,5373,5365,5368
 2015/07/22-09:15,5369,5378,5352,5358
 2015/07/22-09:30,5358,5359,5350,5350
 2015/07/22-09:45,5349,5357,5345,5350
 2015/07/22-10:00,5350,5351,5340,5345
 2015/07/22-10:15,5345,5355,5342,5354
 2015/07/22-10:45,5353,5355,5351,5352
 2015/07/22-11:00,5353,5353,5344,5347
 2015/07/22-11:15,5347,5351,5343,5345
 2015/07/22-11:30,5345,5346,5330,5337
 2015/07/22-13:45,5336,5342,5326,5332
 2015/07/22-14:00,5331,5340,5324,5338
 2015/07/22-14:15,5338,5346,5334,5339
 2015/07/22-14:30,5339,5344,5333,5337
 2015/07/22-14:45,5337,5341,5334,5340
 2015/07/22-15:00,5340,5341,5334,5334
 2015/07/23-21:15,5326,5338,5321,5336
 2015/07/23-21:30,5335,5335,5301,5309
 2015/07/23-21:45,5308,5311,5294,5309
 2015/07/23-22:00,5308,5315,5304,5313
 2015/07/23-22:15,5312,5323,5309,5315
 2015/07/23-22:30,5315,5318,5311,5316
 2015/07/23-22:45,5315,5318,5309,5315
 2015/07/23-23:00,5315,5317,5311,5316
 2015/07/23-23:15,5315,5320,5311,5311
 2015/07/23-23:30,5311,5313,5281,5285
 2015/07/23-09:15,5285,5291,5273,5290
 2015/07/23-09:30,5289,5294,5277,5282
 2015/07/23-09:45,5282,5293,5279,5285
 2015/07/23-10:00,5285,5287,5275,5280
 2015/07/23-10:15,5280,5287,5271,5274
 2015/07/23-10:45,5278,5284,5268,5271
 2015/07/23-11:00,5271,5278,5270,5274
 2015/07/23-11:15,5274,5277,5266,5267
 2015/07/23-11:30,5267,5289,5265,5282
 2015/07/23-13:45,5283,5323,5282,5322
 2015/07/23-14:00,5323,5328,5307,5312
 2015/07/23-14:15,5312,5316,5298,5305
 2015/07/23-14:30,5304,5306,5255,5258
 2015/07/23-14:45,5259,5274,5254,5266
 2015/07/23-15:00,5265,5266,5225,5227
 2015/07/24-21:15,5220,5242,5212,5236
 2015/07/24-21:30,5236,5248,5228,5230
 2015/07/24-21:45,5230,5242,5225,5234
 2015/07/24-22:00,5234,5248,5233,5246
 2015/07/24-22:15,5245,5246,5237,5237
 2015/07/24-22:30,5237,5243,5234,5240
 2015/07/24-22:45,5240,5240,5221,5225
 2015/07/24-23:00,5225,5232,5219,5224
 2015/07/24-23:15,5224,5246,5222,5242
 2015/07/24-23:30,5242,5249,5235,5241
 2015/07/24-09:15,5241,5250,5230,5243
 2015/07/24-09:30,5243,5257,5239,5253
 2015/07/24-09:45,5253,5253,5228,5234
 2015/07/24-10:00,5234,5238,5212,5222
 2015/07/24-10:15,5222,5240,5219,5236
 2015/07/24-10:45,5237,5237,5230,5233
 2015/07/24-11:00,5233,5240,5230,5237
 2015/07/24-11:15,5237,5250,5236,5247
 2015/07/24-11:30,5248,5252,5242,5243
 2015/07/24-13:45,5243,5243,5233,5236
 2015/07/24-14:00,5235,5248,5234,5245
 2015/07/24-14:15,5246,5247,5236,5237
 2015/07/24-14:30,5237,5246,5235,5238
 2015/07/24-14:45,5238,5242,5231,5236
 2015/07/24-15:00,5236,5253,5231,5234
 2015/07/27-21:15,5221,5235,5209,5218
 2015/07/27-21:30,5218,5218,5192,5199
 2015/07/27-21:45,5200,5204,5189,5194
 2015/07/27-22:00,5194,5198,5189,5194
 2015/07/27-22:15,5195,5202,5187,5193
 2015/07/27-22:30,5192,5196,5187,5193
 2015/07/27-22:45,5193,5195,5185,5189
 2015/07/27-23:00,5189,5191,5172,5177
 2015/07/27-23:15,5177,5186,5176,5183
 2015/07/27-23:30,5183,5198,5179,5185
 2015/07/27-09:15,5184,5184,5155,5169
 2015/07/27-09:30,5169,5170,5160,5165
 2015/07/27-09:45,5165,5180,5133,5167
 2015/07/27-10:00,5167,5174,5160,5170
 2015/07/27-10:15,5169,5171,5160,5162
 2015/07/27-10:45,5162,5167,5149,5153
 2015/07/27-11:00,5152,5163,5150,5157
 2015/07/27-11:15,5158,5172,5157,5163
 2015/07/27-11:30,5164,5171,5161,5165
 2015/07/27-13:45,5165,5165,5151,5160
 2015/07/27-14:00,5159,5165,5149,5164
 2015/07/27-14:15,5163,5190,5156,5176
 2015/07/27-14:30,5175,5189,5175,5187
 2015/07/27-14:45,5187,5198,5159,5159
 2015/07/27-15:00,5159,5169,5156,5164
 2015/07/28-21:15,5160,5194,5152,5189
 2015/07/28-21:30,5189,5207,5184,5200
 2015/07/28-21:45,5200,5210,5192,5195
 2015/07/28-22:00,5195,5198,5183,5188
 2015/07/28-22:15,5188,5197,5185,5191
 2015/07/28-22:30,5191,5196,5176,5181
 2015/07/28-22:45,5182,5190,5181,5190
 2015/07/28-23:00,5190,5190,5177,5181
 2015/07/28-23:15,5182,5187,5177,5185
 2015/07/28-23:30,5184,5186,5174,5178
 2015/07/28-09:15,5175,5178,5145,5163
 2015/07/28-09:30,5163,5167,5155,5161
 2015/07/28-09:45,5161,5170,5159,5163
 2015/07/28-10:00,5164,5168,5158,5162
 2015/07/28-10:15,5161,5167,5160,5165
 2015/07/28-10:45,5165,5177,5163,5171
 2015/07/28-11:00,5171,5185,5169,5185
 2015/07/28-11:15,5184,5193,5179,5183
 2015/07/28-11:30,5183,5194,5183,5188
 2015/07/28-13:45,5188,5188,5174,5182
 2015/07/28-14:00,5182,5195,5182,5186
 2015/07/28-14:15,5186,5198,5185,5188
 2015/07/28-14:30,5187,5193,5185,5188
 2015/07/28-14:45,5188,5195,5185,5191
 2015/07/28-15:00,5191,5192,5182,5184
 2015/07/29-21:15,5190,5224,5188,5218
 2015/07/29-21:30,5218,5240,5216,5232
 2015/07/29-21:45,5232,5233,5220,5223
 2015/07/29-22:00,5223,5228,5222,5228
 2015/07/29-22:15,5228,5231,5213,5216
 2015/07/29-22:30,5216,5218,5206,5207
 2015/07/29-22:45,5207,5215,5205,5212
 2015/07/29-23:00,5212,5215,5210,5213
 2015/07/29-23:15,5213,5217,5212,5216
 2015/07/29-23:30,5216,5220,5208,5219
 2015/07/29-09:15,5218,5228,5207,5211
 2015/07/29-09:30,5210,5226,5210,5224
 2015/07/29-09:45,5224,5233,5214,5227
 2015/07/29-10:00,5227,5234,5223,5226
 2015/07/29-10:15,5226,5228,5220,5223
 2015/07/29-10:45,5223,5223,5210,5216
 2015/07/29-11:00,5217,5217,5207,5212
 2015/07/29-11:15,5212,5217,5209,5217
 2015/07/29-11:30,5216,5216,5206,5210
 2015/07/29-13:45,5209,5209,5185,5200
 2015/07/29-14:00,5200,5202,5194,5199
 2015/07/29-14:15,5198,5199,5190,5195
 2015/07/29-14:30,5195,5203,5194,5198
 2015/07/29-14:45,5198,5209,5190,5201
 2015/07/29-15:00,5201,5225,5201,5223
 2015/07/30-21:15,5235,5250,5226,5231
 2015/07/30-21:30,5231,5232,5221,5221
 2015/07/30-21:45,5221,5229,5220,5228
 2015/07/30-22:00,5228,5229,5220,5225
 2015/07/30-22:15,5224,5234,5224,5229
 2015/07/30-22:30,5230,5231,5225,5225
 2015/07/30-22:45,5226,5233,5226,5229
 2015/07/30-23:00,5229,5260,5229,5246
 2015/07/30-23:15,5246,5248,5239,5248
 2015/07/30-23:30,5249,5257,5247,5256
 2015/07/30-09:15,5251,5258,5245,5249
 2015/07/30-09:30,5250,5252,5245,5246
 2015/07/30-09:45,5246,5255,5244,5249
 2015/07/30-10:00,5249,5275,5249,5268
 2015/07/30-10:15,5268,5275,5258,5263
 2015/07/30-10:45,5264,5274,5263,5267
 2015/07/30-11:00,5268,5286,5267,5285
 2015/07/30-11:15,5283,5285,5269,5275
 2015/07/30-11:30,5275,5286,5272,5285
 2015/07/30-13:45,5287,5325,5287,5322
 2015/07/30-14:00,5323,5338,5318,5336
 2015/07/30-14:15,5337,5341,5327,5334
 2015/07/30-14:30,5335,5341,5321,5335
 2015/07/30-14:45,5334,5336,5322,5329
 2015/07/30-15:00,5328,5336,5324,5334
 2015/07/31-21:15,5336,5345,5317,5334
 2015/07/31-21:30,5333,5339,5321,5321
 2015/07/31-21:45,5321,5328,5314,5321
 2015/07/31-22:00,5321,5327,5317,5324
 2015/07/31-22:15,5324,5328,5320,5324
 2015/07/31-22:30,5323,5333,5323,5329
 2015/07/31-22:45,5329,5337,5328,5331
 2015/07/31-23:00,5332,5333,5319,5332
 2015/07/31-23:15,5331,5332,5324,5329
 2015/07/31-23:30,5328,5337,5323,5336
 2015/07/31-09:15,5325,5325,5306,5314
 2015/07/31-09:30,5314,5319,5305,5315
 2015/07/31-09:45,5314,5317,5309,5316
 2015/07/31-10:00,5317,5317,5305,5313
 2015/07/31-10:15,5313,5315,5312,5314
 2015/07/31-10:45,5314,5330,5310,5325
 2015/07/31-11:00,5326,5343,5326,5334
 2015/07/31-11:15,5334,5339,5328,5328
 2015/07/31-11:30,5329,5336,5328,5330
 2015/07/31-13:45,5331,5335,5327,5332
 2015/07/31-14:00,5331,5337,5327,5331
 2015/07/31-14:15,5331,5332,5313,5317
 2015/07/31-14:30,5317,5323,5315,5316
 2015/07/31-14:45,5316,5330,5313,5321
 2015/07/31-15:00,5321,5328,5316,5319
 2015/08/03-21:15,5323,5336,5315,5335
 2015/08/03-21:30,5334,5338,5331,5334
 2015/08/03-21:45,5333,5336,5326,5329
 2015/08/03-22:00,5329,5332,5327,5329
 2015/08/03-22:15,5329,5330,5317,5322
 2015/08/03-22:30,5321,5322,5310,5319
 2015/08/03-22:45,5318,5327,5314,5324
 2015/08/03-23:00,5325,5328,5322,5323
 2015/08/03-23:15,5323,5325,5316,5323
 2015/08/03-23:30,5323,5329,5322,5328
 2015/08/03-09:15,5319,5322,5280,5302
 2015/08/03-09:30,5302,5302,5280,5282
 2015/08/03-09:45,5283,5283,5250,5266
 2015/08/03-10:00,5266,5268,5255,5257
 2015/08/03-10:15,5257,5268,5255,5267
 2015/08/03-10:45,5267,5268,5258,5262
 2015/08/03-11:00,5262,5262,5228,5238
 2015/08/03-11:15,5236,5246,5230,5241
 2015/08/03-11:30,5240,5242,5232,5235
 2015/08/03-13:45,5235,5241,5224,5234
 2015/08/03-14:00,5233,5246,5229,5239
 2015/08/03-14:15,5240,5244,5230,5242
 2015/08/03-14:30,5242,5245,5232,5236
 2015/08/03-14:45,5236,5242,5230,5231
 2015/08/03-15:00,5231,5233,5208,5212
 2015/08/04-21:15,5193,5194,5171,5179
 2015/08/04-21:30,5179,5182,5174,5180
 2015/08/04-21:45,5180,5186,5175,5185
 2015/08/04-22:00,5185,5192,5183,5187
 2015/08/04-22:15,5187,5197,5185,5189
 2015/08/04-22:30,5189,5190,5183,5184
 2015/08/04-22:45,5184,5196,5183,5192
 2015/08/04-23:00,5192,5204,5191,5203
 2015/08/04-23:15,5203,5211,5199,5211
 2015/08/04-23:30,5210,5218,5201,5203
 2015/08/04-09:15,5194,5223,5188,5222
 2015/08/04-09:30,5221,5252,5215,5243
 2015/08/04-09:45,5243,5245,5232,5241
 2015/08/04-10:00,5242,5242,5232,5238
 2015/08/04-10:15,5238,5244,5227,5235
 2015/08/04-10:45,5234,5236,5202,5212
 2015/08/04-11:00,5211,5222,5211,5216
 2015/08/04-11:15,5215,5230,5213,5222
 2015/08/04-11:30,5222,5237,5220,5235
 2015/08/04-13:45,5235,5240,5225,5232
 2015/08/04-14:00,5233,5237,5226,5234
 2015/08/04-14:15,5233,5255,5233,5236
 2015/08/04-14:30,5237,5239,5231,5234
 2015/08/04-14:45,5235,5243,5232,5236
 2015/08/04-15:00,5236,5247,5235,5244
 2015/08/05-21:15,5239,5251,5236,5245
 2015/08/05-21:30,5245,5263,5245,5249
 2015/08/05-21:45,5249,5252,5247,5252
 2015/08/05-22:00,5252,5255,5247,5255
 2015/08/05-22:15,5254,5258,5251,5255
 2015/08/05-22:30,5254,5268,5254,5262
 2015/08/05-22:45,5262,5264,5256,5261
 2015/08/05-23:00,5262,5263,5257,5262
 2015/08/05-23:15,5263,5263,5257,5260
 2015/08/05-23:30,5260,5260,5251,5255
 2015/08/05-09:15,5259,5259,5232,5239
 2015/08/05-09:30,5238,5243,5228,5233
 2015/08/05-09:45,5233,5239,5230,5234
 2015/08/05-10:00,5234,5238,5217,5223
 2015/08/05-10:15,5223,5236,5222,5228
 2015/08/05-10:45,5229,5242,5226,5238
 2015/08/05-11:00,5239,5247,5237,5242
 2015/08/05-11:15,5242,5245,5232,5232
 2015/08/05-11:30,5233,5234,5227,5230
 2015/08/05-13:45,5231,5240,5229,5237
 2015/08/05-14:00,5238,5243,5235,5239
 2015/08/05-14:15,5240,5264,5238,5261
 2015/08/05-14:30,5262,5275,5256,5268
 2015/08/05-14:45,5268,5272,5243,5251
 2015/08/05-15:00,5250,5260,5249,5259
 2015/08/06-21:15,5261,5267,5248,5257
 2015/08/06-21:30,5257,5259,5236,5237
 2015/08/06-21:45,5238,5244,5232,5236
 2015/08/06-22:00,5236,5239,5220,5225
 2015/08/06-22:15,5225,5232,5217,5231
 2015/08/06-22:30,5230,5234,5226,5230
 2015/08/06-22:45,5229,5235,5226,5228
 2015/08/06-23:00,5228,5232,5220,5222
 2015/08/06-23:15,5222,5226,5219,5224
 2015/08/06-23:30,5224,5228,5203,5203
 2015/08/06-09:15,5199,5199,5183,5192
 2015/08/06-09:30,5192,5193,5158,5166
 2015/08/06-09:45,5165,5175,5158,5163
 2015/08/06-10:00,5162,5188,5152,5175
 2015/08/06-10:15,5175,5191,5173,5191
 2015/08/06-10:45,5189,5195,5181,5183
 2015/08/06-11:00,5183,5190,5180,5184
 2015/08/06-11:15,5185,5190,5179,5189
 2015/08/06-11:30,5189,5190,5177,5178
 2015/08/06-13:45,5178,5183,5170,5178
 2015/08/06-14:00,5178,5187,5170,5174
 2015/08/06-14:15,5173,5178,5164,5174
 2015/08/06-14:30,5174,5182,5170,5171
 2015/08/06-14:45,5171,5181,5168,5177
 2015/08/06-15:00,5177,5178,5130,5133
 2015/08/07-21:15,5125,5137,5113,5132
 2015/08/07-21:30,5133,5147,5132,5136
 2015/08/07-21:45,5136,5140,5133,5135
 2015/08/07-22:00,5135,5139,5122,5139
 2015/08/07-22:15,5138,5140,5130,5133
 2015/08/07-22:30,5132,5135,5116,5122
 2015/08/07-22:45,5122,5122,5108,5108
 2015/08/07-23:00,5109,5115,5105,5112
 2015/08/07-23:15,5112,5118,5088,5093
 2015/08/07-23:30,5092,5102,5024,5037
 2015/08/07-09:15,5035,5040,4993,5011
 2015/08/07-09:30,5010,5036,5009,5032
 2015/08/07-09:45,5031,5032,5016,5020
 2015/08/07-10:00,5019,5022,5002,5007
 2015/08/07-10:15,5008,5013,4999,5003
 2015/08/07-10:45,5003,5019,4997,5003
 2015/08/07-11:00,5002,5005,4988,4988
 2015/08/07-11:15,4988,4988,4988,4988
 2015/08/07-11:30,4988,4988,4988,4988
 2015/08/07-13:45,4988,4988,4988,4988
 2015/08/07-14:00,4988,4988,4988,4988
 2015/08/07-14:15,4988,4988,4988,4988
 2015/08/07-14:30,4988,4990,4988,4988
 2015/08/07-14:45,4988,5032,4988,5019
 2015/08/07-15:00,5019,5098,5019,5079
 2015/08/10-21:15,5056,5077,5035,5039
 2015/08/10-21:30,5038,5066,5032,5056
 2015/08/10-21:45,5055,5062,5050,5053
 2015/08/10-22:00,5052,5059,5049,5055
 2015/08/10-22:15,5055,5059,5052,5054
 2015/08/10-22:30,5054,5055,5038,5046
 2015/08/10-22:45,5046,5071,5044,5065
 2015/08/10-23:00,5066,5074,5056,5060
 2015/08/10-23:15,5060,5075,5056,5060
 2015/08/10-23:30,5060,5080,5057,5061
 2015/08/10-09:15,5060,5060,4995,5000
 2015/08/10-09:30,4999,5032,4999,5030
 2015/08/10-09:45,5030,5035,5015,5026
 2015/08/10-10:00,5024,5032,5019,5023
 2015/08/10-10:15,5023,5045,5022,5040
 2015/08/10-10:45,5041,5044,5030,5033
 2015/08/10-11:00,5034,5035,5026,5029
 2015/08/10-11:15,5028,5057,5028,5046
 2015/08/10-11:30,5046,5052,5035,5035
 2015/08/10-13:45,5036,5050,5034,5044
 2015/08/10-14:00,5044,5051,5036,5050
 2015/08/10-14:15,5049,5054,5029,5032
 2015/08/10-14:30,5032,5045,5026,5032
 2015/08/10-14:45,5032,5039,5028,5036
 2015/08/10-15:00,5036,5039,5032,5034
 2015/08/11-21:15,5024,5060,5022,5054
 2015/08/11-21:30,5054,5058,5044,5048
 2015/08/11-21:45,5048,5053,5044,5045
 2015/08/11-22:00,5044,5053,5044,5050
 2015/08/11-22:15,5050,5053,5047,5047
 2015/08/11-22:30,5047,5064,5045,5060
 2015/08/11-22:45,5060,5061,5053,5056
 2015/08/11-23:00,5056,5065,5055,5057
 2015/08/11-23:15,5057,5085,5057,5070
 2015/08/11-23:30,5070,5076,5055,5056
 2015/08/11-09:15,5058,5125,5058,5110
 2015/08/11-09:30,5110,5200,5109,5129
 2015/08/11-09:45,5130,5138,5122,5136
 2015/08/11-10:00,5136,5149,5125,5134
 2015/08/11-10:15,5134,5156,5134,5146
 2015/08/11-10:45,5146,5186,5144,5183
 2015/08/11-11:00,5183,5186,5158,5166
 2015/08/11-11:15,5166,5167,5154,5160
 2015/08/11-11:30,5161,5173,5160,5168
 2015/08/11-13:45,5170,5185,5159,5173
 2015/08/11-14:00,5173,5183,5168,5181
 2015/08/11-14:15,5180,5182,5172,5182
 2015/08/11-14:30,5182,5182,5160,5160
 2015/08/11-14:45,5160,5168,5140,5144
 2015/08/11-15:00,5144,5155,5138,5153
 2015/08/12-21:15,5138,5156,5124,5144
 2015/08/12-21:30,5143,5144,5118,5133
 2015/08/12-21:45,5134,5148,5130,5143
 2015/08/12-22:00,5142,5146,5134,5135
 2015/08/12-22:15,5135,5140,5131,5134
 2015/08/12-22:30,5133,5136,5126,5130
 2015/08/12-22:45,5129,5132,5110,5126
 2015/08/12-23:00,5126,5130,5118,5122
 2015/08/12-23:15,5122,5138,5121,5134
 2015/08/12-23:30,5134,5141,5117,5124
 2015/08/12-09:15,5136,5162,5126,5140
 2015/08/12-09:30,5140,5152,5135,5150
 2015/08/12-09:45,5149,5160,5144,5153
 2015/08/12-10:00,5152,5165,5149,5156
 2015/08/12-10:15,5157,5161,5155,5157
 2015/08/12-10:45,5157,5157,5146,5151
 2015/08/12-11:00,5151,5164,5148,5163
 2015/08/12-11:15,5164,5170,5143,5146
 2015/08/12-11:30,5146,5150,5140,5142
 2015/08/12-13:45,5142,5152,5140,5150
 2015/08/12-14:00,5149,5155,5146,5151
 2015/08/12-14:15,5151,5159,5145,5148
 2015/08/12-14:30,5147,5152,5143,5152
 2015/08/12-14:45,5152,5174,5149,5160
 2015/08/12-15:00,5159,5170,5157,5168
 2015/08/13-21:15,5170,5280,5170,5250
 2015/08/13-21:30,5249,5258,5240,5247
 2015/08/13-21:45,5246,5255,5231,5235
 2015/08/13-22:00,5235,5248,5234,5244
 2015/08/13-22:15,5245,5248,5214,5224
 2015/08/13-22:30,5225,5232,5222,5225
 2015/08/13-22:45,5224,5227,5207,5219
 2015/08/13-23:00,5220,5230,5219,5225
 2015/08/13-23:15,5226,5228,5214,5226
 2015/08/13-23:30,5226,5246,5223,5244
 2015/08/13-09:15,5234,5236,5203,5204
 2015/08/13-09:30,5203,5214,5135,5149
 2015/08/13-09:45,5149,5172,5141,5165
 2015/08/13-10:00,5166,5172,5160,5169
 2015/08/13-10:15,5168,5172,5163,5164
 2015/08/13-10:45,5164,5170,5158,5161
 2015/08/13-11:00,5162,5164,5156,5162
 2015/08/13-11:15,5161,5168,5160,5164
 2015/08/13-11:30,5164,5207,5160,5194
 2015/08/13-13:45,5209,5263,5209,5249
 2015/08/13-14:00,5249,5250,5237,5239
 2015/08/13-14:15,5239,5269,5237,5259
 2015/08/13-14:30,5258,5264,5246,5255
 2015/08/13-14:45,5255,5272,5252,5272
 2015/08/13-15:00,5273,5348,5268,5343
 2015/08/14-21:15,5326,5337,5294,5309
 2015/08/14-21:30,5310,5322,5302,5310
 2015/08/14-21:45,5310,5325,5309,5323
 2015/08/14-22:00,5323,5342,5315,5326
 2015/08/14-22:15,5326,5332,5320,5325
 2015/08/14-22:30,5325,5332,5319,5330
 2015/08/14-22:45,5329,5338,5324,5332
 2015/08/14-23:00,5332,5335,5315,5316
 2015/08/14-23:15,5317,5321,5311,5315
 2015/08/14-23:30,5316,5325,5302,5305
 2015/08/14-09:15,5305,5332,5285,5332
 2015/08/14-09:30,5332,5332,5321,5328
 2015/08/14-09:45,5328,5338,5323,5327
 2015/08/14-10:00,5327,5331,5305,5312
 2015/08/14-10:15,5311,5317,5308,5312
 2015/08/14-10:45,5312,5315,5303,5311
 2015/08/14-11:00,5312,5314,5306,5309
 2015/08/14-11:15,5310,5323,5301,5301
 2015/08/14-11:30,5302,5311,5301,5310
 2015/08/14-13:45,5309,5317,5305,5316
 2015/08/14-14:00,5315,5331,5312,5325
 2015/08/14-14:15,5325,5327,5313,5321
 2015/08/14-14:30,5322,5327,5317,5326
 2015/08/14-14:45,5326,5326,5307,5315
 2015/08/14-15:00,5315,5316,5293,5314
 2015/08/17-21:15,5317,5325,5311,5317
 2015/08/17-21:30,5317,5372,5316,5366
 2015/08/17-21:45,5367,5373,5361,5363
 2015/08/17-22:00,5363,5376,5363,5368
 2015/08/17-22:15,5369,5370,5357,5365
 2015/08/17-22:30,5364,5370,5361,5364
 2015/08/17-22:45,5364,5370,5363,5366
 2015/08/17-23:00,5367,5368,5354,5362
 2015/08/17-23:15,5361,5366,5360,5363
 2015/08/17-23:30,5363,5379,5363,5378
 2015/08/17-09:15,5378,5394,5354,5382
 2015/08/17-09:30,5382,5383,5362,5365
 2015/08/17-09:45,5364,5375,5360,5363
 2015/08/17-10:00,5363,5366,5323,5337
 2015/08/17-10:15,5336,5348,5330,5345
 2015/08/17-10:45,5345,5349,5340,5343
 2015/08/17-11:00,5343,5348,5339,5340
 2015/08/17-11:15,5340,5364,5334,5351
 2015/08/17-11:30,5351,5369,5347,5369
 2015/08/17-13:45,5369,5407,5369,5391
 2015/08/17-14:00,5392,5393,5382,5392
 2015/08/17-14:15,5392,5394,5386,5387
 2015/08/17-14:30,5388,5400,5381,5391
 2015/08/17-14:45,5390,5402,5386,5397
 2015/08/17-15:00,5397,5406,5389,5401
 2015/08/18-21:15,5400,5405,5384,5389
 2015/08/18-21:30,5390,5394,5378,5383
 2015/08/18-21:45,5384,5389,5380,5385
 2015/08/18-22:00,5385,5391,5384,5386
 2015/08/18-22:15,5387,5387,5382,5385
 2015/08/18-22:30,5385,5387,5381,5387
 2015/08/18-22:45,5388,5397,5384,5388
 2015/08/18-23:00,5388,5391,5384,5388
 2015/08/18-23:15,5389,5391,5385,5389
 2015/08/18-23:30,5389,5393,5387,5389
 2015/08/18-09:15,5390,5392,5377,5385
 2015/08/18-09:30,5385,5388,5375,5385
 2015/08/18-09:45,5385,5389,5381,5383
 2015/08/18-10:00,5383,5388,5382,5385
 2015/08/18-10:15,5385,5385,5378,5380
 2015/08/18-10:45,5380,5380,5357,5367
 2015/08/18-11:00,5366,5370,5362,5364
 2015/08/18-11:15,5364,5374,5356,5373
 2015/08/18-11:30,5373,5377,5370,5373
 2015/08/18-13:45,5372,5372,5351,5356
 2015/08/18-14:00,5356,5372,5354,5371
 2015/08/18-14:15,5371,5378,5363,5364
 2015/08/18-14:30,5364,5368,5356,5362
 2015/08/18-14:45,5361,5364,5349,5350
 2015/08/18-15:00,5349,5359,5348,5354
 2015/08/19-21:15,5351,5351,5330,5337
 2015/08/19-21:30,5336,5337,5303,5307
 2015/08/19-21:45,5306,5306,5266,5270
 2015/08/19-22:00,5271,5295,5268,5287
 2015/08/19-22:15,5286,5292,5284,5286
 2015/08/19-22:30,5286,5297,5275,5290
 2015/08/19-22:45,5289,5317,5289,5309
 2015/08/19-23:00,5309,5323,5306,5318
 2015/08/19-23:15,5318,5333,5312,5332
 2015/08/19-23:30,5332,5378,5327,5375
 2015/08/19-09:15,5360,5369,5336,5350
 2015/08/19-09:30,5350,5355,5340,5346
 2015/08/19-09:45,5347,5354,5342,5349
 2015/08/19-10:00,5348,5358,5348,5358
 2015/08/19-10:15,5358,5367,5352,5354
 2015/08/19-10:45,5355,5355,5338,5338
 2015/08/19-11:00,5338,5347,5337,5344
 2015/08/19-11:15,5343,5354,5325,5351
 2015/08/19-11:30,5350,5369,5349,5358
 2015/08/19-13:45,5355,5357,5344,5349
 2015/08/19-14:00,5350,5356,5345,5351
 2015/08/19-14:15,5351,5365,5347,5361
 2015/08/19-14:30,5362,5363,5355,5359
 2015/08/19-14:45,5358,5368,5349,5356
 2015/08/19-15:00,5356,5366,5353,5361
 2015/08/20-21:15,5350,5386,5348,5374
 2015/08/20-21:30,5375,5377,5352,5361
 2015/08/20-21:45,5361,5366,5346,5358
 2015/08/20-22:00,5359,5365,5348,5351
 2015/08/20-22:15,5351,5358,5343,5352
 2015/08/20-22:30,5352,5357,5344,5349
 2015/08/20-22:45,5350,5354,5335,5352
 2015/08/20-23:00,5352,5353,5343,5347
 2015/08/20-23:15,5347,5365,5347,5357
 2015/08/20-23:30,5357,5358,5343,5344
 2015/08/20-09:15,5343,5343,5320,5323
 2015/08/20-09:30,5324,5332,5306,5319
 2015/08/20-09:45,5319,5324,5310,5315
 2015/08/20-10:00,5315,5315,5293,5296
 2015/08/20-10:15,5294,5318,5292,5312
 2015/08/20-10:45,5313,5329,5307,5327
 2015/08/20-11:00,5327,5338,5323,5331
 2015/08/20-11:15,5331,5332,5318,5325
 2015/08/20-11:30,5325,5331,5318,5324
 2015/08/20-13:45,5322,5322,5308,5314
 2015/08/20-14:00,5314,5327,5314,5322
 2015/08/20-14:15,5322,5339,5321,5330
 2015/08/20-14:30,5330,5333,5319,5325
 2015/08/20-14:45,5325,5326,5315,5317
 2015/08/20-15:00,5317,5319,5308,5314
 2015/08/21-21:15,5319,5319,5290,5305
 2015/08/21-21:30,5305,5311,5301,5309
 2015/08/21-21:45,5310,5325,5307,5320
 2015/08/21-22:00,5320,5324,5313,5315
 2015/08/21-22:15,5314,5318,5283,5297
 2015/08/21-22:30,5296,5298,5289,5293
 2015/08/21-22:45,5292,5308,5290,5301
 2015/08/21-23:00,5301,5312,5295,5307
 2015/08/21-23:15,5307,5318,5306,5312
 2015/08/21-23:30,5312,5321,5309,5310
 2015/08/21-09:15,5313,5334,5306,5323
 2015/08/21-09:30,5323,5327,5306,5315
 2015/08/21-09:45,5315,5320,5305,5318
 2015/08/21-10:00,5317,5324,5308,5312
 2015/08/21-10:15,5312,5320,5309,5316
 2015/08/21-10:45,5314,5314,5308,5310
 2015/08/21-11:00,5310,5318,5308,5315
 2015/08/21-11:15,5315,5317,5306,5309
 2015/08/21-11:30,5309,5318,5305,5312
 2015/08/21-13:45,5311,5315,5295,5299
 2015/08/21-14:00,5299,5308,5292,5302
 2015/08/21-14:15,5302,5313,5301,5313
 2015/08/21-14:30,5313,5321,5310,5316
 2015/08/21-14:45,5315,5320,5307,5307
 2015/08/21-15:00,5308,5320,5306,5318
 2015/08/24-21:15,5307,5307,5280,5289
 2015/08/24-21:30,5288,5289,5273,5277
 2015/08/24-21:45,5276,5287,5273,5275
 2015/08/24-22:00,5275,5281,5270,5275
 2015/08/24-22:15,5275,5292,5263,5268
 2015/08/24-22:30,5268,5269,5255,5265
 2015/08/24-22:45,5265,5266,5256,5260
 2015/08/24-23:00,5260,5263,5253,5260
 2015/08/24-23:15,5260,5272,5259,5263
 2015/08/24-23:30,5263,5280,5263,5273
 2015/08/24-09:15,5267,5267,5162,5165
 2015/08/24-09:30,5166,5213,5125,5197
 2015/08/24-09:45,5197,5203,5169,5181
 2015/08/24-10:00,5180,5189,5167,5180
 2015/08/24-10:15,5180,5184,5153,5167
 2015/08/24-10:45,5167,5181,5165,5168
 2015/08/24-11:00,5168,5175,5161,5161
 2015/08/24-11:15,5161,5165,5134,5139
 2015/08/24-11:30,5138,5155,5112,5136
 2015/08/24-13:45,5122,5146,5097,5144
 2015/08/24-14:00,5144,5179,5141,5149
 2015/08/24-14:15,5151,5158,5125,5139
 2015/08/24-14:30,5140,5144,5119,5140
 2015/08/24-14:45,5138,5140,5114,5124
 2015/08/24-15:00,5124,5132,5095,5095
 2015/08/25-21:15,5078,5129,5078,5107
 2015/08/25-21:30,5106,5119,5065,5084
 2015/08/25-21:45,5084,5087,5043,5080
 2015/08/25-22:00,5080,5085,5061,5080
 2015/08/25-22:15,5080,5111,5077,5096
 2015/08/25-22:30,5095,5115,5095,5098
 2015/08/25-22:45,5098,5118,5098,5114
 2015/08/25-23:00,5115,5143,5108,5113
 2015/08/25-23:15,5113,5117,5101,5106
 2015/08/25-23:30,5106,5113,5079,5089
 2015/08/25-09:15,5095,5136,5092,5128
 2015/08/25-09:30,5127,5138,5122,5130
 2015/08/25-09:45,5131,5133,5112,5129
 2015/08/25-10:00,5128,5168,5128,5152
 2015/08/25-10:15,5153,5160,5139,5157
 2015/08/25-10:45,5158,5161,5147,5147
 2015/08/25-11:00,5147,5155,5136,5144
 2015/08/25-11:15,5143,5152,5128,5130
 2015/08/25-11:30,5129,5135,5123,5129
 2015/08/25-13:45,5123,5127,5097,5097
 2015/08/25-14:00,5096,5114,5090,5108
 2015/08/25-14:15,5107,5110,5090,5104
 2015/08/25-14:30,5103,5111,5089,5094
 2015/08/25-14:45,5095,5107,5089,5101
 2015/08/25-15:00,5102,5132,5101,5129
 2015/08/26-21:15,5153,5225,5153,5182
 2015/08/26-21:30,5183,5204,5180,5191
 2015/08/26-21:45,5191,5195,5180,5182
 2015/08/26-22:00,5183,5188,5179,5181
 2015/08/26-22:15,5182,5184,5170,5182
 2015/08/26-22:30,5182,5186,5179,5184
 2015/08/26-22:45,5185,5190,5182,5184
 2015/08/26-23:00,5183,5203,5183,5201
 2015/08/26-23:15,5201,5208,5189,5203
 2015/08/26-23:30,5202,5225,5199,5223
 2015/08/26-09:15,5217,5217,5177,5191
 2015/08/26-09:30,5189,5194,5157,5157
 2015/08/26-09:45,5158,5174,5149,5173
 2015/08/26-10:00,5173,5183,5167,5168
 2015/08/26-10:15,5168,5178,5165,5169
 2015/08/26-10:45,5169,5170,5158,5161
 2015/08/26-11:00,5161,5172,5144,5167
 2015/08/26-11:15,5167,5169,5156,5159
 2015/08/26-11:30,5160,5176,5156,5175
 2015/08/26-13:45,5178,5195,5172,5178
 2015/08/26-14:00,5177,5180,5168,5168
 2015/08/26-14:15,5169,5178,5159,5164
 2015/08/26-14:30,5164,5168,5159,5163
 2015/08/26-14:45,5164,5178,5163,5165
 2015/08/26-15:00,5165,5165,5136,5137
 2015/08/27-21:15,5135,5135,5102,5114
 2015/08/27-21:30,5115,5125,5105,5122
 2015/08/27-21:45,5122,5131,5117,5120
 2015/08/27-22:00,5120,5128,5115,5121
 2015/08/27-22:15,5121,5126,5116,5117
 2015/08/27-22:30,5117,5123,5109,5112
 2015/08/27-22:45,5113,5118,5106,5114
 2015/08/27-23:00,5114,5136,5114,5125
 2015/08/27-23:15,5126,5140,5125,5134
 2015/08/27-23:30,5134,5137,5129,5134
 2015/08/27-09:15,5135,5198,5133,5194
 2015/08/27-09:30,5196,5201,5183,5192
 2015/08/27-09:45,5193,5217,5183,5192
 2015/08/27-10:00,5192,5196,5182,5189
 2015/08/27-10:15,5190,5194,5185,5190
 2015/08/27-10:45,5189,5190,5173,5175
 2015/08/27-11:00,5176,5178,5166,5174
 2015/08/27-11:15,5174,5176,5166,5167
 2015/08/27-11:30,5167,5175,5165,5175
 2015/08/27-13:45,5174,5192,5165,5183
 2015/08/27-14:00,5183,5186,5167,5170
 2015/08/27-14:15,5170,5175,5158,5164
 2015/08/27-14:30,5164,5182,5164,5179
 2015/08/27-14:45,5179,5192,5174,5186
 2015/08/27-15:00,5186,5204,5185,5199
 2015/08/28-21:15,5228,5237,5213,5217
 2015/08/28-21:30,5218,5233,5208,5225
 2015/08/28-21:45,5225,5229,5222,5226
 2015/08/28-22:00,5226,5248,5223,5241
 2015/08/28-22:15,5240,5245,5235,5241
 2015/08/28-22:30,5241,5278,5241,5262
 2015/08/28-22:45,5262,5283,5262,5274
 2015/08/28-23:00,5275,5288,5268,5285
 2015/08/28-23:15,5286,5318,5272,5311
 2015/08/28-23:30,5310,5363,5310,5349
 2015/08/28-09:15,5354,5366,5346,5348
 2015/08/28-09:30,5349,5351,5318,5320
 2015/08/28-09:45,5320,5330,5307,5319
 2015/08/28-10:00,5319,5324,5302,5311
 2015/08/28-10:15,5311,5321,5310,5318
 2015/08/28-10:45,5316,5332,5296,5297
 2015/08/28-11:00,5297,5320,5297,5317
 2015/08/28-11:15,5318,5323,5304,5307
 2015/08/28-11:30,5307,5308,5295,5298
 2015/08/28-13:45,5300,5313,5293,5307
 2015/08/28-14:00,5307,5318,5304,5315
 2015/08/28-14:15,5315,5320,5311,5312
 2015/08/28-14:30,5312,5315,5278,5278
 2015/08/28-14:45,5277,5289,5267,5279
 2015/08/28-15:00,5280,5289,5262,5289
 2015/08/31-21:15,5290,5290,5215,5250
 2015/08/31-21:30,5251,5257,5239,5254
 2015/08/31-21:45,5254,5261,5245,5246
 2015/08/31-22:00,5247,5258,5233,5256
 2015/08/31-22:15,5256,5271,5252,5269
 2015/08/31-22:30,5270,5277,5264,5275
 2015/08/31-22:45,5276,5285,5256,5264
 2015/08/31-23:00,5263,5267,5247,5259
 2015/08/31-23:15,5258,5266,5239,5246
 2015/08/31-23:30,5245,5251,5232,5234
 2015/08/31-09:15,5234,5260,5221,5247
 2015/08/31-09:30,5248,5263,5239,5255
 2015/08/31-09:45,5255,5259,5236,5246
 2015/08/31-10:00,5246,5262,5243,5260
 2015/08/31-10:15,5260,5267,5251,5254
 2015/08/31-10:45,5253,5263,5246,5249
 2015/08/31-11:00,5249,5259,5243,5253
 2015/08/31-11:15,5252,5260,5245,5259
 2015/08/31-11:30,5259,5274,5257,5268
 2015/08/31-13:45,5269,5276,5262,5267
 2015/08/31-14:00,5267,5272,5256,5260
 2015/08/31-14:15,5260,5280,5258,5269
 2015/08/31-14:30,5269,5276,5264,5273
 2015/08/31-14:45,5273,5279,5263,5264
 2015/08/31-15:00,5265,5265,5240,5243
 2015/09/01-21:15,5222,5222,5188,5196
 2015/09/01-21:30,5195,5222,5191,5212
 2015/09/01-21:45,5212,5213,5197,5200
 2015/09/01-22:00,5201,5213,5198,5203
 2015/09/01-22:15,5203,5209,5198,5199
 2015/09/01-22:30,5200,5213,5196,5212
 2015/09/01-22:45,5212,5213,5203,5204
 2015/09/01-23:00,5204,5215,5200,5207
 2015/09/01-23:15,5207,5211,5207,5208
 2015/09/01-23:30,5209,5212,5206,5211
 2015/09/01-09:15,5215,5241,5213,5220
 2015/09/01-09:30,5221,5222,5214,5217
 2015/09/01-09:45,5217,5217,5157,5159
 2015/09/01-10:00,5159,5176,5155,5161
 2015/09/01-10:15,5162,5174,5158,5173
 2015/09/01-10:45,5172,5195,5170,5188
 2015/09/01-11:00,5188,5190,5175,5178
 2015/09/01-11:15,5177,5179,5164,5176
 2015/09/01-11:30,5177,5185,5170,5183
 2015/09/01-13:45,5179,5182,5163,5177
 2015/09/01-14:00,5175,5179,5170,5173
 2015/09/01-14:15,5173,5176,5153,5164
 2015/09/01-14:30,5163,5180,5158,5167
 2015/09/01-14:45,5167,5178,5166,5176
 2015/09/01-15:00,5177,5177,5150,5152
 2015/09/02-21:15,5189,5206,5170,5200
 2015/09/02-21:30,5200,5224,5200,5211
 2015/09/02-21:45,5210,5218,5208,5214
 2015/09/02-22:00,5213,5222,5211,5214
 2015/09/02-22:15,5214,5220,5212,5215
 2015/09/02-22:30,5215,5216,5201,5202
 2015/09/02-22:45,5202,5205,5194,5196
 2015/09/02-23:00,5197,5198,5190,5190
 2015/09/02-23:15,5190,5193,5177,5192
 2015/09/02-23:30,5192,5193,5183,5186
 2015/09/02-09:15,5180,5209,5176,5205
 2015/09/02-09:30,5204,5207,5176,5180
 2015/09/02-09:45,5180,5183,5163,5174
 2015/09/02-10:00,5174,5185,5171,5174
 2015/09/02-10:15,5173,5176,5155,5160
 2015/09/02-10:45,5162,5170,5139,5143
 2015/09/02-11:00,5142,5155,5141,5145
 2015/09/02-11:15,5145,5163,5143,5159
 2015/09/02-11:30,5159,5166,5151,5166
 2015/09/02-13:45,5163,5169,5155,5164
 2015/09/02-14:00,5163,5165,5158,5162
 2015/09/02-14:15,5163,5169,5158,5158
 2015/09/02-14:30,5159,5167,5149,5165
 2015/09/02-14:45,5164,5168,5157,5163
 2015/09/02-15:00,5163,5187,5162,5182
 2015/09/07-21:15,5181,5181,5181,5181
 2015/09/07-21:30,5181,5181,5181,5181
 2015/09/07-21:45,5181,5181,5181,5181
 2015/09/07-22:00,5181,5181,5181,5181
 2015/09/07-22:15,5181,5181,5181,5181
 2015/09/07-22:30,5181,5181,5181,5181
 2015/09/07-22:45,5181,5181,5181,5181
 2015/09/07-23:00,5181,5181,5181,5181
 2015/09/07-23:15,5181,5181,5181,5181
 2015/09/07-23:30,5181,5221,5181,5221
 2015/09/07-09:15,5222,5304,5222,5291
 2015/09/07-09:30,5290,5303,5279,5285
 2015/09/07-09:45,5284,5293,5281,5287
 2015/09/07-10:00,5287,5290,5275,5283
 2015/09/07-10:15,5283,5287,5266,5268
 2015/09/07-10:45,5267,5275,5261,5263
 2015/09/07-11:00,5263,5270,5256,5265
 2015/09/07-11:15,5265,5271,5261,5269
 2015/09/07-11:30,5270,5272,5255,5269
 2015/09/07-13:45,5267,5267,5257,5266
 2015/09/07-14:00,5266,5266,5256,5261
 2015/09/07-14:15,5260,5271,5258,5263
 2015/09/07-14:30,5262,5268,5260,5267
 2015/09/07-14:45,5266,5270,5258,5270
 2015/09/07-15:00,5269,5270,5258,5261
 2015/09/08-21:15,5260,5260,5238,5249
 2015/09/08-21:30,5248,5249,5242,5245
 2015/09/08-21:45,5244,5263,5243,5257
 2015/09/08-22:00,5257,5267,5254,5263
 2015/09/08-22:15,5263,5270,5261,5262
 2015/09/08-22:30,5262,5264,5252,5254
 2015/09/08-22:45,5254,5258,5252,5256
 2015/09/08-23:00,5255,5260,5255,5258
 2015/09/08-23:15,5259,5259,5250,5252
 2015/09/08-23:30,5252,5259,5250,5254
 2015/09/08-09:15,5257,5283,5255,5273
 2015/09/08-09:30,5274,5285,5266,5272
 2015/09/08-09:45,5272,5284,5269,5281
 2015/09/08-10:00,5280,5281,5273,5274
 2015/09/08-10:15,5273,5295,5273,5295
 2015/09/08-10:45,5295,5304,5292,5298
 2015/09/08-11:00,5297,5327,5290,5292
 2015/09/08-11:15,5293,5297,5285,5287
 2015/09/08-11:30,5286,5290,5278,5289
 2015/09/08-13:45,5289,5290,5273,5280
 2015/09/08-14:00,5279,5283,5277,5281
 2015/09/08-14:15,5281,5288,5281,5283
 2015/09/08-14:30,5283,5294,5283,5293
 2015/09/08-14:45,5293,5294,5285,5291
 2015/09/08-15:00,5291,5308,5290,5297
 2015/09/09-21:15,5320,5333,5302,5315
 2015/09/09-21:30,5316,5323,5311,5315
 2015/09/09-21:45,5314,5325,5311,5322
 2015/09/09-22:00,5320,5330,5312,5316
 2015/09/09-22:15,5316,5317,5305,5314
 2015/09/09-22:30,5313,5316,5308,5310
 2015/09/09-22:45,5309,5318,5309,5316
 2015/09/09-23:00,5316,5323,5312,5320
 2015/09/09-23:15,5321,5338,5320,5332
 2015/09/09-23:30,5333,5357,5330,5357
 2015/09/09-09:15,5346,5352,5318,5343
 2015/09/09-09:30,5342,5345,5328,5341
 2015/09/09-09:45,5341,5353,5334,5349
 2015/09/09-10:00,5348,5355,5341,5348
 2015/09/09-10:15,5347,5349,5341,5344
 2015/09/09-10:45,5346,5347,5329,5337
 2015/09/09-11:00,5336,5348,5332,5343
 2015/09/09-11:15,5343,5358,5338,5338
 2015/09/09-11:30,5338,5338,5311,5315
 2015/09/09-13:45,5316,5326,5312,5314
 2015/09/09-14:00,5313,5321,5311,5316
 2015/09/09-14:15,5317,5318,5305,5308
 2015/09/09-14:30,5307,5312,5301,5307
 2015/09/09-14:45,5308,5319,5303,5305
 2015/09/09-15:00,5304,5308,5297,5302
 2015/09/10-21:15,5302,5317,5298,5316
 2015/09/10-21:30,5317,5317,5309,5311
 2015/09/10-21:45,5312,5317,5311,5317
 2015/09/10-22:00,5317,5325,5316,5320
 2015/09/10-22:15,5319,5330,5318,5329
 2015/09/10-22:30,5329,5344,5326,5332
 2015/09/10-22:45,5331,5338,5329,5333
 2015/09/10-23:00,5333,5345,5328,5331
 2015/09/10-23:15,5332,5348,5329,5345
 2015/09/10-23:30,5345,5350,5342,5343
 2015/09/10-09:15,5348,5377,5345,5349
 2015/09/10-09:30,5349,5351,5339,5342
 2015/09/10-09:45,5342,5357,5340,5355
 2015/09/10-10:00,5355,5363,5347,5360
 2015/09/10-10:15,5360,5361,5348,5355
 2015/09/10-10:45,5356,5359,5347,5351
 2015/09/10-11:00,5351,5357,5349,5352
 2015/09/10-11:15,5350,5366,5344,5364
 2015/09/10-11:30,5364,5403,5361,5398
 2015/09/10-13:45,5400,5466,5400,5455
 2015/09/10-14:00,5455,5536,5451,5535
 2015/09/10-14:15,5535,5538,5488,5488
 2015/09/10-14:30,5489,5507,5477,5497
 2015/09/10-14:45,5496,5516,5478,5488
 2015/09/10-15:00,5488,5520,5486,5508
 2015/09/11-21:15,5481,5500,5468,5477
 2015/09/11-21:30,5476,5481,5466,5467
 2015/09/11-21:45,5467,5502,5466,5492
 2015/09/11-22:00,5493,5501,5487,5492
 2015/09/11-22:15,5492,5495,5485,5488
 2015/09/11-22:30,5488,5495,5488,5491
 2015/09/11-22:45,5491,5493,5463,5474
 2015/09/11-23:00,5474,5499,5470,5488
 2015/09/11-23:15,5489,5493,5476,5487
 2015/09/11-23:30,5488,5495,5478,5488
 2015/09/11-09:15,5488,5517,5477,5512
 2015/09/11-09:30,5512,5527,5507,5514
 2015/09/11-09:45,5514,5529,5507,5513
 2015/09/11-10:00,5511,5525,5511,5517
 2015/09/11-10:15,5518,5531,5517,5525
 2015/09/11-10:45,5525,5529,5487,5492
 2015/09/11-11:00,5491,5497,5485,5495
 2015/09/11-11:15,5496,5497,5472,5493
 2015/09/11-11:30,5494,5494,5477,5483
 2015/09/11-13:45,5482,5496,5480,5494
 2015/09/11-14:00,5494,5508,5493,5498
 2015/09/11-14:15,5498,5499,5482,5488
 2015/09/11-14:30,5487,5510,5487,5501
 2015/09/11-14:45,5501,5505,5482,5493
 2015/09/11-15:00,5492,5509,5490,5506
 2015/09/14-21:15,5531,5548,5522,5540
 2015/09/14-21:30,5541,5561,5540,5550
 2015/09/14-21:45,5551,5552,5525,5534
 2015/09/14-22:00,5533,5538,5522,5529
 2015/09/14-22:15,5530,5530,5502,5516
 2015/09/14-22:30,5515,5521,5508,5510
 2015/09/14-22:45,5509,5516,5501,5509
 2015/09/14-23:00,5508,5510,5490,5498
 2015/09/14-23:15,5497,5503,5494,5497
 2015/09/14-23:30,5498,5499,5478,5489
 2015/09/14-09:15,5508,5534,5508,5530
 2015/09/14-09:30,5530,5544,5524,5537
 2015/09/14-09:45,5536,5537,5511,5514
 2015/09/14-10:00,5515,5520,5505,5520
 2015/09/14-10:15,5521,5524,5507,5512
 2015/09/14-10:45,5510,5520,5507,5514
 2015/09/14-11:00,5514,5525,5510,5511
 2015/09/14-11:15,5511,5512,5496,5505
 2015/09/14-11:30,5504,5507,5495,5499
 2015/09/14-13:45,5499,5506,5483,5487
 2015/09/14-14:00,5487,5503,5485,5489
 2015/09/14-14:15,5488,5509,5487,5504
 2015/09/14-14:30,5505,5506,5489,5494
 2015/09/14-14:45,5494,5516,5491,5511
 2015/09/14-15:00,5511,5516,5493,5501
 2015/09/15-21:15,5502,5519,5487,5516
 2015/09/15-21:30,5519,5527,5514,5517
 2015/09/15-21:45,5516,5519,5508,5511
 2015/09/15-22:00,5512,5513,5495,5502
 2015/09/15-22:15,5502,5505,5495,5501
 2015/09/15-22:30,5500,5511,5497,5500
 2015/09/15-22:45,5499,5501,5492,5496
 2015/09/15-23:00,5496,5499,5489,5496
 2015/09/15-23:15,5496,5501,5481,5485
 2015/09/15-23:30,5484,5492,5465,5465
 2015/09/15-09:15,5465,5482,5456,5476
 2015/09/15-09:30,5475,5486,5447,5451
 2015/09/15-09:45,5450,5468,5449,5463
 2015/09/15-10:00,5464,5469,5453,5459
 2015/09/15-10:15,5459,5474,5458,5469
 2015/09/15-10:45,5468,5471,5459,5469
 2015/09/15-11:00,5469,5472,5458,5458
 2015/09/15-11:15,5458,5468,5456,5464
 2015/09/15-11:30,5464,5467,5457,5464
 2015/09/15-13:45,5465,5475,5458,5458
 2015/09/15-14:00,5458,5462,5448,5455
 2015/09/15-14:15,5455,5455,5434,5443
 2015/09/15-14:30,5443,5457,5443,5450
 2015/09/15-14:45,5451,5468,5450,5453
 2015/09/15-15:00,5453,5469,5449,5469
 2015/09/16-21:15,5454,5467,5441,5442
 2015/09/16-21:30,5441,5449,5438,5443
 2015/09/16-21:45,5442,5447,5426,5439
 2015/09/16-22:00,5440,5444,5438,5442
 2015/09/16-22:15,5442,5456,5441,5446
 2015/09/16-22:30,5445,5449,5438,5442
 2015/09/16-22:45,5442,5451,5441,5449
 2015/09/16-23:00,5449,5459,5444,5447
 2015/09/16-23:15,5447,5461,5446,5454
 2015/09/16-23:30,5454,5473,5451,5468
 2015/09/16-09:15,5464,5483,5462,5472
 2015/09/16-09:30,5472,5475,5464,5467
 2015/09/16-09:45,5468,5477,5465,5472
 2015/09/16-10:00,5472,5488,5466,5485
 2015/09/16-10:15,5486,5506,5486,5505
 2015/09/16-10:45,5505,5507,5494,5499
 2015/09/16-11:00,5499,5502,5481,5481
 2015/09/16-11:15,5481,5488,5471,5471
 2015/09/16-11:30,5472,5474,5455,5465
 2015/09/16-13:45,5465,5467,5450,5455
 2015/09/16-14:00,5455,5466,5454,5465
 2015/09/16-14:15,5465,5478,5465,5473
 2015/09/16-14:30,5473,5484,5471,5478
 2015/09/16-14:45,5479,5495,5475,5490
 2015/09/16-15:00,5490,5504,5488,5494
 2015/09/17-21:15,5496,5496,5467,5481
 2015/09/17-21:30,5480,5483,5468,5473
 2015/09/17-21:45,5472,5477,5468,5474
 2015/09/17-22:00,5473,5494,5473,5487
 2015/09/17-22:15,5487,5498,5482,5488
 2015/09/17-22:30,5487,5492,5485,5489
 2015/09/17-22:45,5489,5489,5477,5487
 2015/09/17-23:00,5486,5492,5483,5485
 2015/09/17-23:15,5485,5503,5484,5492
 2015/09/17-23:30,5491,5498,5486,5488
 2015/09/17-09:15,5490,5493,5480,5485
 2015/09/17-09:30,5485,5488,5473,5480
 2015/09/17-09:45,5480,5490,5476,5484
 2015/09/17-10:00,5484,5495,5480,5494
 2015/09/17-10:15,5493,5498,5489,5491
 2015/09/17-10:45,5492,5496,5482,5491
 2015/09/17-11:00,5490,5502,5487,5496
 2015/09/17-11:15,5496,5510,5476,5485
 2015/09/17-11:30,5486,5495,5484,5491
 2015/09/17-13:45,5492,5497,5485,5495
 2015/09/17-14:00,5495,5501,5491,5500
 2015/09/17-14:15,5501,5502,5495,5499
 2015/09/17-14:30,5498,5502,5492,5495
 2015/09/17-14:45,5494,5497,5486,5486
 2015/09/17-15:00,5487,5494,5481,5485
 2015/09/18-21:15,5480,5486,5468,5474
 2015/09/18-21:30,5474,5477,5470,5476
 2015/09/18-21:45,5475,5484,5474,5482
 2015/09/18-22:00,5483,5488,5480,5482
 2015/09/18-22:15,5481,5486,5480,5484
 2015/09/18-22:30,5484,5484,5478,5479
 2015/09/18-22:45,5479,5482,5474,5481
 2015/09/18-23:00,5481,5485,5481,5483
 2015/09/18-23:15,5483,5484,5477,5480
 2015/09/18-23:30,5479,5480,5465,5465
 2015/09/18-09:15,5466,5478,5448,5457
 2015/09/18-09:30,5457,5468,5455,5464
 2015/09/18-09:45,5465,5468,5449,5449
 2015/09/18-10:00,5449,5459,5447,5453
 2015/09/18-10:15,5453,5462,5449,5458
 2015/09/18-10:45,5458,5458,5447,5456
 2015/09/18-11:00,5456,5460,5446,5450
 2015/09/18-11:15,5450,5453,5445,5446
 2015/09/18-11:30,5446,5446,5436,5437
 2015/09/18-13:45,5439,5447,5437,5445
 2015/09/18-14:00,5446,5446,5430,5432
 2015/09/18-14:15,5433,5439,5428,5434
 2015/09/18-14:30,5435,5438,5428,5432
 2015/09/18-14:45,5431,5434,5413,5413
 2015/09/18-15:00,5413,5435,5412,5434
 2015/09/21-21:15,5413,5432,5405,5429
 2015/09/21-21:30,5430,5434,5423,5428
 2015/09/21-21:45,5428,5429,5419,5424
 2015/09/21-22:00,5425,5431,5420,5431
 2015/09/21-22:15,5430,5431,5422,5425
 2015/09/21-22:30,5424,5430,5422,5429
 2015/09/21-22:45,5428,5435,5426,5429
 2015/09/21-23:00,5429,5430,5421,5421
 2015/09/21-23:15,5422,5423,5410,5414
 2015/09/21-23:30,5414,5420,5406,5415
 2015/09/21-09:15,5415,5415,5386,5388
 2015/09/21-09:30,5387,5387,5369,5383
 2015/09/21-09:45,5384,5392,5376,5390
 2015/09/21-10:00,5390,5390,5380,5389
 2015/09/21-10:15,5388,5417,5388,5405
 2015/09/21-10:45,5406,5430,5406,5428
 2015/09/21-11:00,5428,5439,5425,5426
 2015/09/21-11:15,5426,5431,5423,5428
 2015/09/21-11:30,5429,5450,5420,5449
 2015/09/21-13:45,5449,5465,5439,5443
 2015/09/21-14:00,5443,5452,5441,5445
 2015/09/21-14:15,5446,5449,5442,5446
 2015/09/21-14:30,5447,5454,5430,5454
 2015/09/21-14:45,5456,5469,5453,5464
 2015/09/21-15:00,5464,5488,5462,5487
 2015/09/22-21:15,5483,5488,5472,5477
 2015/09/22-21:30,5476,5503,5475,5493
 2015/09/22-21:45,5493,5505,5488,5493
 2015/09/22-22:00,5492,5499,5484,5493
 2015/09/22-22:15,5494,5497,5488,5493
 2015/09/22-22:30,5494,5500,5490,5490
 2015/09/22-22:45,5490,5498,5489,5496
 2015/09/22-23:00,5495,5496,5487,5493
 2015/09/22-23:15,5493,5498,5482,5491
 2015/09/22-23:30,5491,5496,5487,5491
 2015/09/22-09:15,5491,5491,5475,5481
 2015/09/22-09:30,5480,5484,5473,5480
 2015/09/22-09:45,5480,5486,5472,5481
 2015/09/22-10:00,5481,5483,5476,5480
 2015/09/22-10:15,5481,5504,5480,5502
 2015/09/22-10:45,5502,5549,5500,5531
 2015/09/22-11:00,5531,5531,5501,5511
 2015/09/22-11:15,5510,5515,5491,5505
 2015/09/22-11:30,5505,5514,5505,5514
 2015/09/22-13:45,5514,5525,5512,5513
 2015/09/22-14:00,5513,5522,5504,5520
 2015/09/22-14:15,5520,5536,5514,5515
 2015/09/22-14:30,5514,5545,5513,5530
 2015/09/22-14:45,5530,5536,5512,5513
 2015/09/22-15:00,5512,5522,5500,5502
 2015/09/23-21:15,5484,5494,5476,5486
 2015/09/23-21:30,5487,5492,5480,5490
 2015/09/23-21:45,5489,5496,5487,5493
 2015/09/23-22:00,5493,5494,5486,5492
 2015/09/23-22:15,5491,5493,5487,5489
 2015/09/23-22:30,5489,5492,5486,5486
 2015/09/23-22:45,5487,5487,5466,5469
 2015/09/23-23:00,5469,5480,5466,5480
 2015/09/23-23:15,5480,5480,5475,5476
 2015/09/23-23:30,5476,5487,5473,5484
 2015/09/23-09:15,5489,5507,5485,5493
 2015/09/23-09:30,5493,5504,5493,5499
 2015/09/23-09:45,5498,5526,5495,5515
 2015/09/23-10:00,5515,5520,5509,5516
 2015/09/23-10:15,5516,5528,5516,5520
 2015/09/23-10:45,5519,5520,5508,5509
 2015/09/23-11:00,5509,5520,5509,5514
 2015/09/23-11:15,5514,5520,5511,5514
 2015/09/23-11:30,5515,5515,5502,5508
 2015/09/23-13:45,5510,5523,5510,5519
 2015/09/23-14:00,5519,5524,5515,5522
 2015/09/23-14:15,5520,5538,5511,5530
 2015/09/23-14:30,5531,5541,5528,5539
 2015/09/23-14:45,5539,5543,5522,5525
 2015/09/23-15:00,5524,5545,5518,5543
 2015/09/24-21:15,5559,5571,5544,5569
 2015/09/24-21:30,5570,5575,5563,5568
 2015/09/24-21:45,5568,5571,5560,5565
 2015/09/24-22:00,5565,5568,5552,5558
 2015/09/24-22:15,5557,5572,5554,5567
 2015/09/24-22:30,5568,5577,5565,5565
 2015/09/24-22:45,5565,5575,5564,5571
 2015/09/24-23:00,5570,5578,5561,5572
 2015/09/24-23:15,5572,5582,5561,5571
 2015/09/24-23:30,5570,5578,5566,5578
 2015/09/24-09:15,5571,5572,5555,5556
 2015/09/24-09:30,5557,5568,5555,5564
 2015/09/24-09:45,5564,5566,5547,5551
 2015/09/24-10:00,5551,5557,5550,5555
 2015/09/24-10:15,5555,5558,5552,5556
 2015/09/24-10:45,5555,5572,5553,5568
 2015/09/24-11:00,5569,5571,5561,5565
 2015/09/24-11:15,5564,5566,5559,5563
 2015/09/24-11:30,5563,5569,5553,5566
 2015/09/24-13:45,5566,5571,5563,5567
 2015/09/24-14:00,5567,5588,5567,5584
 2015/09/24-14:15,5584,5589,5575,5584
 2015/09/24-14:30,5585,5592,5577,5581
 2015/09/24-14:45,5582,5594,5581,5585
 2015/09/24-15:00,5584,5600,5578,5595
 2015/09/25-21:15,5590,5594,5582,5584
 2015/09/25-21:30,5584,5592,5580,5586
 2015/09/25-21:45,5585,5589,5581,5586
 2015/09/25-22:00,5587,5590,5582,5587
 2015/09/25-22:15,5587,5601,5586,5594
 2015/09/25-22:30,5595,5609,5590,5607
 2015/09/25-22:45,5606,5622,5590,5596
 2015/09/25-23:00,5595,5598,5584,5585
 2015/09/25-23:15,5584,5586,5568,5574
 2015/09/25-23:30,5574,5582,5568,5579
 2015/09/25-09:15,5590,5591,5575,5578
 2015/09/25-09:30,5577,5581,5572,5576
 2015/09/25-09:45,5576,5576,5576,5576
 2015/09/25-10:00,5576,5576,5576,5576
 2015/09/25-10:15,5576,5576,5576,5576
 2015/09/25-13:45,5576,5576,5576,5576
 2015/09/25-14:00,5576,5576,5576,5576
 2015/09/25-14:15,5576,5576,5576,5576
 2015/09/25-14:30,5576,5576,5576,5576
 2015/09/25-14:45,5576,5576,5576,5576
 2015/09/25-15:00,5576,5576,5569,5569
 2015/09/28-21:15,5580,5580,5580,5580
 2015/09/28-21:30,5580,5580,5580,5580
 2015/09/28-21:45,5580,5580,5580,5580
 2015/09/28-22:00,5580,5580,5580,5580
 2015/09/28-22:15,5580,5580,5580,5580
 2015/09/28-22:30,5580,5580,5580,5580
 2015/09/28-22:45,5580,5580,5580,5580
 2015/09/28-23:00,5580,5580,5580,5580
 2015/09/28-23:15,5580,5580,5580,5580
 2015/09/28-23:30,5580,5590,5580,5590
 2015/09/28-09:15,5590,5604,5567,5576
 2015/09/28-09:30,5575,5581,5564,5574
 2015/09/28-09:45,5574,5590,5572,5584
 2015/09/28-10:00,5585,5587,5577,5582
 2015/09/28-10:15,5582,5593,5578,5592
 2015/09/28-10:45,5593,5598,5587,5594
 2015/09/28-11:00,5594,5600,5590,5594
 2015/09/28-11:15,5594,5598,5590,5593
 2015/09/28-11:30,5594,5603,5592,5600
 2015/09/28-13:45,5600,5603,5590,5591
 2015/09/28-14:00,5592,5595,5587,5592
 2015/09/28-14:15,5591,5596,5589,5594
 2015/09/28-14:30,5593,5609,5592,5603
 2015/09/28-14:45,5603,5608,5597,5607
 2015/09/28-15:00,5608,5617,5601,5615
 2015/09/29-21:15,5610,5617,5593,5594
 2015/09/29-21:30,5594,5598,5585,5589
 2015/09/29-21:45,5588,5594,5587,5589
 2015/09/29-22:00,5589,5591,5566,5577
 2015/09/29-22:15,5576,5577,5568,5573
 2015/09/29-22:30,5572,5573,5562,5567
 2015/09/29-22:45,5567,5572,5562,5570
 2015/09/29-23:00,5569,5570,5555,5556
 2015/09/29-23:15,5557,5571,5551,5567
 2015/09/29-23:30,5566,5572,5559,5561
 2015/09/29-09:15,5562,5564,5533,5541
 2015/09/29-09:30,5542,5545,5525,5535
 2015/09/29-09:45,5535,5544,5530,5540
 2015/09/29-10:00,5539,5554,5536,5552
 2015/09/29-10:15,5552,5552,5547,5550
 2015/09/29-10:45,5550,5555,5542,5545
 2015/09/29-11:00,5545,5547,5538,5539
 2015/09/29-11:15,5539,5543,5535,5539
 2015/09/29-11:30,5538,5545,5529,5544
 2015/09/29-13:45,5544,5544,5536,5542
 2015/09/29-14:00,5542,5547,5538,5538
 2015/09/29-14:15,5539,5553,5535,5552
 2015/09/29-14:30,5553,5568,5549,5554
 2015/09/29-14:45,5555,5558,5541,5546
 2015/09/29-15:00,5546,5554,5543,5550
 2015/09/30-21:15,5562,5573,5555,5564
 2015/09/30-21:30,5563,5565,5548,5551
 2015/09/30-21:45,5552,5553,5538,5541
 2015/09/30-22:00,5541,5545,5530,5543
 2015/09/30-22:15,5543,5544,5534,5538
 2015/09/30-22:30,5537,5543,5534,5540
 2015/09/30-22:45,5541,5546,5540,5543
 2015/09/30-23:00,5543,5555,5538,5550
 2015/09/30-23:15,5549,5559,5547,5556
 2015/09/30-23:30,5556,5577,5553,5570
 2015/09/30-09:15,5566,5566,5557,5562
 2015/09/30-09:30,5563,5585,5561,5583
 2015/09/30-09:45,5583,5584,5573,5574
 2015/09/30-10:00,5575,5582,5563,5566
 2015/09/30-10:15,5567,5568,5561,5567
 2015/09/30-10:45,5566,5576,5565,5572
 2015/09/30-11:00,5573,5582,5566,5573
 2015/09/30-11:15,5573,5577,5564,5577
 2015/09/30-11:30,5577,5584,5573,5583
 2015/09/30-13:45,5584,5590,5579,5582
 2015/09/30-14:00,5583,5592,5581,5590
 2015/09/30-14:15,5590,5597,5586,5596
 2015/09/30-14:30,5596,5601,5581,5586
 2015/09/30-14:45,5585,5606,5585,5598
 2015/09/30-15:00,5599,5634,5599,5629
 2015/10/08-21:15,5574,5574,5574,5574
 2015/10/08-21:30,5574,5574,5574,5574
 2015/10/08-21:45,5574,5574,5574,5574
 2015/10/08-22:00,5574,5574,5574,5574
 2015/10/08-22:15,5574,5574,5574,5574
 2015/10/08-22:30,5574,5574,5574,5574
 2015/10/08-22:45,5574,5574,5574,5574
 2015/10/08-23:00,5574,5574,5574,5574
 2015/10/08-23:15,5574,5574,5574,5574
 2015/10/08-23:30,5574,5785,5574,5785
 2015/10/08-09:15,5782,5798,5710,5726
 2015/10/08-09:30,5727,5728,5697,5714
 2015/10/08-09:45,5715,5720,5702,5710
 2015/10/08-10:00,5710,5719,5707,5711
 2015/10/08-10:15,5711,5712,5685,5693
 2015/10/08-10:45,5692,5702,5691,5699
 2015/10/08-11:00,5698,5715,5690,5710
 2015/10/08-11:15,5711,5713,5702,5704
 2015/10/08-11:30,5704,5710,5702,5706
 2015/10/08-13:45,5705,5707,5696,5698
 2015/10/08-14:00,5697,5706,5694,5700
 2015/10/08-14:15,5699,5701,5692,5700
 2015/10/08-14:30,5699,5702,5694,5699
 2015/10/08-14:45,5699,5701,5674,5674
 2015/10/08-15:00,5673,5689,5671,5677
 2015/10/09-21:15,5675,5686,5668,5684
 2015/10/09-21:30,5685,5693,5683,5687
 2015/10/09-21:45,5687,5691,5683,5684
 2015/10/09-22:00,5684,5690,5682,5684
 2015/10/09-22:15,5684,5691,5684,5690
 2015/10/09-22:30,5689,5690,5684,5686
 2015/10/09-22:45,5686,5686,5675,5676
 2015/10/09-23:00,5677,5681,5672,5677
 2015/10/09-23:15,5678,5683,5676,5680
 2015/10/09-23:30,5681,5694,5680,5686
 2015/10/09-09:15,5688,5700,5686,5687
 2015/10/09-09:30,5687,5688,5672,5679
 2015/10/09-09:45,5680,5680,5665,5667
 2015/10/09-10:00,5667,5670,5653,5660
 2015/10/09-10:15,5660,5677,5659,5676
 2015/10/09-10:45,5676,5677,5670,5673
 2015/10/09-11:00,5672,5688,5672,5688
 2015/10/09-11:15,5687,5699,5686,5694
 2015/10/09-11:30,5695,5702,5682,5683
 2015/10/09-13:45,5684,5712,5680,5694
 2015/10/09-14:00,5693,5700,5682,5685
 2015/10/09-14:15,5684,5687,5676,5685
 2015/10/09-14:30,5684,5694,5684,5693
 2015/10/09-14:45,5692,5699,5682,5685
 2015/10/09-15:00,5686,5700,5681,5695
 2015/10/12-21:15,5713,5725,5703,5719
 2015/10/12-21:30,5718,5721,5709,5711
 2015/10/12-21:45,5710,5718,5708,5713
 2015/10/12-22:00,5714,5714,5703,5705
 2015/10/12-22:15,5706,5708,5700,5706
 2015/10/12-22:30,5706,5707,5694,5699
 2015/10/12-22:45,5697,5703,5691,5702
 2015/10/12-23:00,5702,5711,5698,5710
 2015/10/12-23:15,5711,5718,5708,5709
 2015/10/12-23:30,5709,5716,5698,5698
 2015/10/12-09:15,5696,5696,5648,5658
 2015/10/12-09:30,5658,5666,5651,5659
 2015/10/12-09:45,5660,5669,5653,5668
 2015/10/12-10:00,5668,5677,5656,5676
 2015/10/12-10:15,5675,5679,5662,5662
 2015/10/12-10:45,5663,5672,5660,5665
 2015/10/12-11:00,5665,5669,5658,5659
 2015/10/12-11:15,5659,5665,5655,5655
 2015/10/12-11:30,5656,5666,5654,5659
 2015/10/12-13:45,5660,5662,5643,5649
 2015/10/12-14:00,5649,5661,5649,5661
 2015/10/12-14:15,5662,5666,5657,5662
 2015/10/12-14:30,5663,5664,5655,5656
 2015/10/12-14:45,5656,5658,5641,5644
 2015/10/12-15:00,5642,5660,5637,5659
 2015/10/13-21:15,5652,5664,5644,5646
 2015/10/13-21:30,5646,5655,5643,5647
 2015/10/13-21:45,5647,5649,5640,5646
 2015/10/13-22:00,5645,5653,5639,5652
 2015/10/13-22:15,5652,5658,5649,5653
 2015/10/13-22:30,5653,5656,5647,5649
 2015/10/13-22:45,5649,5650,5633,5638
 2015/10/13-23:00,5638,5643,5636,5636
 2015/10/13-23:15,5636,5644,5633,5641
 2015/10/13-23:30,5641,5646,5635,5637
 2015/10/13-09:15,5645,5650,5628,5640
 2015/10/13-09:30,5641,5665,5636,5659
 2015/10/13-09:45,5659,5662,5655,5656
 2015/10/13-10:00,5656,5667,5654,5665
 2015/10/13-10:15,5665,5675,5664,5672
 2015/10/13-10:45,5672,5673,5663,5666
 2015/10/13-11:00,5666,5666,5659,5661
 2015/10/13-11:15,5661,5679,5661,5674
 2015/10/13-11:30,5674,5678,5671,5675
 2015/10/13-13:45,5671,5673,5656,5663
 2015/10/13-14:00,5662,5664,5649,5655
 2015/10/13-14:15,5656,5657,5648,5651
 2015/10/13-14:30,5652,5662,5650,5659
 2015/10/13-14:45,5660,5663,5646,5652
 2015/10/13-15:00,5651,5671,5649,5662
 2015/10/14-21:15,5657,5657,5635,5639
 2015/10/14-21:30,5639,5642,5633,5636
 2015/10/14-21:45,5637,5646,5633,5641
 2015/10/14-22:00,5641,5643,5631,5641
 2015/10/14-22:15,5642,5647,5636,5639
 2015/10/14-22:30,5639,5646,5637,5644
 2015/10/14-22:45,5645,5645,5636,5642
 2015/10/14-23:00,5642,5643,5636,5638
 2015/10/14-23:15,5638,5640,5622,5633
 2015/10/14-23:30,5632,5638,5628,5635
 2015/10/14-09:15,5632,5640,5616,5626
 2015/10/14-09:30,5625,5634,5621,5634
 2015/10/14-09:45,5634,5640,5630,5638
 2015/10/14-10:00,5639,5649,5635,5645
 2015/10/14-10:15,5645,5660,5642,5660
 2015/10/14-10:45,5661,5670,5659,5664
 2015/10/14-11:00,5664,5674,5661,5673
 2015/10/14-11:15,5673,5675,5665,5668
 2015/10/14-11:30,5667,5671,5664,5666
 2015/10/14-13:45,5666,5668,5657,5662
 2015/10/14-14:00,5662,5666,5657,5666
 2015/10/14-14:15,5666,5671,5663,5666
 2015/10/14-14:30,5666,5669,5661,5664
 2015/10/14-14:45,5663,5665,5652,5653
 2015/10/14-15:00,5654,5659,5650,5655
 2015/10/15-21:15,5665,5678,5662,5668
 2015/10/15-21:30,5667,5670,5658,5664
 2015/10/15-21:45,5663,5666,5660,5664
 2015/10/15-22:00,5664,5668,5653,5658
 2015/10/15-22:15,5658,5662,5654,5658
 2015/10/15-22:30,5659,5661,5655,5656
 2015/10/15-22:45,5657,5660,5648,5653
 2015/10/15-23:00,5654,5656,5644,5648
 2015/10/15-23:15,5648,5657,5647,5656
 2015/10/15-23:30,5656,5661,5654,5660
 2015/10/15-09:15,5668,5675,5663,5672
 2015/10/15-09:30,5672,5693,5671,5687
 2015/10/15-09:45,5687,5689,5680,5682
 2015/10/15-10:00,5682,5685,5680,5685
 2015/10/15-10:15,5684,5690,5680,5688
 2015/10/15-10:45,5689,5696,5686,5695
 2015/10/15-11:00,5696,5697,5682,5685
 2015/10/15-11:15,5686,5689,5674,5678
 2015/10/15-11:30,5678,5682,5675,5682
 2015/10/15-13:45,5683,5685,5675,5675
 2015/10/15-14:00,5675,5681,5671,5676
 2015/10/15-14:15,5675,5680,5673,5680
 2015/10/15-14:30,5680,5683,5672,5673
 2015/10/15-14:45,5673,5682,5672,5680
 2015/10/15-15:00,5680,5681,5671,5674
 2015/10/16-21:15,5670,5672,5652,5659
 2015/10/16-21:30,5658,5660,5655,5657
 2015/10/16-21:45,5657,5659,5653,5657
 2015/10/16-22:00,5657,5658,5650,5653
 2015/10/16-22:15,5653,5656,5646,5653
 2015/10/16-22:30,5652,5653,5638,5638
 2015/10/16-22:45,5640,5643,5635,5636
 2015/10/16-23:00,5635,5638,5632,5636
 2015/10/16-23:15,5635,5641,5628,5638
 2015/10/16-23:30,5639,5639,5624,5627
 2015/10/16-09:15,5628,5638,5622,5636
 2015/10/16-09:30,5635,5637,5603,5604
 2015/10/16-09:45,5604,5604,5587,5601
 2015/10/16-10:00,5602,5607,5596,5602
 2015/10/16-10:15,5602,5603,5594,5597
 2015/10/16-10:45,5595,5597,5583,5588
 2015/10/16-11:00,5588,5603,5587,5596
 2015/10/16-11:15,5596,5596,5587,5594
 2015/10/16-11:30,5593,5594,5581,5581
 2015/10/16-13:45,5582,5584,5571,5579
 2015/10/16-14:00,5578,5584,5574,5584
 2015/10/16-14:15,5583,5594,5583,5588
 2015/10/16-14:30,5588,5593,5584,5592
 2015/10/16-14:45,5591,5594,5584,5585
 2015/10/16-15:00,5585,5590,5579,5585
 2015/10/19-21:15,5582,5589,5568,5574
 2015/10/19-21:30,5574,5575,5556,5565
 2015/10/19-21:45,5564,5569,5562,5565
 2015/10/19-22:00,5566,5567,5562,5564
 2015/10/19-22:15,5564,5565,5552,5553
 2015/10/19-22:30,5553,5555,5544,5549
 2015/10/19-22:45,5550,5551,5542,5545
 2015/10/19-23:00,5545,5556,5542,5553
 2015/10/19-23:15,5552,5561,5552,5560
 2015/10/19-23:30,5560,5562,5537,5543
 2015/10/19-09:15,5543,5555,5532,5553
 2015/10/19-09:30,5553,5559,5543,5544
 2015/10/19-09:45,5543,5562,5542,5560
 2015/10/19-10:00,5561,5566,5556,5560
 2015/10/19-10:15,5560,5577,5559,5575
 2015/10/19-10:45,5575,5591,5570,5584
 2015/10/19-11:00,5584,5585,5575,5578
 2015/10/19-11:15,5577,5584,5572,5573
 2015/10/19-11:30,5574,5577,5571,5574
 2015/10/19-13:45,5570,5571,5554,5555
 2015/10/19-14:00,5556,5556,5546,5546
 2015/10/19-14:15,5545,5550,5540,5548
 2015/10/19-14:30,5549,5553,5542,5543
 2015/10/19-14:45,5543,5550,5537,5540
 2015/10/19-15:00,5539,5548,5537,5543
 2015/10/20-21:15,5533,5543,5513,5537
 2015/10/20-21:30,5538,5549,5534,5546
 2015/10/20-21:45,5545,5552,5538,5552
 2015/10/20-22:00,5552,5561,5551,5557
 2015/10/20-22:15,5557,5565,5554,5562
 2015/10/20-22:30,5562,5566,5558,5562
 2015/10/20-22:45,5561,5562,5549,5551
 2015/10/20-23:00,5551,5555,5546,5554
 2015/10/20-23:15,5554,5558,5553,5557
 2015/10/20-23:30,5557,5566,5549,5562
 2015/10/20-09:15,5562,5579,5561,5569
 2015/10/20-09:30,5568,5574,5565,5567
 2015/10/20-09:45,5567,5578,5565,5572
 2015/10/20-10:00,5572,5576,5562,5562
 2015/10/20-10:15,5563,5571,5558,5570
 2015/10/20-10:45,5569,5573,5567,5570
 2015/10/20-11:00,5570,5577,5567,5568
 2015/10/20-11:15,5568,5581,5560,5562
 2015/10/20-11:30,5561,5563,5552,5557
 2015/10/20-13:45,5557,5560,5550,5555
 2015/10/20-14:00,5555,5556,5538,5541
 2015/10/20-14:15,5542,5549,5538,5544
 2015/10/20-14:30,5544,5562,5544,5558
 2015/10/20-14:45,5559,5563,5550,5557
 2015/10/20-15:00,5558,5584,5555,5582
 2015/10/21-21:15,5580,5587,5568,5570
 2015/10/21-21:30,5570,5573,5564,5569
 2015/10/21-21:45,5569,5573,5564,5566
 2015/10/21-22:00,5566,5579,5566,5576
 2015/10/21-22:15,5576,5579,5564,5565
 2015/10/21-22:30,5565,5567,5558,5564
 2015/10/21-22:45,5564,5566,5561,5562
 2015/10/21-23:00,5562,5567,5559,5560
 2015/10/21-23:15,5559,5562,5548,5554
 2015/10/21-23:30,5553,5556,5548,5551
 2015/10/21-09:15,5553,5559,5546,5552
 2015/10/21-09:30,5552,5552,5539,5542
 2015/10/21-09:45,5542,5548,5540,5544
 2015/10/21-10:00,5543,5555,5533,5555
 2015/10/21-10:15,5555,5557,5550,5552
 2015/10/21-10:45,5552,5571,5549,5568
 2015/10/21-11:00,5568,5572,5562,5566
 2015/10/21-11:15,5567,5571,5562,5567
 2015/10/21-11:30,5567,5581,5565,5575
 2015/10/21-13:45,5575,5587,5575,5577
 2015/10/21-14:00,5577,5581,5573,5574
 2015/10/21-14:15,5574,5580,5572,5577
 2015/10/21-14:30,5576,5585,5563,5568
 2015/10/21-14:45,5568,5572,5563,5565
 2015/10/21-15:00,5566,5595,5565,5592
 2015/10/22-21:15,5591,5592,5574,5577
 2015/10/22-21:30,5577,5581,5570,5574
 2015/10/22-21:45,5574,5587,5569,5582
 2015/10/22-22:00,5582,5588,5569,5573
 2015/10/22-22:15,5572,5575,5568,5573
 2015/10/22-22:30,5573,5575,5568,5572
 2015/10/22-22:45,5572,5585,5567,5585
 2015/10/22-23:00,5585,5593,5580,5585
 2015/10/22-23:15,5584,5589,5583,5586
 2015/10/22-23:30,5586,5617,5586,5614
 2015/10/22-09:15,5617,5619,5604,5611
 2015/10/22-09:30,5611,5617,5607,5609
 2015/10/22-09:45,5609,5613,5606,5607
 2015/10/22-10:00,5607,5609,5598,5604
 2015/10/22-10:15,5605,5613,5605,5611
 2015/10/22-10:45,5611,5615,5604,5609
 2015/10/22-11:00,5610,5616,5602,5604
 2015/10/22-11:15,5604,5613,5599,5611
 2015/10/22-11:30,5610,5611,5587,5605
 2015/10/22-13:45,5604,5608,5598,5598
 2015/10/22-14:00,5598,5603,5592,5592
 2015/10/22-14:15,5593,5597,5588,5591
 2015/10/22-14:30,5590,5604,5587,5600
 2015/10/22-14:45,5600,5611,5597,5609
 2015/10/22-15:00,5609,5610,5577,5578
 2015/10/23-21:15,5589,5589,5569,5570
 2015/10/23-21:30,5569,5573,5565,5571
 2015/10/23-21:45,5572,5575,5568,5572
 2015/10/23-22:00,5572,5578,5569,5570
 2015/10/23-22:15,5570,5573,5561,5564
 2015/10/23-22:30,5564,5565,5556,5561
 2015/10/23-22:45,5561,5567,5558,5560
 2015/10/23-23:00,5561,5565,5557,5561
 2015/10/23-23:15,5562,5568,5552,5559
 2015/10/23-23:30,5558,5564,5551,5554
 2015/10/23-09:15,5560,5572,5556,5572
 2015/10/23-09:30,5571,5577,5571,5577
 2015/10/23-09:45,5577,5586,5576,5577
 2015/10/23-10:00,5577,5581,5572,5575
 2015/10/23-10:15,5574,5580,5561,5565
 2015/10/23-10:45,5566,5567,5558,5563
 2015/10/23-11:00,5563,5569,5560,5568
 2015/10/23-11:15,5567,5568,5555,5563
 2015/10/23-11:30,5563,5585,5562,5576
 2015/10/23-13:45,5577,5577,5564,5565
 2015/10/23-14:00,5565,5577,5562,5573
 2015/10/23-14:15,5573,5576,5563,5567
 2015/10/23-14:30,5568,5574,5562,5567
 2015/10/23-14:45,5568,5581,5564,5578
 2015/10/23-15:00,5578,5588,5574,5581
 2015/10/26-21:15,5586,5586,5561,5563
 2015/10/26-21:30,5563,5566,5558,5561
 2015/10/26-21:45,5560,5564,5539,5541
 2015/10/26-22:00,5541,5544,5529,5540
 2015/10/26-22:15,5540,5546,5537,5541
 2015/10/26-22:30,5542,5547,5539,5546
 2015/10/26-22:45,5545,5549,5543,5545
 2015/10/26-23:00,5545,5551,5537,5549
 2015/10/26-23:15,5549,5551,5540,5549
 2015/10/26-23:30,5549,5570,5549,5558
 2015/10/26-09:15,5558,5566,5553,5564
 2015/10/26-09:30,5563,5575,5558,5571
 2015/10/26-09:45,5571,5572,5565,5568
 2015/10/26-10:00,5568,5570,5560,5563
 2015/10/26-10:15,5564,5570,5559,5567
 2015/10/26-10:45,5566,5570,5561,5563
 2015/10/26-11:00,5563,5568,5560,5564
 2015/10/26-11:15,5564,5567,5558,5559
 2015/10/26-11:30,5560,5566,5558,5561
 2015/10/26-13:45,5561,5565,5543,5549
 2015/10/26-14:00,5550,5553,5544,5547
 2015/10/26-14:15,5548,5549,5540,5545
 2015/10/26-14:30,5545,5547,5539,5539
 2015/10/26-14:45,5539,5554,5536,5549
 2015/10/26-15:00,5549,5549,5534,5536
 2015/10/27-21:15,5545,5553,5538,5540
 2015/10/27-21:30,5539,5547,5525,5529
 2015/10/27-21:45,5529,5535,5522,5526
 2015/10/27-22:00,5527,5535,5526,5533
 2015/10/27-22:15,5533,5541,5531,5533
 2015/10/27-22:30,5534,5540,5533,5536
 2015/10/27-22:45,5536,5541,5532,5535
 2015/10/27-23:00,5535,5541,5531,5539
 2015/10/27-23:15,5540,5543,5536,5540
 2015/10/27-23:30,5539,5539,5531,5532
 2015/10/27-09:15,5533,5537,5518,5524
 2015/10/27-09:30,5523,5523,5502,5507
 2015/10/27-09:45,5505,5511,5495,5497
 2015/10/27-10:00,5498,5506,5496,5506
 2015/10/27-10:15,5505,5513,5505,5510
 2015/10/27-10:45,5508,5520,5505,5519
 2015/10/27-11:00,5520,5540,5519,5529
 2015/10/27-11:15,5529,5536,5528,5529
 2015/10/27-11:30,5528,5539,5527,5538
 2015/10/27-13:45,5538,5553,5535,5546
 2015/10/27-14:00,5546,5550,5541,5548
 2015/10/27-14:15,5548,5565,5543,5556
 2015/10/27-14:30,5556,5558,5547,5548
 2015/10/27-14:45,5547,5552,5544,5550
 2015/10/27-15:00,5550,5563,5550,5558
 2015/10/28-21:15,5554,5561,5544,5547
 2015/10/28-21:30,5547,5549,5542,5542
 2015/10/28-21:45,5543,5550,5541,5548
 2015/10/28-22:00,5547,5554,5546,5553
 2015/10/28-22:15,5554,5570,5553,5567
 2015/10/28-22:30,5567,5571,5562,5564
 2015/10/28-22:45,5565,5572,5563,5568
 2015/10/28-23:00,5569,5583,5566,5580
 2015/10/28-23:15,5579,5585,5577,5581
 2015/10/28-23:30,5580,5596,5577,5593
 2015/10/28-09:15,5584,5587,5572,5575
 2015/10/28-09:30,5574,5577,5570,5574
 2015/10/28-09:45,5574,5576,5568,5574
 2015/10/28-10:00,5574,5579,5572,5578
 2015/10/28-10:15,5578,5581,5563,5566
 2015/10/28-10:45,5565,5567,5552,5558
 2015/10/28-11:00,5557,5560,5555,5559
 2015/10/28-11:15,5558,5574,5555,5572
 2015/10/28-11:30,5571,5579,5570,5575
 2015/10/28-13:45,5574,5574,5564,5571
 2015/10/28-14:00,5572,5577,5570,5576
 2015/10/28-14:15,5576,5579,5566,5567
 2015/10/28-14:30,5567,5570,5560,5566
 2015/10/28-14:45,5566,5568,5559,5564
 2015/10/28-15:00,5564,5573,5564,5567
 2015/10/29-21:15,5575,5583,5568,5574
 2015/10/29-21:30,5573,5582,5572,5574
 2015/10/29-21:45,5575,5581,5570,5576
 2015/10/29-22:00,5577,5578,5566,5570
 2015/10/29-22:15,5571,5578,5570,5575
 2015/10/29-22:30,5575,5584,5573,5579
 2015/10/29-22:45,5580,5582,5573,5581
 2015/10/29-23:00,5582,5590,5578,5584
 2015/10/29-23:15,5585,5597,5583,5593
 2015/10/29-23:30,5594,5597,5585,5590
 2015/10/29-09:15,5589,5589,5571,5574
 2015/10/29-09:30,5573,5576,5571,5574
 2015/10/29-09:45,5573,5574,5560,5563
 2015/10/29-10:00,5563,5564,5553,5556
 2015/10/29-10:15,5556,5559,5548,5550
 2015/10/29-10:45,5550,5555,5548,5548
 2015/10/29-11:00,5547,5558,5546,5555
 2015/10/29-11:15,5554,5558,5550,5555
 2015/10/29-11:30,5555,5556,5548,5550
 2015/10/29-13:45,5550,5553,5542,5549
 2015/10/29-14:00,5549,5552,5536,5538
 2015/10/29-14:15,5538,5546,5537,5546
 2015/10/29-14:30,5545,5548,5541,5546
 2015/10/29-14:45,5546,5548,5537,5542
 2015/10/29-15:00,5542,5542,5528,5534
 2015/10/30-21:15,5526,5533,5523,5528
 2015/10/30-21:30,5528,5535,5527,5532
 2015/10/30-21:45,5532,5539,5530,5539
 2015/10/30-22:00,5539,5542,5535,5540
 2015/10/30-22:15,5539,5541,5535,5538
 2015/10/30-22:30,5537,5539,5531,5534
 2015/10/30-22:45,5534,5538,5530,5537
 2015/10/30-23:00,5537,5538,5533,5535
 2015/10/30-23:15,5535,5538,5532,5535
 2015/10/30-23:30,5536,5541,5521,5525
 2015/10/30-09:15,5525,5525,5514,5517
 2015/10/30-09:30,5517,5521,5513,5517
 2015/10/30-09:45,5517,5526,5513,5523
 2015/10/30-10:00,5522,5535,5519,5534
 2015/10/30-10:15,5534,5536,5530,5533
 2015/10/30-10:45,5533,5538,5531,5532
 2015/10/30-11:00,5531,5535,5522,5525
 2015/10/30-11:15,5524,5526,5517,5518
 2015/10/30-11:30,5518,5525,5516,5522
 2015/10/30-13:45,5522,5528,5521,5522
 2015/10/30-14:00,5522,5525,5517,5523
 2015/10/30-14:15,5523,5526,5520,5522
 2015/10/30-14:30,5521,5523,5508,5509
 2015/10/30-14:45,5509,5512,5506,5510
 2015/10/30-15:00,5510,5521,5498,5502
 2015/11/02-21:15,5505,5512,5496,5508
 2015/11/02-21:30,5508,5511,5503,5507
 2015/11/02-21:45,5507,5514,5501,5505
 2015/11/02-22:00,5505,5506,5482,5483
 2015/11/02-22:15,5483,5484,5474,5480
 2015/11/02-22:30,5480,5481,5473,5478
 2015/11/02-22:45,5478,5489,5476,5486
 2015/11/02-23:00,5486,5489,5477,5479
 2015/11/02-23:15,5479,5488,5479,5483
 2015/11/02-23:30,5483,5490,5475,5484
 2015/11/02-09:15,5480,5487,5468,5483
 2015/11/02-09:30,5484,5521,5484,5510
 2015/11/02-09:45,5510,5516,5508,5511
 2015/11/02-10:00,5511,5515,5509,5511
 2015/11/02-10:15,5512,5514,5506,5511
 2015/11/02-10:45,5510,5512,5507,5512
 2015/11/02-11:00,5511,5512,5501,5502
 2015/11/02-11:15,5502,5504,5496,5502
 2015/11/02-11:30,5502,5504,5495,5500
 2015/11/02-13:45,5500,5500,5491,5495
 2015/11/02-14:00,5496,5496,5489,5490
 2015/11/02-14:15,5490,5493,5484,5485
 2015/11/02-14:30,5486,5488,5478,5479
 2015/11/02-14:45,5479,5481,5469,5473
 2015/11/02-15:00,5472,5477,5454,5474
 2015/11/03-21:15,5467,5480,5467,5469
 2015/11/03-21:30,5470,5473,5467,5473
 2015/11/03-21:45,5473,5476,5469,5471
 2015/11/03-22:00,5472,5472,5463,5466
 2015/11/03-22:15,5466,5471,5463,5468
 2015/11/03-22:30,5468,5473,5467,5468
 2015/11/03-22:45,5468,5471,5461,5467
 2015/11/03-23:00,5466,5472,5465,5468
 2015/11/03-23:15,5468,5471,5467,5469
 2015/11/03-23:30,5469,5473,5465,5469
 2015/11/03-09:15,5487,5498,5483,5485
 2015/11/03-09:30,5486,5503,5486,5502
 2015/11/03-09:45,5502,5504,5491,5491
 2015/11/03-10:00,5492,5492,5484,5484
 2015/11/03-10:15,5484,5488,5481,5483
 2015/11/03-10:45,5483,5484,5477,5481
 2015/11/03-11:00,5481,5484,5480,5481
 2015/11/03-11:15,5481,5488,5478,5485
 2015/11/03-11:30,5486,5486,5471,5473
 2015/11/03-13:45,5472,5475,5470,5470
 2015/11/03-14:00,5470,5473,5464,5468
 2015/11/03-14:15,5469,5482,5468,5478
 2015/11/03-14:30,5477,5484,5475,5480
 2015/11/03-14:45,5481,5481,5466,5469
 2015/11/03-15:00,5468,5472,5464,5467
 2015/11/04-21:15,5471,5477,5469,5476
 2015/11/04-21:30,5475,5476,5458,5468
 2015/11/04-21:45,5469,5470,5465,5468
 2015/11/04-22:00,5468,5477,5466,5476
 2015/11/04-22:15,5476,5481,5476,5477
 2015/11/04-22:30,5477,5480,5472,5473
 2015/11/04-22:45,5474,5483,5473,5478
 2015/11/04-23:00,5478,5481,5472,5472
 2015/11/04-23:15,5473,5476,5466,5467
 2015/11/04-23:30,5466,5476,5464,5476
 2015/11/04-09:15,5481,5499,5475,5494
 2015/11/04-09:30,5494,5512,5494,5507
 2015/11/04-09:45,5507,5510,5500,5501
 2015/11/04-10:00,5501,5506,5499,5502
 2015/11/04-10:15,5502,5506,5496,5497
 2015/11/04-10:45,5498,5504,5496,5502
 2015/11/04-11:00,5502,5507,5500,5504
 2015/11/04-11:15,5504,5517,5504,5510
 2015/11/04-11:30,5510,5523,5506,5522
 2015/11/04-13:45,5522,5533,5514,5521
 2015/11/04-14:00,5522,5525,5516,5522
 2015/11/04-14:15,5522,5530,5519,5529
 2015/11/04-14:30,5528,5535,5524,5528
 2015/11/04-14:45,5529,5532,5518,5531
 2015/11/04-15:00,5531,5537,5526,5527
 2015/11/05-21:15,5524,5529,5518,5526
 2015/11/05-21:30,5526,5527,5520,5525
 2015/11/05-21:45,5526,5533,5522,5527
 2015/11/05-22:00,5526,5528,5515,5517
 2015/11/05-22:15,5515,5516,5502,5505
 2015/11/05-22:30,5505,5509,5500,5502
 2015/11/05-22:45,5501,5506,5493,5496
 2015/11/05-23:00,5496,5499,5489,5495
 2015/11/05-23:15,5495,5497,5492,5495
 2015/11/05-23:30,5495,5495,5479,5483
 2015/11/05-09:15,5482,5482,5464,5471
 2015/11/05-09:30,5471,5475,5468,5471
 2015/11/05-09:45,5471,5478,5470,5473
 2015/11/05-10:00,5473,5477,5473,5475
 2015/11/05-10:15,5474,5477,5463,5471
 2015/11/05-10:45,5471,5484,5468,5479
 2015/11/05-11:00,5480,5480,5473,5473
 2015/11/05-11:15,5473,5476,5467,5470
 2015/11/05-11:30,5469,5476,5469,5472
 2015/11/05-13:45,5472,5477,5460,5461
 2015/11/05-14:00,5461,5469,5455,5467
 2015/11/05-14:15,5466,5473,5465,5468
 2015/11/05-14:30,5468,5470,5464,5466
 2015/11/05-14:45,5466,5469,5463,5467
 2015/11/05-15:00,5466,5475,5465,5475
 2015/11/06-21:15,5483,5484,5470,5471
 2015/11/06-21:30,5471,5475,5462,5467
 2015/11/06-21:45,5468,5469,5463,5463
 2015/11/06-22:00,5462,5464,5450,5461
 2015/11/06-22:15,5461,5475,5461,5473
 2015/11/06-22:30,5472,5475,5464,5464
 2015/11/06-22:45,5465,5473,5462,5472
 2015/11/06-23:00,5471,5478,5469,5475
 2015/11/06-23:15,5475,5475,5464,5466
 2015/11/06-23:30,5465,5467,5462,5464
 2015/11/06-09:15,5463,5474,5459,5472
 2015/11/06-09:30,5471,5474,5464,5465
 2015/11/06-09:45,5465,5468,5462,5465
 2015/11/06-10:00,5465,5467,5461,5465
 2015/11/06-10:15,5465,5465,5432,5432
 2015/11/06-10:45,5433,5435,5425,5432
 2015/11/06-11:00,5431,5436,5426,5428
 2015/11/06-11:15,5427,5441,5422,5438
 2015/11/06-11:30,5438,5440,5427,5427
 2015/11/06-13:45,5432,5434,5419,5423
 2015/11/06-14:00,5423,5437,5422,5435
 2015/11/06-14:15,5436,5439,5430,5432
 2015/11/06-14:30,5432,5433,5427,5430
 2015/11/06-14:45,5429,5443,5426,5437
 2015/11/06-15:00,5438,5441,5433,5438
 2015/11/09-21:15,5438,5448,5425,5445
 2015/11/09-21:30,5445,5449,5443,5446
 2015/11/09-21:45,5447,5447,5435,5440
 2015/11/09-22:00,5440,5447,5437,5441
 2015/11/09-22:15,5442,5445,5434,5441
 2015/11/09-22:30,5441,5445,5439,5442
 2015/11/09-22:45,5442,5444,5435,5441
 2015/11/09-23:00,5441,5443,5427,5429
 2015/11/09-23:15,5428,5434,5427,5432
 2015/11/09-23:30,5433,5441,5430,5439
 2015/11/09-09:15,5439,5456,5432,5455
 2015/11/09-09:30,5455,5459,5448,5448
 2015/11/09-09:45,5448,5464,5447,5456
 2015/11/09-10:00,5456,5457,5451,5454
 2015/11/09-10:15,5454,5458,5450,5457
 2015/11/09-10:45,5458,5464,5451,5455
 2015/11/09-11:00,5454,5457,5451,5453
 2015/11/09-11:15,5453,5454,5443,5447
 2015/11/09-11:30,5446,5449,5440,5442
 2015/11/09-13:45,5442,5444,5436,5441
 2015/11/09-14:00,5441,5445,5438,5440
 2015/11/09-14:15,5440,5443,5439,5440
 2015/11/09-14:30,5440,5445,5438,5441
 2015/11/09-14:45,5441,5444,5441,5441
 2015/11/09-15:00,5441,5441,5431,5435
 2015/11/10-21:15,5428,5430,5407,5407
 2015/11/10-21:30,5407,5413,5401,5401
 2015/11/10-21:45,5400,5407,5399,5403
 2015/11/10-22:00,5403,5404,5393,5397
 2015/11/10-22:15,5396,5396,5389,5393
 2015/11/10-22:30,5392,5396,5386,5390
 2015/11/10-22:45,5390,5392,5381,5383
 2015/11/10-23:00,5383,5385,5379,5383
 2015/11/10-23:15,5384,5386,5378,5383
 2015/11/10-23:30,5384,5385,5378,5380
 2015/11/10-09:15,5378,5381,5367,5376
 2015/11/10-09:30,5376,5382,5373,5377
 2015/11/10-09:45,5377,5378,5361,5361
 2015/11/10-10:00,5362,5367,5360,5365
 2015/11/10-10:15,5365,5365,5351,5356
 2015/11/10-10:45,5356,5357,5345,5348
 2015/11/10-11:00,5347,5362,5347,5360
 2015/11/10-11:15,5361,5365,5359,5362
 2015/11/10-11:30,5362,5368,5361,5365
 2015/11/10-13:45,5363,5363,5354,5354
 2015/11/10-14:00,5355,5357,5348,5352
 2015/11/10-14:15,5351,5353,5337,5338
 2015/11/10-14:30,5338,5341,5319,5338
 2015/11/10-14:45,5337,5357,5337,5352
 2015/11/10-15:00,5353,5378,5353,5365
 2015/11/11-21:15,5370,5370,5343,5347
 2015/11/11-21:30,5347,5363,5341,5361
 2015/11/11-21:45,5362,5365,5358,5360
 2015/11/11-22:00,5360,5376,5358,5375
 2015/11/11-22:15,5375,5377,5368,5371
 2015/11/11-22:30,5370,5379,5367,5376
 2015/11/11-22:45,5377,5383,5371,5377
 2015/11/11-23:00,5376,5397,5376,5396
 2015/11/11-23:15,5396,5409,5390,5409
 2015/11/11-23:30,5408,5411,5398,5405
 2015/11/11-09:15,5402,5404,5378,5379
 2015/11/11-09:30,5378,5384,5364,5369
 2015/11/11-09:45,5368,5370,5362,5369
 2015/11/11-10:00,5368,5369,5362,5364
 2015/11/11-10:15,5364,5369,5357,5366
 2015/11/11-10:45,5368,5383,5367,5382
 2015/11/11-11:00,5382,5383,5375,5378
 2015/11/11-11:15,5377,5378,5366,5369
 2015/11/11-11:30,5369,5370,5364,5367
 2015/11/11-13:45,5367,5376,5362,5364
 2015/11/11-14:00,5363,5368,5359,5365
 2015/11/11-14:15,5366,5380,5362,5376
 2015/11/11-14:30,5377,5384,5366,5367
 2015/11/11-14:45,5367,5373,5363,5373
 2015/11/11-15:00,5373,5385,5369,5382
 2015/11/12-21:15,5386,5404,5383,5401
 2015/11/12-21:30,5401,5408,5391,5400
 2015/11/12-21:45,5400,5400,5388,5390
 2015/11/12-22:00,5389,5398,5388,5390
 2015/11/12-22:15,5391,5398,5386,5394
 2015/11/12-22:30,5393,5400,5391,5392
 2015/11/12-22:45,5393,5400,5391,5394
 2015/11/12-23:00,5394,5396,5389,5390
 2015/11/12-23:15,5390,5393,5379,5381
 2015/11/12-23:30,5381,5386,5377,5382
 2015/11/12-09:15,5378,5378,5365,5367
 2015/11/12-09:30,5368,5374,5361,5365
 2015/11/12-09:45,5366,5373,5364,5371
 2015/11/12-10:00,5371,5372,5364,5368
 2015/11/12-10:15,5368,5371,5365,5367
 2015/11/12-10:45,5366,5372,5363,5370
 2015/11/12-11:00,5369,5373,5367,5368
 2015/11/12-11:15,5368,5382,5367,5377
 2015/11/12-11:30,5377,5381,5374,5380
 2015/11/12-13:45,5380,5392,5379,5388
 2015/11/12-14:00,5388,5395,5385,5393
 2015/11/12-14:15,5394,5419,5393,5418
 2015/11/12-14:30,5417,5423,5404,5410
 2015/11/12-14:45,5409,5415,5405,5410
 2015/11/12-15:00,5410,5419,5398,5401
 2015/11/13-21:15,5396,5402,5388,5399
 2015/11/13-21:30,5399,5417,5399,5412
 2015/11/13-21:45,5413,5419,5401,5401
 2015/11/13-22:00,5402,5409,5400,5408
 2015/11/13-22:15,5408,5408,5395,5403
 2015/11/13-22:30,5402,5405,5398,5402
 2015/11/13-22:45,5402,5411,5402,5408
 2015/11/13-23:00,5409,5426,5408,5419
 2015/11/13-23:15,5420,5430,5412,5413
 2015/11/13-23:30,5413,5419,5410,5413
 2015/11/13-09:15,5418,5425,5409,5422
 2015/11/13-09:30,5422,5426,5414,5415
 2015/11/13-09:45,5415,5423,5414,5422
 2015/11/13-10:00,5422,5436,5420,5434
 2015/11/13-10:15,5435,5443,5433,5442
 2015/11/13-10:45,5440,5441,5434,5437
 2015/11/13-11:00,5438,5439,5428,5434
 2015/11/13-11:15,5433,5438,5427,5435
 2015/11/13-11:30,5436,5442,5432,5436
 2015/11/13-13:45,5437,5441,5433,5435
 2015/11/13-14:00,5436,5446,5432,5443
 2015/11/13-14:15,5444,5444,5426,5427
 2015/11/13-14:30,5426,5433,5422,5425
 2015/11/13-14:45,5425,5436,5424,5432
 2015/11/13-15:00,5433,5434,5424,5426
 2015/11/16-21:15,5426,5436,5418,5434
 2015/11/16-21:30,5434,5439,5432,5434
 2015/11/16-21:45,5434,5438,5432,5434
 2015/11/16-22:00,5434,5435,5424,5428
 2015/11/16-22:15,5429,5430,5425,5427
 2015/11/16-22:30,5427,5428,5421,5426
 2015/11/16-22:45,5426,5434,5424,5432
 2015/11/16-23:00,5431,5436,5430,5434
 2015/11/16-23:15,5435,5436,5430,5430
 2015/11/16-23:30,5430,5442,5428,5438
 2015/11/16-09:15,5438,5459,5438,5456
 2015/11/16-09:30,5456,5464,5453,5462
 2015/11/16-09:45,5461,5471,5460,5468
 2015/11/16-10:00,5469,5473,5466,5470
 2015/11/16-10:15,5470,5471,5464,5465
 2015/11/16-10:45,5464,5468,5461,5467
 2015/11/16-11:00,5467,5467,5445,5447
 2015/11/16-11:15,5447,5447,5437,5440
 2015/11/16-11:30,5440,5441,5430,5431
 2015/11/16-13:45,5431,5432,5425,5429
 2015/11/16-14:00,5428,5429,5410,5417
 2015/11/16-14:15,5417,5421,5411,5414
 2015/11/16-14:30,5413,5417,5405,5409
 2015/11/16-14:45,5408,5415,5406,5414
 2015/11/16-15:00,5414,5417,5410,5412
 2015/11/17-21:15,5397,5399,5376,5381
 2015/11/17-21:30,5381,5386,5378,5383
 2015/11/17-21:45,5383,5390,5382,5388
 2015/11/17-22:00,5388,5388,5381,5382
 2015/11/17-22:15,5382,5383,5378,5379
 2015/11/17-22:30,5378,5379,5365,5367
 2015/11/17-22:45,5367,5374,5364,5369
 2015/11/17-23:00,5369,5370,5364,5370
 2015/11/17-23:15,5370,5370,5363,5367
 2015/11/17-23:30,5367,5368,5358,5362
 2015/11/17-09:15,5367,5378,5360,5372
 2015/11/17-09:30,5372,5380,5364,5380
 2015/11/17-09:45,5379,5391,5379,5383
 2015/11/17-10:00,5383,5384,5375,5377
 2015/11/17-10:15,5377,5386,5370,5383
 2015/11/17-10:45,5382,5387,5374,5374
 2015/11/17-11:00,5374,5377,5368,5373
 2015/11/17-11:15,5373,5380,5369,5374
 2015/11/17-11:30,5374,5380,5373,5375
 2015/11/17-13:45,5376,5377,5360,5371
 2015/11/17-14:00,5371,5374,5367,5372
 2015/11/17-14:15,5371,5378,5368,5374
 2015/11/17-14:30,5375,5384,5372,5380
 2015/11/17-14:45,5380,5380,5375,5378
 2015/11/17-15:00,5378,5395,5377,5392
 2015/11/18-21:15,5392,5395,5380,5386
 2015/11/18-21:30,5386,5386,5347,5352
 2015/11/18-21:45,5351,5353,5343,5352
 2015/11/18-22:00,5351,5352,5338,5343
 2015/11/18-22:15,5343,5345,5335,5341
 2015/11/18-22:30,5341,5351,5339,5340
 2015/11/18-22:45,5340,5344,5334,5338
 2015/11/18-23:00,5338,5348,5337,5346
 2015/11/18-23:15,5346,5346,5337,5342
 2015/11/18-23:30,5342,5346,5335,5338
 2015/11/18-09:15,5339,5341,5320,5327
 2015/11/18-09:30,5327,5346,5326,5345
 2015/11/18-09:45,5346,5346,5331,5343
 2015/11/18-10:00,5343,5343,5329,5329
 2015/11/18-10:15,5330,5338,5328,5332
 2015/11/18-10:45,5333,5333,5323,5331
 2015/11/18-11:00,5330,5332,5325,5329
 2015/11/18-11:15,5328,5341,5327,5336
 2015/11/18-11:30,5336,5338,5332,5333
 2015/11/18-13:45,5333,5333,5313,5315
 2015/11/18-14:00,5314,5327,5311,5324
 2015/11/18-14:15,5325,5339,5322,5325
 2015/11/18-14:30,5326,5327,5306,5306
 2015/11/18-14:45,5305,5315,5299,5302
 2015/11/18-15:00,5302,5313,5291,5293
 2015/11/19-21:15,5287,5293,5267,5274
 2015/11/19-21:30,5273,5275,5264,5273
 2015/11/19-21:45,5273,5276,5253,5253
 2015/11/19-22:00,5254,5265,5250,5260
 2015/11/19-22:15,5260,5275,5256,5269
 2015/11/19-22:30,5269,5272,5265,5266
 2015/11/19-22:45,5267,5273,5261,5268
 2015/11/19-23:00,5268,5270,5259,5264
 2015/11/19-23:15,5264,5264,5257,5257
 2015/11/19-23:30,5257,5264,5253,5259
 2015/11/19-09:15,5264,5279,5264,5276
 2015/11/19-09:30,5277,5301,5273,5298
 2015/11/19-09:45,5298,5315,5296,5300
 2015/11/19-10:00,5300,5304,5296,5300
 2015/11/19-10:15,5302,5317,5297,5311
 2015/11/19-10:45,5312,5317,5304,5310
 2015/11/19-11:00,5310,5315,5305,5310
 2015/11/19-11:15,5310,5321,5303,5304
 2015/11/19-11:30,5305,5308,5296,5304
 2015/11/19-13:45,5303,5309,5286,5309
 2015/11/19-14:00,5308,5317,5304,5308
 2015/11/19-14:15,5307,5318,5305,5312
 2015/11/19-14:30,5313,5325,5308,5325
 2015/11/19-14:45,5324,5326,5317,5324
 2015/11/19-15:00,5325,5326,5312,5319
 2015/11/20-21:15,5316,5320,5285,5295
 2015/11/20-21:30,5295,5300,5288,5288
 2015/11/20-21:45,5288,5311,5283,5307
 2015/11/20-22:00,5307,5311,5303,5307
 2015/11/20-22:15,5307,5313,5301,5303
 2015/11/20-22:30,5303,5307,5301,5307
 2015/11/20-22:45,5307,5321,5304,5316
 2015/11/20-23:00,5316,5334,5315,5327
 2015/11/20-23:15,5327,5334,5324,5326
 2015/11/20-23:30,5325,5341,5325,5341
 2015/11/20-09:15,5344,5350,5332,5334
 2015/11/20-09:30,5335,5341,5332,5337
 2015/11/20-09:45,5336,5337,5327,5332
 2015/11/20-10:00,5331,5338,5329,5332
 2015/11/20-10:15,5333,5333,5327,5331
 2015/11/20-10:45,5331,5335,5323,5327
 2015/11/20-11:00,5328,5347,5327,5337
 2015/11/20-11:15,5337,5339,5320,5321
 2015/11/20-11:30,5321,5333,5316,5332
 2015/11/20-13:45,5332,5338,5328,5336
 2015/11/20-14:00,5336,5353,5335,5338
 2015/11/20-14:15,5339,5350,5335,5349
 2015/11/20-14:30,5350,5355,5336,5338
 2015/11/20-14:45,5339,5340,5330,5337
 2015/11/20-15:00,5337,5351,5336,5350
 2015/11/23-21:15,5350,5355,5337,5339
 2015/11/23-21:30,5338,5352,5334,5345
 2015/11/23-21:45,5344,5355,5341,5350
 2015/11/23-22:00,5350,5368,5350,5366
 2015/11/23-22:15,5367,5395,5365,5395
 2015/11/23-22:30,5393,5487,5388,5445
 2015/11/23-22:45,5445,5475,5445,5460
 2015/11/23-23:00,5459,5472,5452,5470
 2015/11/23-23:15,5470,5497,5464,5491
 2015/11/23-23:30,5492,5535,5491,5494
 2015/11/23-09:15,5489,5501,5465,5478
 2015/11/23-09:30,5477,5485,5473,5481
 2015/11/23-09:45,5481,5489,5476,5489
 2015/11/23-10:00,5490,5497,5479,5485
 2015/11/23-10:15,5486,5486,5478,5479
 2015/11/23-10:45,5480,5482,5474,5480
 2015/11/23-11:00,5480,5487,5473,5478
 2015/11/23-11:15,5479,5492,5478,5484
 2015/11/23-11:30,5484,5491,5480,5483
 2015/11/23-13:45,5482,5489,5466,5476
 2015/11/23-14:00,5475,5479,5456,5457
 2015/11/23-14:15,5457,5470,5445,5452
 2015/11/23-14:30,5451,5471,5444,5468
 2015/11/23-14:45,5469,5481,5466,5471
 2015/11/23-15:00,5471,5478,5466,5477
 2015/11/24-21:15,5456,5509,5456,5500
 2015/11/24-21:30,5498,5512,5495,5508
 2015/11/24-21:45,5507,5516,5501,5512
 2015/11/24-22:00,5512,5528,5509,5513
 2015/11/24-22:15,5513,5519,5497,5508
 2015/11/24-22:30,5508,5515,5503,5507
 2015/11/24-22:45,5507,5514,5503,5507
 2015/11/24-23:00,5507,5520,5505,5512
 2015/11/24-23:15,5512,5516,5511,5513
 2015/11/24-23:30,5513,5525,5513,5524
 2015/11/24-09:15,5524,5548,5519,5543
 2015/11/24-09:30,5544,5549,5529,5532
 2015/11/24-09:45,5532,5533,5501,5507
 2015/11/24-10:00,5507,5512,5495,5503
 2015/11/24-10:15,5502,5512,5501,5503
 2015/11/24-10:45,5503,5510,5499,5510
 2015/11/24-11:00,5510,5522,5504,5519
 2015/11/24-11:15,5518,5526,5516,5522
 2015/11/24-11:30,5522,5527,5500,5508
 2015/11/24-13:45,5508,5542,5508,5533
 2015/11/24-14:00,5533,5559,5531,5536
 2015/11/24-14:15,5536,5541,5523,5528
 2015/11/24-14:30,5528,5537,5522,5535
 2015/11/24-14:45,5534,5539,5531,5535
 2015/11/24-15:00,5536,5546,5535,5543
 2015/11/25-21:15,5560,5577,5550,5572
 2015/11/25-21:30,5573,5579,5552,5561
 2015/11/25-21:45,5562,5565,5551,5554
 2015/11/25-22:00,5554,5563,5553,5558
 2015/11/25-22:15,5558,5568,5558,5560
 2015/11/25-22:30,5560,5570,5558,5566
 2015/11/25-22:45,5566,5582,5565,5580
 2015/11/25-23:00,5580,5583,5571,5575
 2015/11/25-23:15,5576,5585,5576,5582
 2015/11/25-23:30,5583,5588,5577,5585
 2015/11/25-09:15,5554,5559,5532,5539
 2015/11/25-09:30,5540,5563,5534,5556
 2015/11/25-09:45,5556,5557,5542,5549
 2015/11/25-10:00,5549,5550,5512,5519
 2015/11/25-10:15,5519,5534,5518,5531
 2015/11/25-10:45,5531,5535,5526,5531
 2015/11/25-11:00,5531,5542,5531,5537
 2015/11/25-11:15,5536,5541,5525,5531
 2015/11/25-11:30,5531,5539,5527,5538
 2015/11/25-13:45,5539,5557,5536,5554
 2015/11/25-14:00,5554,5558,5550,5552
 2015/11/25-14:15,5552,5555,5541,5549
 2015/11/25-14:30,5550,5569,5546,5560
 2015/11/25-14:45,5561,5563,5552,5558
 2015/11/25-15:00,5558,5563,5555,5560
 2015/11/26-21:15,5555,5558,5531,5533
 2015/11/26-21:30,5533,5540,5529,5530
 2015/11/26-21:45,5530,5532,5522,5528
 2015/11/26-22:00,5527,5537,5527,5531
 2015/11/26-22:15,5531,5539,5528,5531
 2015/11/26-22:30,5531,5537,5529,5535
 2015/11/26-22:45,5535,5536,5528,5531
 2015/11/26-23:00,5531,5536,5529,5536
 2015/11/26-23:15,5536,5547,5533,5540
 2015/11/26-23:30,5540,5550,5540,5549
 2015/11/26-09:15,5550,5568,5548,5567
 2015/11/26-09:30,5566,5591,5566,5582
 2015/11/26-09:45,5583,5614,5578,5591
 2015/11/26-10:00,5591,5616,5589,5614
 2015/11/26-10:15,5614,5627,5599,5599
 2015/11/26-10:45,5600,5607,5592,5596
 2015/11/26-11:00,5595,5601,5592,5596
 2015/11/26-11:15,5595,5605,5589,5599
 2015/11/26-11:30,5600,5609,5595,5608
 2015/11/26-13:45,5608,5620,5575,5577
 2015/11/26-14:00,5577,5587,5577,5583
 2015/11/26-14:15,5583,5584,5575,5581
 2015/11/26-14:30,5581,5592,5576,5578
 2015/11/26-14:45,5577,5581,5567,5580
 2015/11/26-15:00,5580,5580,5573,5576
 2015/11/27-21:15,5570,5578,5544,5544
 2015/11/27-21:30,5542,5558,5542,5553
 2015/11/27-21:45,5553,5565,5551,5561
 2015/11/27-22:00,5561,5567,5560,5561
 2015/11/27-22:15,5561,5577,5560,5575
 2015/11/27-22:30,5575,5579,5568,5569
 2015/11/27-22:45,5570,5577,5566,5574
 2015/11/27-23:00,5574,5574,5564,5570
 2015/11/27-23:15,5570,5591,5565,5585
 2015/11/27-23:30,5585,5589,5583,5586
 2015/11/27-09:15,5587,5602,5576,5593
 2015/11/27-09:30,5593,5596,5583,5586
 2015/11/27-09:45,5586,5586,5577,5584
 2015/11/27-10:00,5584,5584,5576,5584
 2015/11/27-10:15,5584,5587,5560,5568
 2015/11/27-10:45,5569,5572,5560,5567
 2015/11/27-11:00,5568,5579,5565,5573
 2015/11/27-11:15,5573,5578,5558,5562
 2015/11/27-11:30,5562,5563,5550,5556
 2015/11/27-13:45,5554,5560,5544,5557
 2015/11/27-14:00,5556,5559,5554,5559
 2015/11/27-14:15,5559,5567,5544,5557
 2015/11/27-14:30,5558,5558,5552,5555
 2015/11/27-14:45,5555,5565,5543,5546
 2015/11/27-15:00,5545,5549,5533,5541
 2015/11/30-21:15,5555,5555,5531,5539
 2015/11/30-21:30,5538,5562,5537,5554
 2015/11/30-21:45,5554,5558,5551,5553
 2015/11/30-22:00,5554,5570,5552,5566
 2015/11/30-22:15,5566,5566,5558,5562
 2015/11/30-22:30,5562,5565,5553,5558
 2015/11/30-22:45,5558,5567,5556,5563
 2015/11/30-23:00,5563,5563,5557,5561
 2015/11/30-23:15,5560,5573,5559,5566
 2015/11/30-23:30,5565,5567,5540,5544
 2015/11/30-09:15,5543,5546,5530,5531
 2015/11/30-09:30,5531,5531,5509,5511
 2015/11/30-09:45,5510,5514,5501,5512
 2015/11/30-10:00,5513,5517,5507,5510
 2015/11/30-10:15,5509,5510,5500,5507
 2015/11/30-10:45,5507,5508,5498,5507
 2015/11/30-11:00,5507,5510,5496,5510
 2015/11/30-11:15,5509,5512,5503,5506
 2015/11/30-11:30,5506,5510,5504,5506
 2015/11/30-13:45,5506,5509,5488,5507
 2015/11/30-14:00,5507,5515,5503,5503
 2015/11/30-14:15,5504,5511,5499,5508
 2015/11/30-14:30,5508,5511,5502,5504
 2015/11/30-14:45,5504,5510,5500,5502
 2015/11/30-15:00,5501,5507,5497,5504
 2015/12/01-21:15,5500,5513,5493,5509
 2015/12/01-21:30,5509,5521,5507,5520
 2015/12/01-21:45,5519,5522,5510,5510
 2015/12/01-22:00,5510,5513,5503,5513
 2015/12/01-22:15,5511,5516,5489,5496
 2015/12/01-22:30,5496,5503,5492,5495
 2015/12/01-22:45,5496,5506,5491,5498
 2015/12/01-23:00,5499,5506,5497,5501
 2015/12/01-23:15,5501,5514,5501,5509
 2015/12/01-23:30,5509,5514,5502,5506
 2015/12/01-09:15,5506,5518,5476,5483
 2015/12/01-09:30,5482,5496,5481,5493
 2015/12/01-09:45,5493,5498,5487,5494
 2015/12/01-10:00,5494,5530,5493,5516
 2015/12/01-10:15,5516,5523,5509,5523
 2015/12/01-10:45,5523,5535,5518,5527
 2015/12/01-11:00,5527,5538,5527,5532
 2015/12/01-11:15,5531,5533,5521,5533
 2015/12/01-11:30,5532,5564,5529,5562
 2015/12/01-13:45,5564,5569,5557,5562
 2015/12/01-14:00,5561,5563,5552,5560
 2015/12/01-14:15,5560,5566,5555,5562
 2015/12/01-14:30,5562,5564,5550,5554
 2015/12/01-14:45,5554,5555,5535,5541
 2015/12/01-15:00,5542,5542,5522,5530
 2015/12/02-21:15,5524,5531,5512,5524
 2015/12/02-21:30,5524,5529,5520,5523
 2015/12/02-21:45,5524,5534,5519,5527
 2015/12/02-22:00,5527,5538,5526,5535
 2015/12/02-22:15,5535,5548,5533,5538
 2015/12/02-22:30,5539,5542,5531,5533
 2015/12/02-22:45,5534,5540,5526,5538
 2015/12/02-23:00,5537,5541,5536,5540
 2015/12/02-23:15,5541,5551,5539,5550
 2015/12/02-23:30,5549,5561,5545,5559
 2015/12/02-09:15,5592,5611,5583,5591
 2015/12/02-09:30,5591,5593,5584,5589
 2015/12/02-09:45,5590,5596,5587,5590
 2015/12/02-10:00,5591,5602,5587,5599
 2015/12/02-10:15,5600,5605,5593,5605
 2015/12/02-10:45,5608,5609,5583,5591
 2015/12/02-11:00,5591,5591,5575,5576
 2015/12/02-11:15,5576,5585,5574,5577
 2015/12/02-11:30,5576,5590,5574,5588
 2015/12/02-13:45,5588,5595,5584,5590
 2015/12/02-14:00,5590,5597,5586,5588
 2015/12/02-14:15,5589,5602,5587,5598
 2015/12/02-14:30,5599,5606,5589,5590
 2015/12/02-14:45,5589,5600,5589,5598
 2015/12/02-15:00,5599,5614,5580,5585
 2015/12/03-21:15,5575,5579,5567,5574
 2015/12/03-21:30,5574,5579,5566,5568
 2015/12/03-21:45,5568,5583,5567,5580
 2015/12/03-22:00,5580,5582,5574,5579
 2015/12/03-22:15,5578,5583,5574,5581
 2015/12/03-22:30,5581,5587,5575,5579
 2015/12/03-22:45,5580,5586,5572,5583
 2015/12/03-23:00,5582,5584,5575,5577
 2015/12/03-23:15,5578,5578,5547,5554
 2015/12/03-23:30,5553,5563,5549,5562
 2015/12/03-09:15,5564,5570,5551,5561
 2015/12/03-09:30,5561,5561,5552,5554
 2015/12/03-09:45,5555,5560,5551,5553
 2015/12/03-10:00,5553,5561,5551,5558
 2015/12/03-10:15,5558,5564,5556,5558
 2015/12/03-10:45,5559,5564,5557,5558
 2015/12/03-11:00,5559,5560,5544,5552
 2015/12/03-11:15,5552,5555,5543,5545
 2015/12/03-11:30,5546,5551,5544,5546
 2015/12/03-13:45,5547,5558,5544,5555
 2015/12/03-14:00,5555,5563,5554,5558
 2015/12/03-14:15,5558,5561,5547,5550
 2015/12/03-14:30,5550,5563,5549,5561
 2015/12/03-14:45,5561,5562,5554,5555
 2015/12/03-15:00,5555,5561,5550,5551
 2015/12/04-21:15,5551,5581,5548,5578
 2015/12/04-21:30,5578,5579,5564,5568
 2015/12/04-21:45,5569,5577,5568,5574
 2015/12/04-22:00,5575,5579,5573,5575
 2015/12/04-22:15,5575,5588,5574,5577
 2015/12/04-22:30,5577,5578,5566,5571
 2015/12/04-22:45,5571,5573,5565,5570
 2015/12/04-23:00,5569,5577,5568,5570
 2015/12/04-23:15,5569,5570,5523,5539
 2015/12/04-23:30,5539,5542,5521,5530
 2015/12/04-09:15,5531,5543,5523,5530
 2015/12/04-09:30,5529,5536,5528,5530
 2015/12/04-09:45,5530,5531,5510,5529
 2015/12/04-10:00,5529,5535,5522,5529
 2015/12/04-10:15,5528,5529,5521,5525
 2015/12/04-10:45,5525,5526,5511,5513
 2015/12/04-11:00,5512,5526,5511,5524
 2015/12/04-11:15,5523,5531,5522,5524
 2015/12/04-11:30,5524,5530,5521,5526
 2015/12/04-13:45,5530,5530,5505,5509
 2015/12/04-14:00,5510,5514,5500,5509
 2015/12/04-14:15,5509,5513,5503,5506
 2015/12/04-14:30,5507,5515,5504,5509
 2015/12/04-14:45,5508,5509,5499,5506
 2015/12/04-15:00,5505,5508,5499,5503
 2015/12/07-21:15,5505,5521,5491,5518
 2015/12/07-21:30,5517,5523,5515,5519
 2015/12/07-21:45,5519,5526,5513,5522
 2015/12/07-22:00,5522,5523,5509,5516
 2015/12/07-22:15,5516,5518,5507,5511
 2015/12/07-22:30,5512,5520,5508,5519
 2015/12/07-22:45,5520,5522,5514,5521
 2015/12/07-23:00,5522,5522,5514,5516
 2015/12/07-23:15,5516,5531,5515,5525
 2015/12/07-23:30,5526,5535,5525,5530
 2015/12/07-09:15,5513,5523,5507,5521
 2015/12/07-09:30,5520,5530,5516,5522
 2015/12/07-09:45,5522,5523,5512,5517
 2015/12/07-10:00,5517,5527,5517,5525
 2015/12/07-10:15,5525,5529,5524,5527
 2015/12/07-10:45,5527,5529,5518,5518
 2015/12/07-11:00,5517,5525,5517,5522
 2015/12/07-11:15,5523,5524,5514,5520
 2015/12/07-11:30,5520,5525,5518,5521
 2015/12/07-13:45,5520,5522,5515,5519
 2015/12/07-14:00,5520,5521,5517,5519
 2015/12/07-14:15,5519,5534,5518,5527
 2015/12/07-14:30,5528,5530,5523,5528
 2015/12/07-14:45,5529,5548,5527,5544
 2015/12/07-15:00,5544,5558,5538,5555
 2015/12/08-21:15,5546,5553,5541,5551
 2015/12/08-21:30,5550,5564,5550,5556
 2015/12/08-21:45,5556,5557,5544,5546
 2015/12/08-22:00,5545,5549,5534,5535
 2015/12/08-22:15,5535,5538,5528,5536
 2015/12/08-22:30,5536,5539,5532,5536
 2015/12/08-22:45,5535,5539,5533,5537
 2015/12/08-23:00,5537,5542,5529,5532
 2015/12/08-23:15,5532,5539,5528,5538
 2015/12/08-23:30,5538,5538,5529,5533
 2015/12/08-09:15,5530,5530,5502,5510
 2015/12/08-09:30,5509,5514,5503,5504
 2015/12/08-09:45,5503,5505,5480,5487
 2015/12/08-10:00,5487,5491,5483,5483
 2015/12/08-10:15,5483,5496,5480,5493
 2015/12/08-10:45,5491,5506,5489,5505
 2015/12/08-11:00,5506,5511,5504,5507
 2015/12/08-11:15,5507,5515,5506,5510
 2015/12/08-11:30,5510,5513,5504,5512
 2015/12/08-13:45,5515,5518,5505,5506
 2015/12/08-14:00,5506,5509,5498,5502
 2015/12/08-14:15,5502,5505,5491,5495
 2015/12/08-14:30,5495,5502,5491,5496
 2015/12/08-14:45,5496,5503,5492,5497
 2015/12/08-15:00,5496,5497,5490,5495
 2015/12/09-21:15,5501,5515,5500,5507
 2015/12/09-21:30,5508,5510,5486,5487
 2015/12/09-21:45,5488,5496,5483,5491
 2015/12/09-22:00,5491,5497,5462,5467
 2015/12/09-22:15,5465,5466,5455,5458
 2015/12/09-22:30,5457,5467,5452,5461
 2015/12/09-22:45,5462,5466,5460,5462
 2015/12/09-23:00,5461,5473,5461,5465
 2015/12/09-23:15,5465,5470,5464,5465
 2015/12/09-23:30,5465,5466,5448,5453
 2015/12/09-09:15,5452,5466,5442,5459
 2015/12/09-09:30,5460,5471,5459,5461
 2015/12/09-09:45,5460,5467,5456,5457
 2015/12/09-10:00,5457,5459,5452,5457
 2015/12/09-10:15,5458,5462,5452,5459
 2015/12/09-10:45,5459,5464,5455,5460
 2015/12/09-11:00,5461,5461,5449,5453
 2015/12/09-11:15,5453,5460,5447,5456
 2015/12/09-11:30,5456,5464,5455,5460
 2015/12/09-13:45,5460,5462,5459,5460
 2015/12/09-14:00,5460,5465,5451,5462
 2015/12/09-14:15,5462,5463,5455,5460
 2015/12/09-14:30,5460,5460,5448,5450
 2015/12/09-14:45,5451,5457,5444,5454
 2015/12/09-15:00,5454,5461,5443,5446
 2015/12/10-21:15,5453,5469,5447,5463
 2015/12/10-21:30,5464,5467,5453,5459
 2015/12/10-21:45,5458,5464,5456,5459
 2015/12/10-22:00,5459,5465,5458,5459
 2015/12/10-22:15,5458,5467,5457,5463
 2015/12/10-22:30,5463,5477,5463,5469
 2015/12/10-22:45,5470,5472,5463,5466
 2015/12/10-23:00,5465,5465,5461,5463
 2015/12/10-23:15,5463,5468,5455,5456
 2015/12/10-23:30,5456,5464,5455,5462
 2015/12/10-09:15,5461,5469,5455,5466
 2015/12/10-09:30,5466,5473,5464,5469
 2015/12/10-09:45,5469,5473,5465,5470
 2015/12/10-10:00,5470,5474,5468,5471
 2015/12/10-10:15,5472,5475,5465,5467
 2015/12/10-10:45,5467,5469,5462,5465
 2015/12/10-11:00,5464,5468,5460,5461
 2015/12/10-11:15,5460,5464,5452,5453
 2015/12/10-11:30,5454,5459,5453,5458
 2015/12/10-13:45,5458,5458,5431,5438
 2015/12/10-14:00,5438,5447,5437,5443
 2015/12/10-14:15,5443,5445,5438,5443
 2015/12/10-14:30,5443,5447,5441,5441
 2015/12/10-14:45,5441,5445,5434,5438
 2015/12/10-15:00,5438,5442,5432,5432
 2015/12/11-21:15,5418,5428,5414,5424
 2015/12/11-21:30,5424,5427,5420,5424
 2015/12/11-21:45,5425,5430,5419,5424
 2015/12/11-22:00,5424,5425,5418,5423
 2015/12/11-22:15,5423,5428,5416,5420
 2015/12/11-22:30,5420,5427,5418,5425
 2015/12/11-22:45,5425,5427,5420,5423
 2015/12/11-23:00,5423,5426,5421,5423
 2015/12/11-23:15,5424,5427,5419,5423
 2015/12/11-23:30,5423,5435,5420,5435
 2015/12/11-09:15,5432,5467,5425,5458
 2015/12/11-09:30,5459,5467,5456,5460
 2015/12/11-09:45,5460,5472,5459,5464
 2015/12/11-10:00,5464,5467,5458,5458
 2015/12/11-10:15,5458,5467,5458,5465
 2015/12/11-10:45,5465,5470,5464,5464
 2015/12/11-11:00,5464,5466,5457,5461
 2015/12/11-11:15,5460,5470,5459,5467
 2015/12/11-11:30,5467,5475,5467,5472
 2015/12/11-13:45,5473,5504,5472,5502
 2015/12/11-14:00,5501,5507,5495,5500
 2015/12/11-14:15,5500,5532,5499,5528
 2015/12/11-14:30,5529,5533,5518,5525
 2015/12/11-14:45,5525,5534,5518,5526
 2015/12/11-15:00,5526,5537,5524,5530
 2015/12/14-21:15,5530,5546,5522,5526
 2015/12/14-21:30,5526,5528,5522,5525
 2015/12/14-21:45,5524,5532,5523,5528
 2015/12/14-22:00,5530,5534,5526,5526
 2015/12/14-22:15,5526,5531,5524,5527
 2015/12/14-22:30,5527,5531,5526,5530
 2015/12/14-22:45,5529,5533,5526,5531
 2015/12/14-23:00,5532,5543,5521,5523
 2015/12/14-23:15,5523,5528,5515,5526
 2015/12/14-23:30,5526,5534,5522,5534
 2015/12/14-09:15,5533,5543,5519,5529
 2015/12/14-09:30,5529,5549,5528,5535
 2015/12/14-09:45,5535,5546,5533,5544
 2015/12/14-10:00,5544,5545,5535,5535
 2015/12/14-10:15,5535,5552,5535,5551
 2015/12/14-10:45,5551,5556,5545,5551
 2015/12/14-11:00,5553,5554,5544,5551
 2015/12/14-11:15,5550,5555,5546,5553
 2015/12/14-11:30,5553,5559,5547,5558
 2015/12/14-13:45,5559,5562,5552,5554
 2015/12/14-14:00,5554,5555,5539,5539
 2015/12/14-14:15,5539,5542,5534,5538
 2015/12/14-14:30,5538,5542,5536,5542
 2015/12/14-14:45,5541,5544,5534,5542
 2015/12/14-15:00,5542,5549,5536,5547
 2015/12/15-21:15,5527,5535,5520,5534
 2015/12/15-21:30,5534,5534,5514,5516
 2015/12/15-21:45,5515,5522,5507,5512
 2015/12/15-22:00,5512,5519,5511,5515
 2015/12/15-22:15,5515,5526,5514,5516
 2015/12/15-22:30,5516,5522,5515,5520
 2015/12/15-22:45,5520,5522,5514,5514
 2015/12/15-23:00,5514,5522,5514,5517
 2015/12/15-23:15,5517,5531,5514,5530
 2015/12/15-23:30,5530,5540,5529,5530
 2015/12/15-09:15,5539,5579,5536,5569
 2015/12/15-09:30,5570,5570,5555,5564
 2015/12/15-09:45,5565,5566,5553,5556
 2015/12/15-10:00,5556,5558,5547,5550
 2015/12/15-10:15,5551,5559,5549,5555
 2015/12/15-10:45,5555,5559,5554,5555
 2015/12/15-11:00,5555,5557,5549,5557
 2015/12/15-11:15,5557,5561,5550,5554
 2015/12/15-11:30,5554,5563,5553,5558
 2015/12/15-13:45,5558,5559,5541,5543
 2015/12/15-14:00,5542,5542,5533,5538
 2015/12/15-14:15,5539,5539,5520,5527
 2015/12/15-14:30,5527,5534,5522,5532
 2015/12/15-14:45,5532,5537,5527,5537
 2015/12/15-15:00,5536,5543,5532,5539
 2015/12/16-21:15,5541,5557,5528,5555
 2015/12/16-21:30,5556,5558,5547,5550
 2015/12/16-21:45,5551,5562,5550,5555
 2015/12/16-22:00,5555,5561,5554,5557
 2015/12/16-22:15,5557,5562,5556,5556
 2015/12/16-22:30,5556,5559,5549,5553
 2015/12/16-22:45,5553,5553,5543,5548
 2015/12/16-23:00,5548,5551,5545,5549
 2015/12/16-23:15,5548,5548,5537,5543
 2015/12/16-23:30,5543,5544,5533,5538
 2015/12/16-09:15,5531,5545,5526,5531
 2015/12/16-09:30,5531,5538,5528,5537
 2015/12/16-09:45,5536,5544,5536,5541
 2015/12/16-10:00,5540,5545,5540,5544
 2015/12/16-10:15,5544,5551,5543,5549
 2015/12/16-10:45,5550,5553,5542,5544
 2015/12/16-11:00,5543,5556,5542,5551
 2015/12/16-11:15,5552,5556,5548,5552
 2015/12/16-11:30,5553,5556,5547,5551
 2015/12/16-13:45,5551,5554,5542,5553
 2015/12/16-14:00,5554,5554,5544,5545
 2015/12/16-14:15,5545,5546,5528,5534
 2015/12/16-14:30,5534,5535,5531,5534
 2015/12/16-14:45,5534,5541,5533,5534
 2015/12/16-15:00,5534,5536,5529,5532
 2015/12/17-21:15,5520,5540,5516,5538
 2015/12/17-21:30,5538,5547,5534,5544
 2015/12/17-21:45,5544,5553,5540,5544
 2015/12/17-22:00,5544,5549,5538,5539
 2015/12/17-22:15,5539,5544,5537,5539
 2015/12/17-22:30,5539,5542,5536,5542
 2015/12/17-22:45,5541,5548,5535,5547
 2015/12/17-23:00,5547,5549,5543,5546
 2015/12/17-23:15,5545,5550,5542,5548
 2015/12/17-23:30,5548,5564,5545,5558
 2015/12/17-09:15,5566,5588,5553,5587
 2015/12/17-09:30,5586,5593,5577,5581
 2015/12/17-09:45,5581,5585,5572,5578
 2015/12/17-10:00,5579,5579,5572,5573
 2015/12/17-10:15,5573,5575,5563,5564
 2015/12/17-10:45,5564,5572,5563,5570
 2015/12/17-11:00,5569,5572,5566,5568
 2015/12/17-11:15,5568,5569,5563,5566
 2015/12/17-11:30,5566,5567,5542,5542
 2015/12/17-13:45,5543,5546,5538,5543
 2015/12/17-14:00,5542,5547,5542,5542
 2015/12/17-14:15,5542,5544,5535,5538
 2015/12/17-14:30,5537,5543,5537,5539
 2015/12/17-14:45,5539,5546,5533,5542
 2015/12/17-15:00,5541,5542,5531,5531
 2015/12/18-21:15,5536,5543,5529,5540
 2015/12/18-21:30,5540,5552,5539,5550
 2015/12/18-21:45,5549,5554,5546,5547
 2015/12/18-22:00,5549,5550,5544,5547
 2015/12/18-22:15,5546,5551,5546,5549
 2015/12/18-22:30,5549,5554,5536,5539
 2015/12/18-22:45,5540,5547,5534,5538
 2015/12/18-23:00,5538,5541,5535,5539
 2015/12/18-23:15,5538,5539,5528,5537
 2015/12/18-23:30,5537,5542,5534,5539
 2015/12/18-09:15,5539,5552,5536,5549
 2015/12/18-09:30,5548,5553,5546,5551
 2015/12/18-09:45,5552,5555,5546,5550
 2015/12/18-10:00,5550,5550,5538,5538
 2015/12/18-10:15,5538,5541,5535,5540
 2015/12/18-10:45,5540,5541,5535,5541
 2015/12/18-11:00,5541,5546,5535,5545
 2015/12/18-11:15,5545,5549,5543,5544
 2015/12/18-11:30,5544,5552,5543,5547
 2015/12/18-13:45,5548,5562,5543,5561
 2015/12/18-14:00,5561,5562,5555,5559
 2015/12/18-14:15,5558,5565,5543,5545
 2015/12/18-14:30,5545,5548,5542,5545
 2015/12/18-14:45,5545,5547,5540,5545
 2015/12/18-15:00,5545,5552,5543,5551
 2015/12/21-21:15,5558,5561,5544,5555
 2015/12/21-21:30,5554,5558,5550,5553
 2015/12/21-21:45,5553,5555,5548,5555
 2015/12/21-22:00,5554,5556,5551,5553
 2015/12/21-22:15,5554,5556,5552,5555
 2015/12/21-22:30,5555,5558,5550,5551
 2015/12/21-22:45,5551,5557,5548,5555
 2015/12/21-23:00,5555,5573,5554,5570
 2015/12/21-23:15,5571,5582,5566,5575
 2015/12/21-23:30,5575,5601,5572,5600
 2015/12/21-09:15,5601,5616,5587,5598
 2015/12/21-09:30,5599,5609,5597,5604
 2015/12/21-09:45,5604,5612,5601,5602
 2015/12/21-10:00,5603,5604,5596,5603
 2015/12/21-10:15,5603,5605,5597,5604
 2015/12/21-10:45,5604,5610,5602,5610
 2015/12/21-11:00,5610,5639,5607,5636
 2015/12/21-11:15,5636,5645,5632,5642
 2015/12/21-11:30,5642,5649,5634,5647
 2015/12/21-13:45,5648,5652,5644,5648
 2015/12/21-14:00,5649,5655,5645,5645
 2015/12/21-14:15,5645,5658,5645,5649
 2015/12/21-14:30,5648,5676,5648,5675
 2015/12/21-14:45,5675,5676,5662,5671
 2015/12/21-15:00,5671,5685,5664,5669
 2015/12/22-21:15,5662,5664,5651,5658
 2015/12/22-21:30,5657,5672,5652,5653
 2015/12/22-21:45,5653,5654,5643,5653
 2015/12/22-22:00,5653,5659,5652,5657
 2015/12/22-22:15,5656,5657,5647,5653
 2015/12/22-22:30,5652,5655,5648,5651
 2015/12/22-22:45,5651,5652,5635,5642
 2015/12/22-23:00,5642,5647,5635,5637
 2015/12/22-23:15,5637,5651,5637,5647
 2015/12/22-23:30,5648,5649,5641,5643
 2015/12/22-09:15,5644,5652,5642,5642
 2015/12/22-09:30,5641,5652,5638,5647
 2015/12/22-09:45,5647,5656,5640,5643
 2015/12/22-10:00,5643,5646,5639,5639
 2015/12/22-10:15,5639,5642,5635,5640
 2015/12/22-10:45,5639,5646,5638,5641
 2015/12/22-11:00,5640,5647,5640,5644
 2015/12/22-11:15,5645,5645,5640,5643
 2015/12/22-11:30,5643,5643,5636,5640
 2015/12/22-13:45,5641,5647,5640,5645
 2015/12/22-14:00,5645,5654,5643,5644
 2015/12/22-14:15,5644,5648,5640,5648
 2015/12/22-14:30,5648,5649,5644,5647
 2015/12/22-14:45,5648,5652,5646,5647
 2015/12/22-15:00,5647,5649,5642,5647
 2015/12/23-21:15,5643,5643,5601,5632
 2015/12/23-21:30,5633,5638,5626,5630
 2015/12/23-21:45,5629,5634,5625,5631
 2015/12/23-22:00,5630,5635,5627,5629
 2015/12/23-22:15,5629,5630,5621,5627
 2015/12/23-22:30,5627,5631,5624,5630
 2015/12/23-22:45,5630,5631,5626,5626
 2015/12/23-23:00,5626,5630,5622,5625
 2015/12/23-23:15,5625,5628,5625,5626
 2015/12/23-23:30,5626,5632,5625,5625
 2015/12/23-09:15,5627,5628,5606,5606
 2015/12/23-09:30,5606,5614,5605,5613
 2015/12/23-09:45,5612,5613,5583,5585
 2015/12/23-10:00,5584,5594,5583,5585
 2015/12/23-10:15,5585,5590,5564,5567
 2015/12/23-10:45,5567,5576,5564,5572
 2015/12/23-11:00,5572,5580,5571,5578
 2015/12/23-11:15,5577,5588,5577,5588
 2015/12/23-11:30,5588,5593,5578,5591
 2015/12/23-13:45,5588,5590,5581,5584
 2015/12/23-14:00,5584,5596,5577,5590
 2015/12/23-14:15,5590,5598,5587,5588
 2015/12/23-14:30,5588,5602,5583,5600
 2015/12/23-14:45,5601,5621,5597,5620
 2015/12/23-15:00,5619,5621,5612,5615
 2015/12/24-21:15,5616,5625,5607,5613
 2015/12/24-21:30,5612,5616,5610,5613
 2015/12/24-21:45,5613,5619,5604,5608
 2015/12/24-22:00,5607,5609,5603,5604
 2015/12/24-22:15,5603,5607,5597,5605
 2015/12/24-22:30,5605,5609,5600,5608
 2015/12/24-22:45,5608,5613,5606,5607
 2015/12/24-23:00,5606,5615,5606,5612
 2015/12/24-23:15,5613,5619,5612,5616
 2015/12/24-23:30,5617,5623,5614,5619
 2015/12/24-09:15,5618,5631,5610,5631
 2015/12/24-09:30,5631,5635,5625,5627
 2015/12/24-09:45,5627,5628,5620,5621
 2015/12/24-10:00,5621,5624,5613,5624
 2015/12/24-10:15,5623,5625,5618,5623
 2015/12/24-10:45,5623,5623,5614,5616
 2015/12/24-11:00,5615,5616,5601,5604
 2015/12/24-11:15,5604,5614,5604,5611
 2015/12/24-11:30,5611,5614,5608,5610
 2015/12/24-13:45,5611,5622,5608,5620
 2015/12/24-14:00,5620,5625,5616,5625
 2015/12/24-14:15,5625,5627,5615,5620
 2015/12/24-14:30,5620,5620,5609,5615
 2015/12/24-14:45,5614,5618,5610,5613
 2015/12/24-15:00,5612,5612,5603,5605
 2015/12/25-21:15,5603,5614,5597,5613
 2015/12/25-21:30,5613,5617,5609,5617
 2015/12/25-21:45,5617,5622,5611,5615
 2015/12/25-22:00,5616,5620,5614,5617
 2015/12/25-22:15,5617,5624,5616,5619
 2015/12/25-22:30,5619,5619,5610,5616
 2015/12/25-22:45,5616,5620,5614,5617
 2015/12/25-23:00,5618,5621,5613,5616
 2015/12/25-23:15,5616,5620,5614,5620
 2015/12/25-23:30,5620,5621,5616,5620
 2015/12/25-09:15,5616,5630,5608,5629
 2015/12/25-09:30,5629,5629,5623,5627
 2015/12/25-09:45,5626,5631,5619,5620
 2015/12/25-10:00,5620,5627,5620,5626
 2015/12/25-10:15,5626,5638,5624,5638
 2015/12/25-10:45,5639,5643,5631,5635
 2015/12/25-11:00,5635,5640,5632,5637
 2015/12/25-11:15,5637,5641,5633,5635
 2015/12/25-11:30,5635,5638,5632,5637
 2015/12/25-13:45,5638,5644,5635,5641
 2015/12/25-14:00,5641,5645,5634,5638
 2015/12/25-14:15,5637,5638,5632,5634
 2015/12/25-14:30,5634,5635,5623,5628
 2015/12/25-14:45,5628,5632,5627,5628
 2015/12/25-15:00,5628,5638,5627,5630
 2015/12/28-21:15,5626,5631,5611,5624
 2015/12/28-21:30,5625,5629,5623,5625
 2015/12/28-21:45,5625,5627,5619,5620
 2015/12/28-22:00,5620,5623,5619,5620
 2015/12/28-22:15,5621,5622,5617,5619
 2015/12/28-22:30,5619,5621,5617,5619
 2015/12/28-22:45,5619,5622,5618,5621
 2015/12/28-23:00,5622,5623,5620,5623
 2015/12/28-23:15,5624,5631,5622,5630
 2015/12/28-23:30,5629,5634,5629,5633
 2015/12/28-09:15,5631,5639,5613,5613
 2015/12/28-09:30,5614,5616,5602,5603
 2015/12/28-09:45,5603,5608,5600,5600
 2015/12/28-10:00,5600,5608,5598,5606
 2015/12/28-10:15,5605,5608,5587,5590
 2015/12/28-10:45,5590,5599,5585,5599
 2015/12/28-11:00,5599,5603,5593,5595
 2015/12/28-11:15,5595,5598,5590,5594
 2015/12/28-11:30,5595,5599,5589,5595
 2015/12/28-13:45,5595,5595,5582,5588
 2015/12/28-14:00,5588,5594,5586,5590
 2015/12/28-14:15,5590,5592,5585,5586
 2015/12/28-14:30,5587,5597,5585,5591
 2015/12/28-14:45,5590,5594,5587,5589
 2015/12/28-15:00,5589,5589,5578,5579
 2015/12/29-21:15,5575,5588,5570,5582
 2015/12/29-21:30,5582,5590,5578,5589
 2015/12/29-21:45,5589,5602,5588,5598
 2015/12/29-22:00,5598,5603,5597,5601
 2015/12/29-22:15,5600,5604,5597,5597
 2015/12/29-22:30,5598,5601,5595,5597
 2015/12/29-22:45,5596,5601,5596,5599
 2015/12/29-23:00,5599,5604,5590,5593
 2015/12/29-23:15,5592,5599,5591,5596
 2015/12/29-23:30,5596,5602,5596,5602
 2015/12/29-09:15,5601,5612,5592,5605
 2015/12/29-09:30,5604,5610,5602,5608
 2015/12/29-09:45,5608,5612,5606,5610
 2015/12/29-10:00,5610,5611,5601,5605
 2015/12/29-10:15,5604,5609,5603,5607
 2015/12/29-10:45,5606,5608,5603,5608
 2015/12/29-11:00,5607,5615,5606,5610
 2015/12/29-11:15,5609,5617,5609,5615
 2015/12/29-11:30,5616,5617,5613,5615
 2015/12/29-13:45,5616,5630,5615,5629
 2015/12/29-14:00,5629,5632,5625,5629
 2015/12/29-14:15,5630,5633,5624,5626
 2015/12/29-14:30,5626,5630,5623,5630
 2015/12/29-14:45,5630,5633,5624,5627
 2015/12/29-15:00,5626,5637,5626,5634
 2015/12/30-21:15,5637,5656,5632,5656
 2015/12/30-21:30,5656,5658,5647,5651
 2015/12/30-21:45,5653,5657,5645,5649
 2015/12/30-22:00,5649,5662,5648,5659
 2015/12/30-22:15,5660,5667,5658,5663
 2015/12/30-22:30,5662,5664,5655,5655
 2015/12/30-22:45,5655,5661,5653,5656
 2015/12/30-23:00,5657,5660,5648,5650
 2015/12/30-23:15,5649,5664,5649,5662
 2015/12/30-23:30,5662,5689,5660,5679
 2015/12/30-09:15,5678,5681,5664,5669
 2015/12/30-09:30,5668,5676,5666,5670
 2015/12/30-09:45,5671,5674,5658,5661
 2015/12/30-10:00,5661,5661,5637,5644
 2015/12/30-10:15,5644,5651,5644,5651
 2015/12/30-10:45,5651,5655,5648,5652
 2015/12/30-11:00,5651,5652,5646,5647
 2015/12/30-11:15,5647,5648,5642,5647
 2015/12/30-11:30,5647,5648,5641,5642
 2015/12/30-13:45,5642,5648,5637,5646
 2015/12/30-14:00,5646,5649,5644,5646
 2015/12/30-14:15,5646,5657,5646,5654
 2015/12/30-14:30,5653,5656,5638,5640
 2015/12/30-14:45,5640,5641,5626,5637
 2015/12/30-15:00,5636,5638,5629,5630
 2015/12/31-21:15,5645,5656,5642,5654
 2015/12/31-21:30,5655,5656,5649,5650
 2015/12/31-21:45,5651,5657,5650,5655
 2015/12/31-22:00,5655,5662,5655,5657
 2015/12/31-22:15,5656,5659,5653,5653
 2015/12/31-22:30,5654,5658,5652,5657
 2015/12/31-22:45,5658,5663,5654,5659
 2015/12/31-23:00,5660,5660,5646,5650
 2015/12/31-23:15,5650,5651,5636,5640
 2015/12/31-23:30,5640,5652,5638,5650
 2015/12/31-09:15,5650,5665,5647,5662
 2015/12/31-09:30,5662,5663,5656,5658
 2015/12/31-09:45,5657,5662,5657,5662
 2015/12/31-10:00,5662,5664,5651,5652
 2015/12/31-10:15,5652,5658,5651,5656
 2015/12/31-10:45,5656,5657,5643,5646
 2015/12/31-11:00,5646,5651,5644,5648
 2015/12/31-11:15,5648,5649,5641,5643
 2015/12/31-11:30,5642,5650,5641,5650
 2015/12/31-13:45,5649,5660,5647,5654
 2015/12/31-14:00,5654,5656,5647,5655
 2015/12/31-14:15,5655,5661,5650,5657
 2015/12/31-14:30,5656,5670,5656,5661
 2015/12/31-14:45,5663,5672,5660,5668
 2015/12/31-15:00,5668,5668,5658,5665
 2016/01/04-21:15,5655,5655,5655,5655
 2016/01/04-21:30,5655,5655,5655,5655
 2016/01/04-21:45,5655,5655,5655,5655
 2016/01/04-22:00,5655,5655,5655,5655
 2016/01/04-22:15,5655,5655,5655,5655
 2016/01/04-22:30,5655,5655,5655,5655
 2016/01/04-22:45,5655,5655,5655,5655
 2016/01/04-23:00,5655,5655,5655,5655
 2016/01/04-23:15,5655,5655,5655,5655
 2016/01/04-23:30,5655,5663,5655,5663
 2016/01/04-09:15,5663,5694,5637,5639
 2016/01/04-09:30,5640,5645,5611,5632
 2016/01/04-09:45,5633,5637,5611,5611
 2016/01/04-10:00,5611,5626,5608,5618
 2016/01/04-10:15,5619,5623,5606,5611
 2016/01/04-10:45,5611,5622,5604,5615
 2016/01/04-11:00,5616,5617,5610,5616
 2016/01/04-11:15,5615,5618,5610,5612
 2016/01/04-11:30,5611,5615,5597,5600
 2016/01/04-13:45,5594,5603,5585,5602
 2016/01/04-14:00,5602,5616,5598,5611
 2016/01/04-14:15,5611,5617,5610,5613
 2016/01/04-14:30,5613,5617,5609,5613
 2016/01/04-14:45,5612,5613,5605,5609
 2016/01/04-15:00,5608,5615,5605,5613
 2016/01/05-21:15,5603,5619,5602,5614
 2016/01/05-21:30,5614,5621,5613,5615
 2016/01/05-21:45,5615,5621,5611,5615
 2016/01/05-22:00,5616,5620,5614,5615
 2016/01/05-22:15,5615,5618,5611,5616
 2016/01/05-22:30,5617,5620,5611,5614
 2016/01/05-22:45,5614,5616,5607,5614
 2016/01/05-23:00,5613,5618,5613,5615
 2016/01/05-23:15,5615,5618,5612,5613
 2016/01/05-23:30,5613,5617,5612,5615
 2016/01/05-09:15,5614,5618,5596,5599
 2016/01/05-09:30,5599,5600,5582,5592
 2016/01/05-09:45,5591,5603,5588,5593
 2016/01/05-10:00,5594,5603,5593,5599
 2016/01/05-10:15,5599,5604,5596,5604
 2016/01/05-10:45,5604,5605,5591,5594
 2016/01/05-11:00,5593,5596,5583,5595
 2016/01/05-11:15,5595,5596,5589,5590
 2016/01/05-11:30,5590,5598,5586,5592
 2016/01/05-13:45,5589,5608,5580,5606
 2016/01/05-14:00,5606,5608,5599,5602
 2016/01/05-14:15,5602,5609,5592,5594
 2016/01/05-14:30,5594,5605,5593,5603
 2016/01/05-14:45,5603,5606,5596,5604
 2016/01/05-15:00,5604,5606,5597,5599
 2016/01/06-21:15,5590,5600,5588,5588
 2016/01/06-21:30,5588,5591,5554,5563
 2016/01/06-21:45,5563,5568,5558,5565
 2016/01/06-22:00,5564,5566,5557,5559
 2016/01/06-22:15,5559,5563,5556,5562
 2016/01/06-22:30,5562,5565,5558,5560
 2016/01/06-22:45,5560,5562,5554,5561
 2016/01/06-23:00,5560,5561,5558,5558
 2016/01/06-23:15,5558,5560,5551,5554
 2016/01/06-23:30,5554,5557,5548,5551
 2016/01/06-09:15,5542,5545,5535,5541
 2016/01/06-09:30,5540,5544,5536,5542
 2016/01/06-09:45,5542,5552,5540,5549
 2016/01/06-10:00,5549,5550,5542,5549
 2016/01/06-10:15,5548,5548,5530,5534
 2016/01/06-10:45,5535,5543,5532,5543
 2016/01/06-11:00,5543,5548,5534,5545
 2016/01/06-11:15,5545,5549,5541,5549
 2016/01/06-11:30,5548,5562,5546,5554
 2016/01/06-13:45,5554,5555,5547,5552
 2016/01/06-14:00,5553,5557,5551,5555
 2016/01/06-14:15,5555,5558,5550,5554
 2016/01/06-14:30,5554,5556,5551,5551
 2016/01/06-14:45,5551,5555,5543,5545
 2016/01/06-15:00,5545,5548,5538,5545
 2016/01/07-21:15,5539,5553,5536,5553
 2016/01/07-21:30,5553,5560,5551,5556
 2016/01/07-21:45,5556,5562,5555,5559
 2016/01/07-22:00,5559,5563,5554,5560
 2016/01/07-22:15,5559,5561,5556,5558
 2016/01/07-22:30,5557,5557,5549,5551
 2016/01/07-22:45,5550,5556,5547,5556
 2016/01/07-23:00,5555,5561,5555,5560
 2016/01/07-23:15,5559,5566,5556,5565
 2016/01/07-23:30,5564,5573,5564,5567
 2016/01/07-09:15,5564,5565,5555,5557
 2016/01/07-09:30,5557,5559,5549,5550
 2016/01/07-09:45,5551,5556,5537,5539
 2016/01/07-10:00,5540,5540,5516,5519
 2016/01/07-10:15,5518,5528,5493,5527
 2016/01/07-10:45,5526,5528,5518,5518
 2016/01/07-11:00,5518,5522,5515,5520
 2016/01/07-11:15,5520,5525,5517,5520
 2016/01/07-11:30,5520,5532,5519,5524
 2016/01/07-13:45,5524,5524,5505,5511
 2016/01/07-14:00,5510,5518,5508,5516
 2016/01/07-14:15,5516,5521,5510,5515
 2016/01/07-14:30,5516,5524,5515,5518
 2016/01/07-14:45,5517,5525,5516,5518
 2016/01/07-15:00,5518,5536,5516,5530
 2016/01/08-21:15,5534,5553,5534,5541
 2016/01/08-21:30,5541,5546,5529,5529
 2016/01/08-21:45,5530,5542,5527,5537
 2016/01/08-22:00,5537,5544,5537,5540
 2016/01/08-22:15,5540,5546,5536,5544
 2016/01/08-22:30,5544,5551,5542,5546
 2016/01/08-22:45,5546,5556,5543,5554
 2016/01/08-23:00,5554,5571,5553,5567
 2016/01/08-23:15,5566,5568,5563,5566
 2016/01/08-23:30,5565,5578,5561,5577
 2016/01/08-09:15,5573,5574,5555,5558
 2016/01/08-09:30,5557,5563,5555,5556
 2016/01/08-09:45,5556,5560,5550,5550
 2016/01/08-10:00,5550,5560,5548,5560
 2016/01/08-10:15,5559,5565,5552,5553
 2016/01/08-10:45,5553,5556,5552,5554
 2016/01/08-11:00,5553,5560,5550,5557
 2016/01/08-11:15,5557,5563,5555,5559
 2016/01/08-11:30,5558,5561,5555,5560
 2016/01/08-13:45,5561,5570,5557,5568
 2016/01/08-14:00,5568,5568,5558,5559
 2016/01/08-14:15,5559,5563,5553,5556
 2016/01/08-14:30,5555,5559,5554,5557
 2016/01/08-14:45,5558,5560,5555,5557
 2016/01/08-15:00,5557,5562,5555,5559
 2016/01/11-21:15,5568,5576,5563,5566
 2016/01/11-21:30,5566,5568,5556,5559
 2016/01/11-21:45,5559,5563,5550,5551
 2016/01/11-22:00,5550,5556,5548,5550
 2016/01/11-22:15,5550,5558,5546,5557
 2016/01/11-22:30,5557,5557,5552,5555
 2016/01/11-22:45,5554,5555,5537,5541
 2016/01/11-23:00,5542,5544,5535,5538
 2016/01/11-23:15,5539,5542,5526,5529
 2016/01/11-23:30,5530,5530,5498,5498
 2016/01/11-09:15,5496,5503,5476,5482
 2016/01/11-09:30,5482,5489,5478,5482
 2016/01/11-09:45,5482,5482,5468,5482
 2016/01/11-10:00,5483,5485,5479,5481
 2016/01/11-10:15,5481,5486,5479,5481
 2016/01/11-10:45,5481,5483,5465,5474
 2016/01/11-11:00,5474,5484,5472,5478
 2016/01/11-11:15,5479,5481,5474,5474
 2016/01/11-11:30,5474,5483,5473,5478
 2016/01/11-13:45,5476,5491,5473,5489
 2016/01/11-14:00,5489,5493,5483,5484
 2016/01/11-14:15,5485,5505,5483,5503
 2016/01/11-14:30,5503,5505,5495,5496
 2016/01/11-14:45,5496,5498,5490,5495
 2016/01/11-15:00,5495,5495,5470,5470
 2016/01/12-21:15,5466,5478,5460,5473
 2016/01/12-21:30,5473,5480,5472,5477
 2016/01/12-21:45,5477,5478,5464,5472
 2016/01/12-22:00,5471,5476,5464,5470
 2016/01/12-22:15,5470,5477,5468,5474
 2016/01/12-22:30,5473,5478,5472,5474
 2016/01/12-22:45,5474,5475,5472,5475
 2016/01/12-23:00,5475,5477,5468,5469
 2016/01/12-23:15,5469,5474,5466,5473
 2016/01/12-23:30,5472,5476,5469,5471
 2016/01/12-09:15,5467,5467,5447,5449
 2016/01/12-09:30,5449,5459,5446,5454
 2016/01/12-09:45,5455,5460,5451,5458
 2016/01/12-10:00,5458,5463,5455,5459
 2016/01/12-10:15,5460,5466,5458,5462
 2016/01/12-10:45,5462,5462,5453,5459
 2016/01/12-11:00,5459,5465,5455,5463
 2016/01/12-11:15,5464,5473,5464,5472
 2016/01/12-11:30,5472,5474,5465,5468
 2016/01/12-13:45,5468,5469,5450,5451
 2016/01/12-14:00,5450,5456,5449,5451
 2016/01/12-14:15,5451,5455,5448,5450
 2016/01/12-14:30,5450,5455,5444,5452
 2016/01/12-14:45,5453,5463,5451,5456
 2016/01/12-15:00,5455,5457,5448,5451
 2016/01/13-21:15,5455,5477,5451,5472
 2016/01/13-21:30,5473,5474,5469,5471
 2016/01/13-21:45,5472,5483,5471,5478
 2016/01/13-22:00,5478,5485,5476,5481
 2016/01/13-22:15,5482,5487,5471,5473
 2016/01/13-22:30,5472,5477,5472,5473
 2016/01/13-22:45,5474,5476,5468,5476
 2016/01/13-23:00,5476,5481,5475,5477
 2016/01/13-23:15,5477,5479,5468,5473
 2016/01/13-23:30,5472,5477,5468,5476
 2016/01/13-09:15,5475,5482,5457,5457
 2016/01/13-09:30,5458,5461,5434,5437
 2016/01/13-09:45,5437,5444,5433,5434
 2016/01/13-10:00,5434,5440,5426,5437
 2016/01/13-10:15,5438,5443,5435,5436
 2016/01/13-10:45,5436,5441,5431,5437
 2016/01/13-11:00,5437,5440,5434,5437
 2016/01/13-11:15,5437,5440,5430,5433
 2016/01/13-11:30,5434,5437,5425,5426
 2016/01/13-13:45,5425,5459,5416,5455
 2016/01/13-14:00,5457,5465,5454,5456
 2016/01/13-14:15,5457,5468,5453,5463
 2016/01/13-14:30,5463,5465,5455,5458
 2016/01/13-14:45,5458,5463,5454,5460
 2016/01/13-15:00,5460,5468,5456,5465
 2016/01/14-21:15,5478,5480,5467,5472
 2016/01/14-21:30,5472,5472,5463,5468
 2016/01/14-21:45,5467,5477,5461,5466
 2016/01/14-22:00,5465,5474,5463,5472
 2016/01/14-22:15,5473,5473,5463,5464
 2016/01/14-22:30,5464,5472,5464,5471
 2016/01/14-22:45,5471,5475,5468,5470
 2016/01/14-23:00,5471,5474,5468,5471
 2016/01/14-23:15,5471,5472,5463,5465
 2016/01/14-23:30,5465,5471,5463,5465
 2016/01/14-09:15,5466,5469,5430,5437
 2016/01/14-09:30,5437,5440,5429,5437
 2016/01/14-09:45,5437,5441,5432,5439
 2016/01/14-10:00,5439,5451,5435,5448
 2016/01/14-10:15,5449,5456,5446,5447
 2016/01/14-10:45,5447,5465,5447,5450
 2016/01/14-11:00,5450,5456,5448,5454
 2016/01/14-11:15,5453,5465,5451,5463
 2016/01/14-11:30,5464,5465,5457,5459
 2016/01/14-13:45,5462,5466,5451,5454
 2016/01/14-14:00,5454,5455,5434,5435
 2016/01/14-14:15,5436,5445,5433,5441
 2016/01/14-14:30,5441,5445,5436,5444
 2016/01/14-14:45,5444,5453,5441,5449
 2016/01/14-15:00,5449,5458,5446,5456
 2016/01/15-21:15,5449,5453,5432,5446
 2016/01/15-21:30,5447,5447,5441,5444
 2016/01/15-21:45,5444,5467,5443,5462
 2016/01/15-22:00,5461,5464,5455,5461
 2016/01/15-22:15,5461,5464,5455,5464
 2016/01/15-22:30,5463,5471,5457,5459
 2016/01/15-22:45,5458,5466,5458,5463
 2016/01/15-23:00,5462,5469,5460,5460
 2016/01/15-23:15,5461,5467,5460,5467
 2016/01/15-23:30,5467,5468,5459,5464
 2016/01/15-09:15,5463,5476,5452,5464
 2016/01/15-09:30,5465,5467,5455,5456
 2016/01/15-09:45,5456,5460,5440,5443
 2016/01/15-10:00,5443,5449,5437,5449
 2016/01/15-10:15,5449,5452,5445,5446
 2016/01/15-10:45,5446,5450,5439,5444
 2016/01/15-11:00,5444,5448,5442,5445
 2016/01/15-11:15,5445,5449,5442,5447
 2016/01/15-11:30,5446,5447,5438,5442
 2016/01/15-13:45,5439,5446,5436,5441
 2016/01/15-14:00,5440,5448,5435,5444
 2016/01/15-14:15,5444,5448,5438,5440
 2016/01/15-14:30,5440,5444,5436,5442
 2016/01/15-14:45,5442,5446,5433,5438
 2016/01/15-15:00,5438,5440,5420,5421
 2016/01/18-21:15,5417,5426,5409,5420
 2016/01/18-21:30,5420,5430,5419,5428
 2016/01/18-21:45,5427,5450,5424,5449
 2016/01/18-22:00,5449,5455,5445,5452
 2016/01/18-22:15,5453,5460,5447,5457
 2016/01/18-22:30,5457,5466,5456,5463
 2016/01/18-22:45,5463,5472,5460,5465
 2016/01/18-23:00,5465,5471,5462,5465
 2016/01/18-23:15,5465,5465,5459,5462
 2016/01/18-23:30,5462,5469,5461,5464
 2016/01/18-09:15,5458,5465,5449,5464
 2016/01/18-09:30,5464,5483,5462,5473
 2016/01/18-09:45,5473,5475,5460,5466
 2016/01/18-10:00,5465,5475,5464,5471
 2016/01/18-10:15,5472,5482,5471,5477
 2016/01/18-10:45,5476,5496,5473,5488
 2016/01/18-11:00,5488,5491,5478,5483
 2016/01/18-11:15,5484,5488,5479,5484
 2016/01/18-11:30,5484,5487,5474,5480
 2016/01/18-13:45,5482,5487,5478,5478
 2016/01/18-14:00,5477,5482,5476,5480
 2016/01/18-14:15,5481,5483,5477,5477
 2016/01/18-14:30,5477,5481,5473,5479
 2016/01/18-14:45,5480,5483,5476,5482
 2016/01/18-15:00,5482,5486,5479,5481
 2016/01/19-21:15,5485,5485,5463,5474
 2016/01/19-21:30,5475,5487,5474,5486
 2016/01/19-21:45,5485,5489,5480,5489
 2016/01/19-22:00,5490,5492,5484,5489
 2016/01/19-22:15,5489,5493,5485,5489
 2016/01/19-22:30,5490,5491,5485,5487
 2016/01/19-22:45,5487,5493,5487,5490
 2016/01/19-23:00,5489,5491,5486,5486
 2016/01/19-23:15,5487,5491,5486,5488
 2016/01/19-23:30,5488,5491,5481,5482
 2016/01/19-09:15,5483,5509,5475,5508
 2016/01/19-09:30,5508,5524,5504,5520
 2016/01/19-09:45,5520,5531,5519,5526
 2016/01/19-10:00,5527,5535,5523,5524
 2016/01/19-10:15,5523,5526,5519,5520
 2016/01/19-10:45,5520,5522,5516,5519
 2016/01/19-11:00,5519,5522,5510,5511
 2016/01/19-11:15,5511,5516,5508,5512
 2016/01/19-11:30,5513,5517,5511,5516
 2016/01/19-13:45,5518,5525,5516,5523
 2016/01/19-14:00,5523,5525,5518,5520
 2016/01/19-14:15,5520,5523,5518,5521
 2016/01/19-14:30,5521,5528,5520,5524
 2016/01/19-14:45,5523,5528,5522,5525
 2016/01/19-15:00,5525,5527,5518,5519
 2016/01/20-21:15,5517,5533,5513,5528
 2016/01/20-21:30,5528,5529,5521,5527
 2016/01/20-21:45,5527,5532,5525,5526
 2016/01/20-22:00,5526,5535,5525,5533
 2016/01/20-22:15,5532,5534,5524,5528
 2016/01/20-22:30,5528,5531,5526,5529
 2016/01/20-22:45,5529,5532,5517,5517
 2016/01/20-23:00,5517,5517,5511,5515
 2016/01/20-23:15,5515,5515,5509,5514
 2016/01/20-23:30,5514,5518,5511,5511
 2016/01/20-09:15,5511,5511,5496,5498
 2016/01/20-09:30,5498,5499,5492,5492
 2016/01/20-09:45,5493,5493,5478,5482
 2016/01/20-10:00,5482,5485,5479,5484
 2016/01/20-10:15,5483,5486,5476,5483
 2016/01/20-10:45,5483,5485,5481,5484
 2016/01/20-11:00,5483,5484,5465,5470
 2016/01/20-11:15,5469,5476,5467,5474
 2016/01/20-11:30,5475,5477,5468,5469
 2016/01/20-13:45,5470,5476,5465,5475
 2016/01/20-14:00,5475,5478,5473,5476
 2016/01/20-14:15,5476,5479,5472,5475
 2016/01/20-14:30,5475,5482,5474,5481
 2016/01/20-14:45,5482,5483,5474,5475
 2016/01/20-15:00,5476,5477,5465,5471
 2016/01/21-21:15,5471,5487,5458,5484
 2016/01/21-21:30,5485,5486,5447,5449
 2016/01/21-21:45,5450,5453,5438,5445
 2016/01/21-22:00,5444,5450,5444,5447
 2016/01/21-22:15,5447,5456,5447,5451
 2016/01/21-22:30,5451,5454,5450,5452
 2016/01/21-22:45,5452,5457,5445,5448
 2016/01/21-23:00,5448,5450,5440,5443
 2016/01/21-23:15,5441,5449,5441,5449
 2016/01/21-23:30,5449,5450,5439,5440
 2016/01/21-09:15,5437,5457,5434,5455
 2016/01/21-09:30,5455,5459,5447,5458
 2016/01/21-09:45,5457,5466,5454,5463
 2016/01/21-10:00,5462,5464,5455,5462
 2016/01/21-10:15,5462,5464,5455,5457
 2016/01/21-10:45,5458,5460,5448,5450
 2016/01/21-11:00,5451,5454,5447,5452
 2016/01/21-11:15,5452,5454,5448,5452
 2016/01/21-11:30,5451,5454,5443,5444
 2016/01/21-13:45,5443,5443,5432,5440
 2016/01/21-14:00,5440,5442,5436,5437
 2016/01/21-14:15,5438,5440,5433,5437
 2016/01/21-14:30,5438,5445,5436,5444
 2016/01/21-14:45,5443,5446,5438,5439
 2016/01/21-15:00,5439,5444,5436,5441
 2016/01/22-21:15,5453,5468,5445,5466
 2016/01/22-21:30,5466,5472,5462,5465
 2016/01/22-21:45,5466,5469,5460,5462
 2016/01/22-22:00,5462,5466,5459,5460
 2016/01/22-22:15,5459,5461,5455,5459
 2016/01/22-22:30,5459,5464,5458,5459
 2016/01/22-22:45,5459,5464,5458,5461
 2016/01/22-23:00,5462,5462,5451,5457
 2016/01/22-23:15,5457,5461,5456,5459
 2016/01/22-23:30,5460,5466,5459,5463
 2016/01/22-09:15,5463,5479,5459,5465
 2016/01/22-09:30,5465,5477,5462,5476
 2016/01/22-09:45,5475,5507,5475,5507
 2016/01/22-10:00,5508,5508,5488,5491
 2016/01/22-10:15,5492,5497,5491,5492
 2016/01/22-10:45,5492,5493,5484,5487
 2016/01/22-11:00,5486,5491,5486,5487
 2016/01/22-11:15,5488,5490,5469,5472
 2016/01/22-11:30,5472,5480,5470,5476
 2016/01/22-13:45,5478,5487,5478,5481
 2016/01/22-14:00,5481,5491,5481,5489
 2016/01/22-14:15,5489,5491,5483,5487
 2016/01/22-14:30,5487,5489,5482,5484
 2016/01/22-14:45,5484,5484,5471,5475
 2016/01/22-15:00,5475,5479,5471,5474
 2016/01/25-21:15,5488,5496,5483,5483
 2016/01/25-21:30,5483,5491,5483,5485
 2016/01/25-21:45,5485,5491,5484,5487
 2016/01/25-22:00,5486,5488,5476,5480
 2016/01/25-22:15,5480,5484,5475,5483
 2016/01/25-22:30,5483,5491,5479,5487
 2016/01/25-22:45,5487,5491,5481,5486
 2016/01/25-23:00,5487,5489,5484,5487
 2016/01/25-23:15,5487,5490,5486,5490
 2016/01/25-23:30,5490,5492,5486,5492
 2016/01/25-09:15,5488,5506,5455,5455
 2016/01/25-09:30,5456,5462,5446,5446
 2016/01/25-09:45,5446,5454,5445,5451
 2016/01/25-10:00,5451,5458,5450,5456
 2016/01/25-10:15,5455,5455,5443,5450
 2016/01/25-10:45,5451,5455,5448,5450
 2016/01/25-11:00,5450,5453,5443,5453
 2016/01/25-11:15,5453,5455,5443,5449
 2016/01/25-11:30,5450,5453,5443,5448
 2016/01/25-13:45,5449,5449,5438,5441
 2016/01/25-14:00,5440,5444,5436,5443
 2016/01/25-14:15,5443,5446,5439,5445
 2016/01/25-14:30,5444,5448,5439,5441
 2016/01/25-14:45,5441,5452,5439,5440
 2016/01/25-15:00,5440,5441,5431,5435
 2016/01/26-21:15,5432,5444,5425,5430
 2016/01/26-21:30,5429,5436,5425,5432
 2016/01/26-21:45,5433,5441,5432,5440
 2016/01/26-22:00,5440,5445,5440,5441
 2016/01/26-22:15,5441,5444,5440,5443
 2016/01/26-22:30,5443,5448,5436,5436
 2016/01/26-22:45,5436,5442,5432,5434
 2016/01/26-23:00,5434,5438,5432,5437
 2016/01/26-23:15,5437,5446,5434,5444
 2016/01/26-23:30,5444,5452,5442,5448
 2016/01/26-09:15,5447,5454,5440,5450
 2016/01/26-09:30,5451,5452,5445,5449
 2016/01/26-09:45,5449,5451,5441,5443
 2016/01/26-10:00,5443,5444,5437,5440
 2016/01/26-10:15,5440,5440,5421,5431
 2016/01/26-10:45,5432,5432,5417,5423
 2016/01/26-11:00,5422,5427,5419,5420
 2016/01/26-11:15,5420,5427,5419,5426
 2016/01/26-11:30,5427,5432,5422,5426
 2016/01/26-13:45,5426,5428,5420,5423
 2016/01/26-14:00,5423,5431,5421,5427
 2016/01/26-14:15,5427,5429,5420,5420
 2016/01/26-14:30,5420,5430,5418,5429
 2016/01/26-14:45,5429,5441,5427,5432
 2016/01/26-15:00,5432,5446,5432,5444
 2016/01/27-21:15,5455,5455,5437,5438
 2016/01/27-21:30,5438,5439,5434,5436
 2016/01/27-21:45,5436,5443,5432,5434
 2016/01/27-22:00,5433,5438,5433,5438
 2016/01/27-22:15,5437,5446,5435,5444
 2016/01/27-22:30,5445,5445,5437,5439
 2016/01/27-22:45,5438,5445,5438,5444
 2016/01/27-23:00,5444,5448,5441,5444
 2016/01/27-23:15,5444,5449,5443,5445
 2016/01/27-23:30,5444,5448,5442,5446
 2016/01/27-09:15,5442,5450,5434,5449
 2016/01/27-09:30,5449,5473,5449,5459
 2016/01/27-09:45,5459,5462,5457,5460
 2016/01/27-10:00,5460,5460,5402,5406
 2016/01/27-10:15,5407,5407,5384,5391
 2016/01/27-10:45,5390,5401,5389,5393
 2016/01/27-11:00,5394,5396,5390,5391
 2016/01/27-11:15,5391,5402,5391,5399
 2016/01/27-11:30,5399,5407,5397,5401
 2016/01/27-13:45,5402,5407,5398,5406
 2016/01/27-14:00,5407,5418,5405,5417
 2016/01/27-14:15,5417,5418,5409,5416
 2016/01/27-14:30,5416,5452,5415,5448
 2016/01/27-14:45,5448,5455,5442,5453
 2016/01/27-15:00,5453,5467,5452,5462
 2016/01/28-21:15,5452,5457,5444,5445
 2016/01/28-21:30,5445,5460,5439,5455
 2016/01/28-21:45,5455,5458,5453,5455
 2016/01/28-22:00,5455,5457,5452,5454
 2016/01/28-22:15,5454,5454,5445,5447
 2016/01/28-22:30,5446,5456,5446,5449
 2016/01/28-22:45,5449,5451,5446,5447
 2016/01/28-23:00,5447,5452,5447,5450
 2016/01/28-23:15,5450,5452,5443,5445
 2016/01/28-23:30,5444,5451,5441,5448
 2016/01/28-09:15,5446,5449,5433,5443
 2016/01/28-09:30,5444,5444,5426,5431
 2016/01/28-09:45,5431,5445,5428,5443
 2016/01/28-10:00,5443,5447,5440,5447
 2016/01/28-10:15,5447,5451,5438,5443
 2016/01/28-10:45,5444,5445,5441,5444
 2016/01/28-11:00,5443,5444,5437,5442
 2016/01/28-11:15,5441,5450,5436,5439
 2016/01/28-11:30,5439,5445,5437,5444
 2016/01/28-13:45,5443,5443,5433,5433
 2016/01/28-14:00,5433,5437,5428,5431
 2016/01/28-14:15,5430,5436,5426,5431
 2016/01/28-14:30,5430,5433,5423,5429
 2016/01/28-14:45,5428,5432,5423,5425
 2016/01/28-15:00,5424,5432,5424,5431
 2016/01/29-21:15,5430,5439,5424,5433
 2016/01/29-21:30,5433,5436,5428,5429
 2016/01/29-21:45,5430,5436,5427,5434
 2016/01/29-22:00,5433,5436,5432,5434
 2016/01/29-22:15,5434,5438,5426,5435
 2016/01/29-22:30,5434,5447,5433,5438
 2016/01/29-22:45,5437,5439,5433,5437
 2016/01/29-23:00,5437,5442,5436,5438
 2016/01/29-23:15,5438,5439,5432,5435
 2016/01/29-23:30,5435,5435,5409,5411
 2016/01/29-09:15,5412,5417,5404,5417
 2016/01/29-09:30,5417,5417,5412,5413
 2016/01/29-09:45,5412,5417,5411,5414
 2016/01/29-10:00,5414,5414,5398,5406
 2016/01/29-10:15,5405,5412,5403,5409
 2016/01/29-10:45,5409,5414,5406,5412
 2016/01/29-11:00,5413,5414,5405,5409
 2016/01/29-11:15,5409,5409,5395,5402
 2016/01/29-11:30,5402,5405,5393,5395
 2016/01/29-13:45,5396,5407,5395,5406
 2016/01/29-14:00,5406,5412,5405,5409
 2016/01/29-14:15,5409,5416,5408,5414
 2016/01/29-14:30,5414,5414,5406,5408
 2016/01/29-14:45,5409,5411,5404,5407
 2016/01/29-15:00,5406,5407,5382,5387
 2016/02/01-21:15,5394,5399,5387,5397
 2016/02/01-21:30,5396,5401,5385,5391
 2016/02/01-21:45,5391,5393,5379,5379
 2016/02/01-22:00,5379,5388,5379,5385
 2016/02/01-22:15,5386,5388,5380,5385
 2016/02/01-22:30,5384,5387,5382,5387
 2016/02/01-22:45,5386,5397,5385,5387
 2016/02/01-23:00,5387,5393,5378,5380
 2016/02/01-23:15,5380,5398,5379,5394
 2016/02/01-23:30,5393,5395,5388,5392
 2016/02/01-09:15,5391,5404,5386,5399
 2016/02/01-09:30,5399,5409,5397,5403
 2016/02/01-09:45,5403,5403,5395,5399
 2016/02/01-10:00,5398,5402,5397,5400
 2016/02/01-10:15,5399,5402,5392,5395
 2016/02/01-10:45,5395,5397,5392,5393
 2016/02/01-11:00,5393,5393,5385,5389
 2016/02/01-11:15,5390,5390,5383,5387
 2016/02/01-11:30,5386,5389,5376,5379
 2016/02/01-13:45,5379,5383,5367,5369
 2016/02/01-14:00,5369,5373,5361,5363
 2016/02/01-14:15,5362,5368,5359,5364
 2016/02/01-14:30,5364,5367,5358,5365
 2016/02/01-14:45,5364,5364,5357,5362
 2016/02/01-15:00,5360,5372,5358,5370
 2016/02/02-21:15,5369,5375,5356,5361
 2016/02/02-21:30,5361,5368,5358,5367
 2016/02/02-21:45,5366,5370,5363,5369
 2016/02/02-22:00,5369,5371,5364,5365
 2016/02/02-22:15,5365,5368,5364,5367
 2016/02/02-22:30,5368,5371,5367,5370
 2016/02/02-22:45,5370,5379,5369,5378
 2016/02/02-23:00,5377,5381,5376,5378
 2016/02/02-23:15,5378,5380,5373,5376
 2016/02/02-23:30,5376,5386,5375,5383
 2016/02/02-09:15,5364,5375,5357,5359
 2016/02/02-09:30,5359,5366,5358,5364
 2016/02/02-09:45,5364,5367,5359,5361
 2016/02/02-10:00,5361,5373,5360,5368
 2016/02/02-10:15,5368,5372,5366,5369
 2016/02/02-10:45,5369,5370,5362,5368
 2016/02/02-11:00,5368,5370,5364,5367
 2016/02/02-11:15,5367,5368,5363,5364
 2016/02/02-11:30,5364,5366,5363,5364
 2016/02/02-13:45,5363,5373,5363,5371
 2016/02/02-14:00,5371,5377,5370,5370
 2016/02/02-14:15,5371,5372,5364,5367
 2016/02/02-14:30,5367,5374,5365,5372
 2016/02/02-14:45,5372,5375,5369,5374
 2016/02/02-15:00,5374,5386,5374,5384
 2016/02/03-21:15,5385,5393,5376,5378
 2016/02/03-21:30,5378,5381,5374,5375
 2016/02/03-21:45,5376,5376,5371,5375
 2016/02/03-22:00,5374,5381,5374,5379
 2016/02/03-22:15,5378,5387,5378,5383
 2016/02/03-22:30,5384,5387,5381,5385
 2016/02/03-22:45,5385,5390,5382,5386
 2016/02/03-23:00,5386,5389,5386,5388
 2016/02/03-23:15,5389,5391,5385,5388
 2016/02/03-23:30,5387,5391,5383,5389
 2016/02/03-09:15,5392,5408,5382,5403
 2016/02/03-09:30,5403,5404,5391,5394
 2016/02/03-09:45,5395,5398,5388,5392
 2016/02/03-10:00,5392,5396,5390,5394
 2016/02/03-10:15,5394,5399,5394,5397
 2016/02/03-10:45,5396,5398,5393,5394
 2016/02/03-11:00,5395,5395,5373,5377
 2016/02/03-11:15,5377,5382,5374,5378
 2016/02/03-11:30,5378,5385,5378,5379
 2016/02/03-13:45,5381,5402,5376,5395
 2016/02/03-14:00,5395,5396,5388,5389
 2016/02/03-14:15,5389,5395,5388,5393
 2016/02/03-14:30,5392,5405,5392,5404
 2016/02/03-14:45,5404,5404,5390,5394
 2016/02/03-15:00,5394,5396,5386,5387
 2016/02/04-21:15,5391,5394,5378,5379
 2016/02/04-21:30,5378,5383,5371,5383
 2016/02/04-21:45,5382,5383,5372,5375
 2016/02/04-22:00,5374,5377,5371,5377
 2016/02/04-22:15,5377,5380,5374,5377
 2016/02/04-22:30,5378,5382,5376,5378
 2016/02/04-22:45,5377,5379,5369,5370
 2016/02/04-23:00,5370,5373,5366,5367
 2016/02/04-23:15,5366,5372,5365,5367
 2016/02/04-23:30,5368,5370,5363,5364
 2016/02/04-09:15,5364,5380,5364,5379
 2016/02/04-09:30,5379,5397,5379,5396
 2016/02/04-09:45,5398,5401,5392,5395
 2016/02/04-10:00,5395,5395,5389,5390
 2016/02/04-10:15,5391,5397,5387,5389
 2016/02/04-10:45,5389,5395,5388,5392
 2016/02/04-11:00,5391,5393,5384,5389
 2016/02/04-11:15,5388,5392,5386,5391
 2016/02/04-11:30,5391,5396,5388,5396
 2016/02/04-13:45,5396,5400,5391,5392
 2016/02/04-14:00,5392,5398,5390,5397
 2016/02/04-14:15,5397,5400,5391,5395
 2016/02/04-14:30,5395,5396,5392,5393
 2016/02/04-14:45,5393,5414,5391,5413
 2016/02/04-15:00,5414,5430,5409,5411
 2016/02/05-21:15,5409,5421,5404,5409
 2016/02/05-21:30,5409,5410,5404,5407
 2016/02/05-21:45,5407,5409,5393,5396
 2016/02/05-22:00,5396,5398,5392,5396
 2016/02/05-22:15,5395,5402,5394,5399
 2016/02/05-22:30,5399,5402,5397,5398
 2016/02/05-22:45,5397,5403,5397,5397
 2016/02/05-23:00,5397,5400,5394,5399
 2016/02/05-23:15,5400,5401,5397,5399
 2016/02/05-23:30,5399,5403,5397,5398
 2016/02/05-09:15,5398,5399,5394,5394
 2016/02/05-09:30,5394,5397,5392,5395
 2016/02/05-09:45,5395,5410,5395,5404
 2016/02/05-10:00,5405,5407,5403,5405
 2016/02/05-10:15,5406,5406,5402,5404
 2016/02/05-10:45,5404,5404,5396,5397
 2016/02/05-11:00,5397,5399,5395,5398
 2016/02/05-11:15,5397,5401,5396,5401
 2016/02/05-11:30,5401,5406,5400,5404
 2016/02/05-13:45,5404,5419,5402,5415
 2016/02/05-14:00,5415,5418,5412,5413
 2016/02/05-14:15,5414,5414,5404,5408
 2016/02/05-14:30,5408,5416,5406,5414
 2016/02/05-14:45,5415,5427,5412,5425
 2016/02/05-15:00,5425,5433,5410,5433
 2016/02/15-21:15,5408,5408,5408,5408
 2016/02/15-21:30,5408,5408,5408,5408
 2016/02/15-21:45,5408,5408,5408,5408
 2016/02/15-22:00,5408,5408,5408,5408
 2016/02/15-22:15,5408,5408,5408,5408
 2016/02/15-22:30,5408,5408,5408,5408
 2016/02/15-22:45,5408,5408,5408,5408
 2016/02/15-23:00,5408,5408,5408,5408
 2016/02/15-23:15,5408,5408,5408,5408
 2016/02/15-23:30,5408,5430,5408,5430
 2016/02/15-09:15,5430,5460,5412,5426
 2016/02/15-09:30,5427,5438,5422,5437
 2016/02/15-09:45,5436,5440,5428,5430
 2016/02/15-10:00,5430,5435,5426,5426
 2016/02/15-10:15,5426,5429,5422,5425
 2016/02/15-10:45,5425,5431,5422,5425
 2016/02/15-11:00,5426,5430,5425,5427
 2016/02/15-11:15,5427,5429,5423,5425
 2016/02/15-11:30,5425,5426,5419,5421
 2016/02/15-13:45,5422,5437,5422,5432
 2016/02/15-14:00,5433,5436,5426,5430
 2016/02/15-14:15,5431,5431,5411,5417
 2016/02/15-14:30,5418,5418,5405,5405
 2016/02/15-14:45,5405,5408,5393,5396
 2016/02/15-15:00,5396,5405,5395,5399
 2016/02/16-21:15,5400,5408,5387,5389
 2016/02/16-21:30,5389,5394,5386,5392
 2016/02/16-21:45,5392,5393,5388,5392
 2016/02/16-22:00,5392,5395,5388,5391
 2016/02/16-22:15,5391,5395,5390,5394
 2016/02/16-22:30,5394,5395,5384,5388
 2016/02/16-22:45,5389,5393,5387,5391
 2016/02/16-23:00,5392,5399,5391,5396
 2016/02/16-23:15,5395,5396,5391,5393
 2016/02/16-23:30,5393,5395,5389,5393
 2016/02/16-09:15,5393,5406,5393,5404
 2016/02/16-09:30,5403,5405,5398,5399
 2016/02/16-09:45,5398,5400,5375,5379
 2016/02/16-10:00,5379,5384,5377,5384
 2016/02/16-10:15,5383,5383,5378,5379
 2016/02/16-10:45,5380,5406,5375,5403
 2016/02/16-11:00,5404,5416,5402,5403
 2016/02/16-11:15,5402,5404,5399,5402
 2016/02/16-11:30,5403,5405,5399,5405
 2016/02/16-13:45,5405,5406,5394,5396
 2016/02/16-14:00,5396,5396,5384,5385
 2016/02/16-14:15,5385,5385,5377,5379
 2016/02/16-14:30,5378,5379,5358,5368
 2016/02/16-14:45,5367,5370,5348,5349
 2016/02/16-15:00,5349,5355,5346,5353
 2016/02/17-21:15,5355,5361,5340,5343
 2016/02/17-21:30,5342,5347,5340,5345
 2016/02/17-21:45,5344,5349,5338,5339
 2016/02/17-22:00,5340,5343,5337,5343
 2016/02/17-22:15,5343,5345,5340,5343
 2016/02/17-22:30,5342,5344,5337,5339
 2016/02/17-22:45,5339,5344,5338,5339
 2016/02/17-23:00,5339,5340,5335,5339
 2016/02/17-23:15,5339,5345,5337,5341
 2016/02/17-23:30,5342,5344,5339,5340
 2016/02/17-09:15,5341,5357,5337,5352
 2016/02/17-09:30,5351,5352,5342,5346
 2016/02/17-09:45,5345,5345,5337,5344
 2016/02/17-10:00,5345,5351,5335,5341
 2016/02/17-10:15,5342,5342,5331,5341
 2016/02/17-10:45,5340,5342,5337,5340
 2016/02/17-11:00,5340,5343,5337,5340
 2016/02/17-11:15,5340,5340,5332,5335
 2016/02/17-11:30,5335,5336,5326,5329
 2016/02/17-13:45,5328,5333,5324,5326
 2016/02/17-14:00,5327,5331,5307,5311
 2016/02/17-14:15,5310,5315,5307,5310
 2016/02/17-14:30,5309,5313,5306,5310
 2016/02/17-14:45,5310,5322,5307,5319
 2016/02/17-15:00,5319,5324,5309,5311
 2016/02/18-21:15,5309,5327,5307,5325
 2016/02/18-21:30,5324,5326,5318,5320
 2016/02/18-21:45,5320,5321,5315,5320
 2016/02/18-22:00,5320,5323,5318,5321
 2016/02/18-22:15,5321,5323,5317,5318
 2016/02/18-22:30,5319,5319,5315,5316
 2016/02/18-22:45,5316,5325,5315,5324
 2016/02/18-23:00,5324,5326,5321,5322
 2016/02/18-23:15,5321,5326,5321,5324
 2016/02/18-23:30,5324,5326,5322,5324
 2016/02/18-09:15,5325,5336,5323,5330
 2016/02/18-09:30,5331,5342,5330,5337
 2016/02/18-09:45,5337,5338,5328,5331
 2016/02/18-10:00,5331,5331,5318,5319
 2016/02/18-10:15,5319,5324,5319,5321
 2016/02/18-10:45,5321,5328,5318,5326
 2016/02/18-11:00,5326,5328,5322,5327
 2016/02/18-11:15,5327,5333,5324,5332
 2016/02/18-11:30,5332,5334,5328,5331
 2016/02/18-13:45,5332,5334,5326,5329
 2016/02/18-14:00,5329,5330,5324,5326
 2016/02/18-14:15,5326,5329,5325,5326
 2016/02/18-14:30,5326,5327,5317,5322
 2016/02/18-14:45,5321,5324,5318,5320
 2016/02/18-15:00,5320,5324,5310,5310
 2016/02/19-21:15,5318,5332,5314,5328
 2016/02/19-21:30,5328,5331,5325,5328
 2016/02/19-21:45,5328,5329,5322,5323
 2016/02/19-22:00,5323,5332,5322,5329
 2016/02/19-22:15,5329,5331,5325,5328
 2016/02/19-22:30,5328,5330,5322,5323
 2016/02/19-22:45,5322,5325,5320,5321
 2016/02/19-23:00,5322,5324,5320,5321
 2016/02/19-23:15,5321,5323,5319,5323
 2016/02/19-23:30,5322,5323,5319,5320
 2016/02/19-09:15,5313,5316,5306,5310
 2016/02/19-09:30,5310,5310,5297,5307
 2016/02/19-09:45,5308,5314,5304,5311
 2016/02/19-10:00,5311,5311,5305,5311
 2016/02/19-10:15,5311,5318,5309,5315
 2016/02/19-10:45,5316,5338,5315,5336
 2016/02/19-11:00,5337,5348,5331,5332
 2016/02/19-11:15,5332,5339,5331,5336
 2016/02/19-11:30,5336,5342,5334,5339
 2016/02/19-13:45,5340,5347,5340,5340
 2016/02/19-14:00,5341,5354,5338,5350
 2016/02/19-14:15,5349,5359,5340,5345
 2016/02/19-14:30,5345,5347,5341,5345
 2016/02/19-14:45,5346,5351,5341,5345
 2016/02/19-15:00,5345,5358,5344,5354
 2016/02/22-21:15,5348,5352,5343,5350
 2016/02/22-21:30,5350,5351,5340,5342
 2016/02/22-21:45,5341,5345,5341,5342
 2016/02/22-22:00,5342,5349,5340,5348
 2016/02/22-22:15,5348,5354,5345,5349
 2016/02/22-22:30,5349,5352,5347,5351
 2016/02/22-22:45,5351,5354,5346,5349
 2016/02/22-23:00,5349,5354,5349,5353
 2016/02/22-23:15,5352,5355,5347,5352
 2016/02/22-23:30,5353,5356,5348,5353
 2016/02/22-09:15,5354,5365,5344,5347
 2016/02/22-09:30,5347,5348,5323,5324
 2016/02/22-09:45,5323,5326,5318,5323
 2016/02/22-10:00,5323,5325,5319,5322
 2016/02/22-10:15,5321,5327,5318,5323
 2016/02/22-10:45,5323,5328,5320,5327
 2016/02/22-11:00,5326,5334,5325,5333
 2016/02/22-11:15,5332,5336,5327,5329
 2016/02/22-11:30,5328,5329,5320,5324
 2016/02/22-13:45,5324,5333,5324,5327
 2016/02/22-14:00,5326,5328,5324,5325
 2016/02/22-14:15,5325,5338,5324,5333
 2016/02/22-14:30,5333,5342,5333,5337
 2016/02/22-14:45,5337,5345,5335,5338
 2016/02/22-15:00,5339,5348,5337,5346
 2016/02/23-21:15,5348,5353,5340,5349
 2016/02/23-21:30,5349,5357,5346,5350
 2016/02/23-21:45,5350,5356,5349,5353
 2016/02/23-22:00,5354,5361,5353,5355
 2016/02/23-22:15,5355,5357,5352,5354
 2016/02/23-22:30,5354,5361,5354,5357
 2016/02/23-22:45,5357,5364,5356,5360
 2016/02/23-23:00,5360,5370,5359,5364
 2016/02/23-23:15,5366,5369,5363,5366
 2016/02/23-23:30,5365,5379,5364,5377
 2016/02/23-09:15,5380,5383,5365,5376
 2016/02/23-09:30,5375,5386,5372,5380
 2016/02/23-09:45,5379,5382,5372,5373
 2016/02/23-10:00,5374,5375,5366,5372
 2016/02/23-10:15,5371,5378,5371,5377
 2016/02/23-10:45,5376,5382,5376,5377
 2016/02/23-11:00,5377,5389,5375,5383
 2016/02/23-11:15,5382,5393,5382,5388
 2016/02/23-11:30,5388,5388,5379,5382
 2016/02/23-13:45,5382,5389,5373,5374
 2016/02/23-14:00,5375,5378,5373,5376
 2016/02/23-14:15,5375,5379,5374,5377
 2016/02/23-14:30,5378,5386,5370,5372
 2016/02/23-14:45,5372,5381,5371,5381
 2016/02/23-15:00,5381,5388,5379,5385
 2016/02/24-21:15,5400,5419,5399,5418
 2016/02/24-21:30,5417,5433,5416,5432
 2016/02/24-21:45,5432,5445,5432,5435
 2016/02/24-22:00,5435,5437,5429,5436
 2016/02/24-22:15,5436,5438,5431,5432
 2016/02/24-22:30,5432,5436,5430,5434
 2016/02/24-22:45,5433,5437,5431,5433
 2016/02/24-23:00,5434,5436,5433,5434
 2016/02/24-23:15,5435,5439,5426,5428
 2016/02/24-23:30,5428,5428,5419,5425
 2016/02/24-09:15,5439,5448,5430,5433
 2016/02/24-09:30,5433,5437,5425,5434
 2016/02/24-09:45,5434,5442,5433,5437
 2016/02/24-10:00,5438,5440,5432,5440
 2016/02/24-10:15,5440,5447,5439,5444
 2016/02/24-10:45,5445,5452,5440,5444
 2016/02/24-11:00,5443,5445,5431,5433
 2016/02/24-11:15,5433,5446,5433,5441
 2016/02/24-11:30,5441,5444,5435,5437
 2016/02/24-13:45,5436,5437,5425,5426
 2016/02/24-14:00,5426,5434,5425,5433
 2016/02/24-14:15,5433,5438,5431,5434
 2016/02/24-14:30,5434,5439,5432,5434
 2016/02/24-14:45,5435,5443,5434,5439
 2016/02/24-15:00,5438,5443,5433,5434
 2016/02/25-21:15,5428,5428,5413,5419
 2016/02/25-21:30,5419,5422,5417,5417
 2016/02/25-21:45,5417,5421,5416,5417
 2016/02/25-22:00,5418,5423,5416,5423
 2016/02/25-22:15,5422,5429,5422,5429
 2016/02/25-22:30,5429,5429,5420,5425
 2016/02/25-22:45,5425,5438,5423,5438
 2016/02/25-23:00,5437,5440,5434,5440
 2016/02/25-23:15,5440,5441,5436,5441
 2016/02/25-23:30,5441,5442,5427,5437
 2016/02/25-09:15,5438,5439,5428,5432
 2016/02/25-09:30,5432,5436,5424,5434
 2016/02/25-09:45,5434,5436,5428,5430
 2016/02/25-10:00,5431,5436,5430,5435
 2016/02/25-10:15,5436,5437,5433,5434
 2016/02/25-10:45,5434,5435,5429,5431
 2016/02/25-11:00,5430,5432,5427,5430
 2016/02/25-11:15,5429,5432,5424,5425
 2016/02/25-11:30,5424,5430,5422,5425
 2016/02/25-13:45,5425,5428,5421,5426
 2016/02/25-14:00,5426,5428,5425,5426
 2016/02/25-14:15,5426,5429,5424,5424
 2016/02/25-14:30,5425,5427,5419,5420
 2016/02/25-14:45,5419,5422,5410,5412
 2016/02/25-15:00,5411,5420,5408,5411
 2016/02/26-21:15,5411,5428,5409,5427
 2016/02/26-21:30,5427,5437,5425,5435
 2016/02/26-21:45,5436,5436,5430,5434
 2016/02/26-22:00,5433,5434,5429,5431
 2016/02/26-22:15,5431,5436,5426,5430
 2016/02/26-22:30,5430,5435,5428,5431
 2016/02/26-22:45,5430,5434,5419,5420
 2016/02/26-23:00,5419,5425,5418,5424
 2016/02/26-23:15,5424,5425,5413,5420
 2016/02/26-23:30,5420,5423,5419,5422
 2016/02/26-09:15,5426,5442,5426,5436
 2016/02/26-09:30,5436,5439,5431,5437
 2016/02/26-09:45,5439,5440,5433,5435
 2016/02/26-10:00,5435,5436,5420,5422
 2016/02/26-10:15,5422,5424,5416,5424
 2016/02/26-10:45,5424,5425,5420,5422
 2016/02/26-11:00,5421,5427,5421,5426
 2016/02/26-11:15,5427,5433,5424,5430
 2016/02/26-11:30,5431,5437,5430,5437
 2016/02/26-13:45,5434,5435,5423,5427
 2016/02/26-14:00,5427,5429,5421,5426
 2016/02/26-14:15,5426,5431,5423,5424
 2016/02/26-14:30,5424,5429,5423,5428
 2016/02/26-14:45,5428,5434,5421,5422
 2016/02/26-15:00,5421,5425,5419,5420
 2016/02/29-21:15,5425,5430,5417,5419
 2016/02/29-21:30,5419,5436,5419,5431
 2016/02/29-21:45,5432,5435,5428,5432
 2016/02/29-22:00,5431,5437,5430,5434
 2016/02/29-22:15,5435,5438,5428,5428
 2016/02/29-22:30,5428,5432,5419,5421
 2016/02/29-22:45,5422,5424,5416,5420
 2016/02/29-23:00,5419,5420,5394,5401
 2016/02/29-23:15,5401,5401,5374,5382
 2016/02/29-23:30,5382,5382,5355,5355
 2016/02/29-09:15,5355,5366,5348,5360
 2016/02/29-09:30,5361,5365,5349,5364
 2016/02/29-09:45,5364,5364,5343,5352
 2016/02/29-10:00,5352,5357,5349,5353
 2016/02/29-10:15,5353,5367,5349,5364
 2016/02/29-10:45,5364,5364,5354,5355
 2016/02/29-11:00,5355,5356,5348,5350
 2016/02/29-11:15,5350,5354,5345,5353
 2016/02/29-11:30,5352,5354,5344,5348
 2016/02/29-13:45,5347,5350,5341,5344
 2016/02/29-14:00,5344,5350,5341,5346
 2016/02/29-14:15,5346,5346,5339,5339
 2016/02/29-14:30,5339,5344,5327,5327
 2016/02/29-14:45,5327,5342,5320,5335
 2016/02/29-15:00,5335,5340,5320,5338
 2016/03/01-21:15,5459,5460,5441,5449
 2016/03/01-21:30,5450,5452,5439,5443
 2016/03/01-21:45,5442,5456,5442,5455
 2016/03/01-22:00,5456,5458,5452,5454
 2016/03/01-22:15,5454,5457,5440,5443
 2016/03/01-22:30,5443,5447,5439,5444
 2016/03/01-22:45,5444,5446,5427,5432
 2016/03/01-23:00,5433,5441,5430,5439
 2016/03/01-23:15,5438,5438,5431,5433
 2016/03/01-23:30,5434,5437,5428,5430
 2016/03/01-09:15,5434,5463,5434,5460
 2016/03/01-09:30,5460,5474,5458,5467
 2016/03/01-09:45,5469,5472,5462,5463
 2016/03/01-10:00,5463,5467,5456,5461
 2016/03/01-10:15,5461,5461,5446,5448
 2016/03/01-10:45,5448,5455,5447,5450
 2016/03/01-11:00,5449,5451,5442,5446
 2016/03/01-11:15,5445,5446,5441,5444
 2016/03/01-11:30,5444,5447,5440,5440
 2016/03/01-13:45,5441,5474,5440,5462
 2016/03/01-14:00,5462,5473,5454,5472
 2016/03/01-14:15,5472,5477,5462,5470
 2016/03/01-14:30,5469,5473,5465,5466
 2016/03/01-14:45,5466,5471,5463,5467
 2016/03/01-15:00,5466,5473,5463,5466
 2016/03/02-21:15,5474,5474,5439,5446
 2016/03/02-21:30,5446,5450,5444,5447
 2016/03/02-21:45,5447,5472,5446,5470
 2016/03/02-22:00,5470,5478,5467,5469
 2016/03/02-22:15,5470,5474,5469,5470
 2016/03/02-22:30,5471,5496,5471,5480
 2016/03/02-22:45,5480,5481,5471,5477
 2016/03/02-23:00,5477,5477,5469,5472
 2016/03/02-23:15,5471,5472,5466,5471
 2016/03/02-23:30,5470,5477,5466,5476
 2016/03/02-09:15,5482,5484,5474,5476
 2016/03/02-09:30,5475,5478,5473,5473
 2016/03/02-09:45,5473,5478,5468,5474
 2016/03/02-10:00,5474,5475,5469,5470
 2016/03/02-10:15,5470,5473,5465,5472
 2016/03/02-10:45,5471,5472,5458,5463
 2016/03/02-11:00,5462,5479,5461,5475
 2016/03/02-11:15,5476,5493,5474,5486
 2016/03/02-11:30,5487,5510,5485,5496
 2016/03/02-13:45,5496,5509,5496,5506
 2016/03/02-14:00,5507,5507,5500,5506
 2016/03/02-14:15,5506,5510,5491,5492
 2016/03/02-14:30,5492,5495,5483,5483
 2016/03/02-14:45,5484,5488,5477,5485
 2016/03/02-15:00,5485,5487,5475,5478
 2016/03/03-21:15,5473,5476,5463,5476
 2016/03/03-21:30,5475,5477,5466,5468
 2016/03/03-21:45,5469,5471,5467,5470
 2016/03/03-22:00,5471,5485,5470,5483
 2016/03/03-22:15,5483,5485,5478,5484
 2016/03/03-22:30,5484,5490,5475,5480
 2016/03/03-22:45,5481,5489,5478,5484
 2016/03/03-23:00,5484,5489,5477,5487
 2016/03/03-23:15,5487,5489,5482,5487
 2016/03/03-23:30,5486,5489,5479,5480
 2016/03/03-09:15,5480,5499,5480,5492
 2016/03/03-09:30,5493,5497,5488,5495
 2016/03/03-09:45,5496,5501,5492,5495
 2016/03/03-10:00,5496,5506,5495,5504
 2016/03/03-10:15,5504,5508,5493,5498
 2016/03/03-10:45,5498,5500,5490,5492
 2016/03/03-11:00,5491,5494,5489,5491
 2016/03/03-11:15,5490,5492,5477,5483
 2016/03/03-11:30,5483,5484,5473,5474
 2016/03/03-13:45,5474,5477,5463,5468
 2016/03/03-14:00,5468,5471,5464,5467
 2016/03/03-14:15,5467,5467,5457,5463
 2016/03/03-14:30,5462,5471,5462,5468
 2016/03/03-14:45,5467,5468,5459,5465
 2016/03/03-15:00,5465,5466,5457,5460
 2016/03/04-21:15,5460,5474,5460,5466
 2016/03/04-21:30,5467,5474,5465,5473
 2016/03/04-21:45,5473,5476,5460,5463
 2016/03/04-22:00,5463,5477,5461,5472
 2016/03/04-22:15,5473,5478,5468,5473
 2016/03/04-22:30,5473,5474,5468,5473
 2016/03/04-22:45,5470,5472,5466,5471
 2016/03/04-23:00,5471,5474,5467,5471
 2016/03/04-23:15,5471,5474,5469,5472
 2016/03/04-23:30,5472,5481,5471,5479
 2016/03/04-09:15,5480,5498,5477,5496
 2016/03/04-09:30,5495,5504,5491,5501
 2016/03/04-09:45,5502,5505,5486,5488
 2016/03/04-10:00,5487,5493,5479,5491
 2016/03/04-10:15,5492,5493,5488,5490
 2016/03/04-10:45,5491,5506,5490,5499
 2016/03/04-11:00,5499,5518,5494,5501
 2016/03/04-11:15,5500,5504,5497,5503
 2016/03/04-11:30,5503,5510,5499,5507
 2016/03/04-13:45,5508,5510,5501,5501
 2016/03/04-14:00,5502,5503,5486,5492
 2016/03/04-14:15,5490,5494,5484,5493
 2016/03/04-14:30,5493,5496,5488,5494
 2016/03/04-14:45,5494,5496,5484,5490
 2016/03/04-15:00,5490,5497,5486,5488
 2016/03/07-21:15,5494,5508,5482,5505
 2016/03/07-21:30,5505,5535,5504,5519
 2016/03/07-21:45,5520,5524,5515,5522
 2016/03/07-22:00,5522,5526,5517,5519
 2016/03/07-22:15,5519,5528,5516,5526
 2016/03/07-22:30,5526,5528,5519,5524
 2016/03/07-22:45,5524,5530,5523,5528
 2016/03/07-23:00,5529,5530,5521,5523
 2016/03/07-23:15,5524,5530,5520,5530
 2016/03/07-23:30,5529,5545,5529,5538
 2016/03/07-09:15,5542,5582,5533,5554
 2016/03/07-09:30,5554,5558,5542,5552
 2016/03/07-09:45,5553,5563,5549,5554
 2016/03/07-10:00,5554,5555,5521,5527
 2016/03/07-10:15,5526,5526,5504,5520
 2016/03/07-10:45,5521,5521,5505,5517
 2016/03/07-11:00,5517,5520,5497,5497
 2016/03/07-11:15,5496,5506,5485,5500
 2016/03/07-11:30,5499,5503,5492,5492
 2016/03/07-13:45,5493,5512,5488,5505
 2016/03/07-14:00,5505,5509,5502,5506
 2016/03/07-14:15,5506,5509,5501,5508
 2016/03/07-14:30,5508,5518,5498,5515
 2016/03/07-14:45,5514,5515,5473,5481
 2016/03/07-15:00,5480,5486,5451,5452
 2016/03/08-21:15,5450,5480,5446,5476
 2016/03/08-21:30,5475,5486,5466,5479
 2016/03/08-21:45,5479,5482,5448,5470
 2016/03/08-22:00,5470,5471,5456,5458
 2016/03/08-22:15,5458,5470,5432,5440
 2016/03/08-22:30,5442,5470,5440,5469
 2016/03/08-22:45,5471,5472,5456,5464
 2016/03/08-23:00,5464,5468,5457,5466
 2016/03/08-23:15,5467,5471,5462,5467
 2016/03/08-23:30,5466,5477,5450,5450
 2016/03/08-09:15,5451,5470,5447,5456
 2016/03/08-09:30,5457,5466,5444,5447
 2016/03/08-09:45,5447,5452,5441,5443
 2016/03/08-10:00,5442,5456,5441,5448
 2016/03/08-10:15,5448,5448,5439,5447
 2016/03/08-10:45,5447,5468,5445,5461
 2016/03/08-11:00,5460,5463,5450,5450
 2016/03/08-11:15,5451,5459,5446,5453
 2016/03/08-11:30,5454,5467,5453,5462
 2016/03/08-13:45,5462,5466,5460,5462
 2016/03/08-14:00,5462,5468,5446,5446
 2016/03/08-14:15,5446,5450,5436,5443
 2016/03/08-14:30,5443,5456,5435,5452
 2016/03/08-14:45,5452,5454,5433,5445
 2016/03/08-15:00,5445,5447,5405,5407
 2016/03/09-21:15,5408,5415,5373,5395
 2016/03/09-21:30,5395,5420,5389,5417
 2016/03/09-21:45,5417,5427,5410,5420
 2016/03/09-22:00,5420,5429,5404,5424
 2016/03/09-22:15,5424,5430,5420,5424
 2016/03/09-22:30,5424,5426,5416,5418
 2016/03/09-22:45,5418,5419,5414,5416
 2016/03/09-23:00,5416,5424,5413,5418
 2016/03/09-23:15,5417,5419,5398,5408
 2016/03/09-23:30,5408,5419,5405,5410
 2016/03/09-09:15,5411,5440,5410,5433
 2016/03/09-09:30,5433,5439,5423,5429
 2016/03/09-09:45,5428,5434,5423,5426
 2016/03/09-10:00,5426,5437,5426,5435
 2016/03/09-10:15,5435,5437,5428,5431
 2016/03/09-10:45,5431,5433,5423,5426
 2016/03/09-11:00,5425,5428,5423,5425
 2016/03/09-11:15,5425,5432,5422,5432
 2016/03/09-11:30,5432,5463,5425,5460
 2016/03/09-13:45,5460,5472,5457,5464
 2016/03/09-14:00,5464,5465,5457,5460
 2016/03/09-14:15,5460,5470,5452,5453
 2016/03/09-14:30,5453,5461,5445,5458
 2016/03/09-14:45,5459,5471,5456,5467
 2016/03/09-15:00,5467,5482,5461,5474
 2016/03/10-21:15,5481,5493,5467,5473
 2016/03/10-21:30,5473,5473,5458,5469
 2016/03/10-21:45,5469,5471,5459,5461
 2016/03/10-22:00,5461,5467,5452,5455
 2016/03/10-22:15,5455,5459,5442,5446
 2016/03/10-22:30,5446,5448,5437,5440
 2016/03/10-22:45,5440,5445,5427,5432
 2016/03/10-23:00,5432,5441,5431,5440
 2016/03/10-23:15,5441,5445,5436,5444
 2016/03/10-23:30,5443,5446,5433,5440
 2016/03/10-09:15,5440,5444,5432,5432
 2016/03/10-09:30,5432,5438,5427,5437
 2016/03/10-09:45,5437,5437,5410,5418
 2016/03/10-10:00,5417,5425,5412,5421
 2016/03/10-10:15,5422,5433,5419,5432
 2016/03/10-10:45,5432,5434,5427,5431
 2016/03/10-11:00,5430,5451,5429,5442
 2016/03/10-11:15,5443,5452,5439,5449
 2016/03/10-11:30,5449,5451,5423,5426
 2016/03/10-13:45,5427,5432,5420,5429
 2016/03/10-14:00,5429,5430,5416,5427
 2016/03/10-14:15,5429,5431,5421,5425
 2016/03/10-14:30,5425,5444,5413,5430
 2016/03/10-14:45,5431,5433,5423,5427
 2016/03/10-15:00,5427,5428,5418,5420
 2016/03/11-21:15,5427,5434,5418,5422
 2016/03/11-21:30,5422,5430,5420,5424
 2016/03/11-21:45,5424,5434,5424,5432
 2016/03/11-22:00,5433,5434,5427,5430
 2016/03/11-22:15,5431,5441,5431,5437
 2016/03/11-22:30,5438,5442,5428,5428
 2016/03/11-22:45,5428,5432,5428,5431
 2016/03/11-23:00,5431,5437,5429,5436
 2016/03/11-23:15,5436,5444,5430,5440
 2016/03/11-23:30,5440,5456,5439,5455
 2016/03/11-09:15,5455,5470,5451,5461
 2016/03/11-09:30,5461,5465,5451,5457
 2016/03/11-09:45,5458,5468,5457,5464
 2016/03/11-10:00,5464,5465,5459,5462
 2016/03/11-10:15,5463,5467,5459,5462
 2016/03/11-10:45,5463,5472,5462,5464
 2016/03/11-11:00,5464,5477,5460,5463
 2016/03/11-11:15,5463,5466,5458,5459
 2016/03/11-11:30,5459,5461,5453,5458
 2016/03/11-13:45,5458,5468,5458,5460
 2016/03/11-14:00,5461,5461,5451,5455
 2016/03/11-14:15,5455,5467,5453,5464
 2016/03/11-14:30,5464,5466,5462,5464
 2016/03/11-14:45,5463,5477,5463,5477
 2016/03/11-15:00,5476,5481,5472,5475
 2016/03/14-21:15,5480,5491,5472,5484
 2016/03/14-21:30,5484,5488,5480,5486
 2016/03/14-21:45,5487,5491,5468,5469
 2016/03/14-22:00,5468,5478,5468,5473
 2016/03/14-22:15,5473,5475,5466,5467
 2016/03/14-22:30,5467,5473,5461,5469
 2016/03/14-22:45,5468,5482,5467,5477
 2016/03/14-23:00,5476,5488,5476,5484
 2016/03/14-23:15,5484,5492,5478,5484
 2016/03/14-23:30,5484,5496,5482,5488
 2016/03/14-09:15,5488,5491,5452,5461
 2016/03/14-09:30,5459,5461,5440,5446
 2016/03/14-09:45,5445,5459,5444,5451
 2016/03/14-10:00,5451,5458,5451,5455
 2016/03/14-10:15,5456,5457,5451,5457
 2016/03/14-10:45,5457,5465,5455,5463
 2016/03/14-11:00,5462,5466,5456,5465
 2016/03/14-11:15,5466,5468,5459,5461
 2016/03/14-11:30,5461,5467,5456,5457
 2016/03/14-13:45,5457,5478,5455,5476
 2016/03/14-14:00,5476,5478,5471,5472
 2016/03/14-14:15,5473,5478,5471,5472
 2016/03/14-14:30,5473,5505,5471,5504
 2016/03/14-14:45,5503,5511,5496,5502
 2016/03/14-15:00,5502,5507,5469,5473
 2016/03/15-21:15,5480,5491,5474,5485
 2016/03/15-21:30,5485,5486,5473,5480
 2016/03/15-21:45,5480,5481,5452,5455
 2016/03/15-22:00,5455,5465,5452,5465
 2016/03/15-22:15,5465,5470,5459,5463
 2016/03/15-22:30,5463,5473,5458,5471
 2016/03/15-22:45,5471,5476,5467,5467
 2016/03/15-23:00,5467,5471,5462,5467
 2016/03/15-23:15,5468,5476,5466,5475
 2016/03/15-23:30,5475,5492,5474,5489
 2016/03/15-09:15,5498,5505,5482,5487
 2016/03/15-09:30,5487,5505,5486,5494
 2016/03/15-09:45,5494,5498,5467,5472
 2016/03/15-10:00,5473,5484,5472,5482
 2016/03/15-10:15,5481,5486,5479,5481
 2016/03/15-10:45,5481,5486,5475,5485
 2016/03/15-11:00,5485,5490,5482,5487
 2016/03/15-11:15,5487,5492,5482,5490
 2016/03/15-11:30,5491,5491,5484,5488
 2016/03/15-13:45,5489,5493,5485,5493
 2016/03/15-14:00,5492,5493,5488,5490
 2016/03/15-14:15,5490,5495,5486,5494
 2016/03/15-14:30,5494,5497,5479,5482
 2016/03/15-14:45,5482,5490,5478,5487
 2016/03/15-15:00,5487,5489,5473,5477
 2016/03/16-21:15,5470,5477,5465,5471
 2016/03/16-21:30,5470,5474,5466,5470
 2016/03/16-21:45,5470,5474,5462,5473
 2016/03/16-22:00,5472,5475,5470,5472
 2016/03/16-22:15,5472,5480,5471,5479
 2016/03/16-22:30,5479,5479,5473,5476
 2016/03/16-22:45,5477,5478,5474,5475
 2016/03/16-23:00,5476,5483,5473,5473
 2016/03/16-23:15,5473,5476,5472,5474
 2016/03/16-23:30,5474,5476,5472,5472
 2016/03/16-09:15,5478,5483,5473,5473
 2016/03/16-09:30,5473,5476,5466,5468
 2016/03/16-09:45,5468,5471,5465,5467
 2016/03/16-10:00,5467,5477,5464,5475
 2016/03/16-10:15,5475,5477,5469,5474
 2016/03/16-10:45,5474,5474,5466,5469
 2016/03/16-11:00,5468,5482,5468,5479
 2016/03/16-11:15,5479,5482,5478,5478
 2016/03/16-11:30,5478,5486,5475,5478
 2016/03/16-13:45,5478,5484,5476,5482
 2016/03/16-14:00,5482,5483,5476,5477
 2016/03/16-14:15,5477,5485,5472,5482
 2016/03/16-14:30,5483,5493,5477,5485
 2016/03/16-14:45,5485,5487,5476,5479
 2016/03/16-15:00,5479,5493,5479,5490
 2016/03/17-21:15,5487,5494,5481,5486
 2016/03/17-21:30,5485,5489,5482,5487
 2016/03/17-21:45,5488,5490,5485,5488
 2016/03/17-22:00,5488,5492,5486,5490
 2016/03/17-22:15,5491,5495,5489,5492
 2016/03/17-22:30,5493,5501,5489,5490
 2016/03/17-22:45,5490,5494,5487,5492
 2016/03/17-23:00,5493,5495,5490,5492
 2016/03/17-23:15,5493,5495,5490,5494
 2016/03/17-23:30,5494,5496,5492,5493
 2016/03/17-09:15,5496,5525,5496,5520
 2016/03/17-09:30,5520,5524,5508,5511
 2016/03/17-09:45,5511,5526,5510,5519
 2016/03/17-10:00,5520,5521,5506,5518
 2016/03/17-10:15,5518,5525,5515,5520
 2016/03/17-10:45,5518,5522,5512,5515
 2016/03/17-11:00,5515,5518,5510,5515
 2016/03/17-11:15,5515,5528,5515,5527
 2016/03/17-11:30,5527,5536,5526,5535
 2016/03/17-13:45,5535,5542,5527,5532
 2016/03/17-14:00,5532,5536,5528,5534
 2016/03/17-14:15,5533,5537,5530,5531
 2016/03/17-14:30,5531,5534,5526,5529
 2016/03/17-14:45,5530,5532,5524,5530
 2016/03/17-15:00,5530,5540,5529,5538
 2016/03/18-21:15,5544,5555,5539,5547
 2016/03/18-21:30,5547,5550,5544,5546
 2016/03/18-21:45,5546,5546,5535,5538
 2016/03/18-22:00,5537,5543,5537,5541
 2016/03/18-22:15,5541,5554,5540,5549
 2016/03/18-22:30,5549,5550,5546,5548
 2016/03/18-22:45,5548,5557,5547,5556
 2016/03/18-23:00,5556,5574,5554,5569
 2016/03/18-23:15,5569,5573,5567,5569
 2016/03/18-23:30,5568,5575,5557,5565
 2016/03/18-09:15,5568,5575,5548,5561
 2016/03/18-09:30,5560,5565,5557,5564
 2016/03/18-09:45,5564,5567,5558,5566
 2016/03/18-10:00,5566,5569,5560,5564
 2016/03/18-10:15,5564,5566,5560,5562
 2016/03/18-10:45,5564,5567,5562,5565
 2016/03/18-11:00,5565,5591,5557,5559
 2016/03/18-11:15,5560,5562,5553,5559
 2016/03/18-11:30,5558,5560,5553,5557
 2016/03/18-13:45,5556,5572,5555,5568
 2016/03/18-14:00,5569,5575,5567,5573
 2016/03/18-14:15,5573,5575,5564,5568
 2016/03/18-14:30,5568,5574,5565,5572
 2016/03/18-14:45,5572,5578,5570,5572
 2016/03/18-15:00,5572,5574,5562,5564
 2016/03/21-21:15,5562,5563,5547,5551
 2016/03/21-21:30,5551,5554,5536,5539
 2016/03/21-21:45,5540,5549,5539,5546
 2016/03/21-22:00,5546,5553,5545,5552
 2016/03/21-22:15,5552,5558,5550,5554
 2016/03/21-22:30,5553,5556,5546,5547
 2016/03/21-22:45,5548,5556,5546,5552
 2016/03/21-23:00,5553,5560,5552,5556
 2016/03/21-23:15,5557,5560,5553,5558
 2016/03/21-23:30,5558,5562,5557,5560
 2016/03/21-09:15,5555,5559,5549,5555
 2016/03/21-09:30,5554,5576,5554,5569
 2016/03/21-09:45,5569,5577,5569,5571
 2016/03/21-10:00,5570,5586,5570,5585
 2016/03/21-10:15,5585,5606,5578,5593
 2016/03/21-10:45,5594,5599,5588,5595
 2016/03/21-11:00,5595,5597,5586,5593
 2016/03/21-11:15,5594,5598,5585,5585
 2016/03/21-11:30,5585,5588,5576,5586
 2016/03/21-13:45,5588,5594,5580,5581
 2016/03/21-14:00,5581,5593,5581,5589
 2016/03/21-14:15,5590,5597,5590,5592
 2016/03/21-14:30,5592,5596,5585,5590
 2016/03/21-14:45,5590,5593,5584,5587
 2016/03/21-15:00,5587,5596,5586,5592
 2016/03/22-21:15,5592,5608,5587,5601
 2016/03/22-21:30,5601,5605,5594,5600
 2016/03/22-21:45,5600,5608,5600,5602
 2016/03/22-22:00,5603,5603,5591,5594
 2016/03/22-22:15,5593,5595,5587,5593
 2016/03/22-22:30,5592,5596,5587,5594
 2016/03/22-22:45,5594,5595,5581,5582
 2016/03/22-23:00,5582,5586,5578,5586
 2016/03/22-23:15,5585,5591,5584,5586
 2016/03/22-23:30,5586,5591,5586,5588
 2016/03/22-09:15,5597,5618,5595,5613
 2016/03/22-09:30,5612,5619,5605,5606
 2016/03/22-09:45,5606,5610,5603,5606
 2016/03/22-10:00,5606,5609,5603,5604
 2016/03/22-10:15,5603,5606,5602,5606
 2016/03/22-10:45,5606,5617,5605,5612
 2016/03/22-11:00,5611,5614,5605,5613
 2016/03/22-11:15,5614,5622,5613,5620
 2016/03/22-11:30,5620,5624,5617,5622
 2016/03/22-13:45,5622,5628,5616,5617
 2016/03/22-14:00,5617,5623,5615,5621
 2016/03/22-14:15,5621,5623,5617,5617
 2016/03/22-14:30,5617,5624,5616,5622
 2016/03/22-14:45,5622,5623,5616,5620
 2016/03/22-15:00,5620,5621,5615,5618
 2016/03/23-21:15,5616,5621,5607,5609
 2016/03/23-21:30,5609,5610,5603,5610
 2016/03/23-21:45,5609,5615,5608,5613
 2016/03/23-22:00,5614,5623,5613,5621
 2016/03/23-22:15,5621,5622,5616,5616
 2016/03/23-22:30,5617,5624,5614,5623
 2016/03/23-22:45,5622,5624,5618,5621
 2016/03/23-23:00,5621,5624,5620,5622
 2016/03/23-23:15,5622,5624,5612,5612
 2016/03/23-23:30,5612,5612,5606,5610
 2016/03/23-09:15,5617,5641,5616,5635
 2016/03/23-09:30,5635,5645,5634,5637
 2016/03/23-09:45,5637,5638,5627,5628
 2016/03/23-10:00,5628,5632,5626,5626
 2016/03/23-10:15,5626,5633,5626,5632
 2016/03/23-10:45,5632,5633,5626,5627
 2016/03/23-11:00,5627,5633,5626,5630
 2016/03/23-11:15,5630,5633,5627,5630
 2016/03/23-11:30,5630,5631,5612,5615
 2016/03/23-13:45,5615,5615,5605,5612
 2016/03/23-14:00,5611,5616,5610,5614
 2016/03/23-14:15,5614,5614,5609,5611
 2016/03/23-14:30,5610,5614,5606,5608
 2016/03/23-14:45,5609,5610,5590,5592
 2016/03/23-15:00,5592,5595,5583,5588
 2016/03/24-21:15,5588,5597,5568,5571
 2016/03/24-21:30,5570,5581,5568,5579
 2016/03/24-21:45,5578,5586,5570,5582
 2016/03/24-22:00,5582,5584,5574,5576
 2016/03/24-22:15,5577,5580,5565,5567
 2016/03/24-22:30,5566,5574,5564,5571
 2016/03/24-22:45,5571,5578,5566,5573
 2016/03/24-23:00,5573,5575,5567,5571
 2016/03/24-23:15,5571,5574,5566,5570
 2016/03/24-23:30,5569,5571,5556,5565
 2016/03/24-09:15,5571,5585,5568,5585
 2016/03/24-09:30,5584,5586,5576,5577
 2016/03/24-09:45,5577,5580,5575,5580
 2016/03/24-10:00,5580,5582,5575,5580
 2016/03/24-10:15,5579,5584,5576,5582
 2016/03/24-10:45,5583,5595,5578,5594
 2016/03/24-11:00,5593,5594,5581,5583
 2016/03/24-11:15,5583,5585,5580,5580
 2016/03/24-11:30,5580,5595,5579,5595
 2016/03/24-13:45,5594,5604,5591,5597
 2016/03/24-14:00,5598,5608,5597,5604
 2016/03/24-14:15,5604,5604,5591,5596
 2016/03/24-14:30,5596,5597,5591,5593
 2016/03/24-14:45,5592,5592,5583,5585
 2016/03/24-15:00,5585,5586,5574,5579
 2016/03/25-21:15,5553,5571,5541,5563
 2016/03/25-21:30,5564,5572,5563,5570
 2016/03/25-21:45,5571,5578,5569,5576
 2016/03/25-22:00,5575,5579,5567,5577
 2016/03/25-22:15,5576,5577,5568,5570
 2016/03/25-22:30,5571,5572,5567,5572
 2016/03/25-22:45,5571,5573,5568,5572
 2016/03/25-23:00,5572,5572,5562,5564
 2016/03/25-23:15,5565,5570,5564,5568
 2016/03/25-23:30,5568,5571,5568,5570
 2016/03/25-09:15,5553,5581,5552,5580
 2016/03/25-09:30,5580,5590,5576,5586
 2016/03/25-09:45,5586,5591,5583,5584
 2016/03/25-10:00,5584,5592,5583,5591
 2016/03/25-10:15,5592,5593,5584,5588
 2016/03/25-10:45,5587,5592,5586,5590
 2016/03/25-11:00,5590,5593,5585,5585
 2016/03/25-11:15,5585,5594,5584,5593
 2016/03/25-11:30,5593,5596,5587,5591
 2016/03/25-13:45,5591,5602,5591,5598
 2016/03/25-14:00,5598,5608,5597,5597
 2016/03/25-14:15,5598,5603,5589,5591
 2016/03/25-14:30,5591,5598,5590,5597
 2016/03/25-14:45,5598,5603,5595,5602
 2016/03/25-15:00,5602,5606,5601,5605
 2016/03/28-21:15,5610,5615,5601,5603
 2016/03/28-21:30,5603,5608,5598,5600
 2016/03/28-21:45,5600,5601,5592,5595
 2016/03/28-22:00,5595,5597,5586,5591
 2016/03/28-22:15,5592,5595,5590,5595
 2016/03/28-22:30,5594,5597,5591,5592
 2016/03/28-22:45,5592,5598,5592,5596
 2016/03/28-23:00,5595,5598,5593,5597
 2016/03/28-23:15,5596,5603,5594,5596
 2016/03/28-23:30,5596,5601,5593,5598
 2016/03/28-09:15,5594,5619,5594,5619
 2016/03/28-09:30,5619,5620,5608,5613
 2016/03/28-09:45,5613,5619,5611,5614
 2016/03/28-10:00,5615,5617,5611,5617
 2016/03/28-10:15,5616,5618,5604,5611
 2016/03/28-10:45,5612,5622,5611,5619
 2016/03/28-11:00,5619,5621,5613,5614
 2016/03/28-11:15,5615,5625,5614,5619
 2016/03/28-11:30,5618,5619,5610,5613
 2016/03/28-13:45,5613,5615,5608,5612
 2016/03/28-14:00,5612,5615,5611,5613
 2016/03/28-14:15,5613,5613,5601,5601
 2016/03/28-14:30,5601,5606,5586,5591
 2016/03/28-14:45,5591,5595,5584,5593
 2016/03/28-15:00,5593,5594,5583,5586
 2016/03/29-21:15,5594,5605,5589,5598
 2016/03/29-21:30,5599,5602,5595,5596
 2016/03/29-21:45,5596,5603,5596,5597
 2016/03/29-22:00,5597,5611,5597,5610
 2016/03/29-22:15,5609,5611,5601,5602
 2016/03/29-22:30,5603,5605,5600,5603
 2016/03/29-22:45,5604,5609,5602,5606
 2016/03/29-23:00,5606,5617,5604,5616
 2016/03/29-23:15,5616,5619,5614,5616
 2016/03/29-23:30,5615,5621,5612,5616
 2016/03/29-09:15,5611,5613,5604,5610
 2016/03/29-09:30,5610,5613,5591,5593
 2016/03/29-09:45,5594,5594,5584,5588
 2016/03/29-10:00,5588,5589,5563,5567
 2016/03/29-10:15,5567,5576,5556,5576
 2016/03/29-10:45,5575,5576,5566,5569
 2016/03/29-11:00,5568,5570,5564,5566
 2016/03/29-11:15,5565,5571,5564,5570
 2016/03/29-11:30,5569,5570,5558,5558
 2016/03/29-13:45,5559,5565,5553,5562
 2016/03/29-14:00,5562,5564,5555,5559
 2016/03/29-14:15,5559,5560,5553,5558
 2016/03/29-14:30,5558,5561,5557,5561
 2016/03/29-14:45,5561,5561,5551,5554
 2016/03/29-15:00,5554,5561,5552,5557
 2016/03/30-21:15,5555,5568,5554,5566
 2016/03/30-21:30,5567,5572,5565,5569
 2016/03/30-21:45,5570,5571,5562,5562
 2016/03/30-22:00,5563,5564,5558,5562
 2016/03/30-22:15,5562,5565,5560,5563
 2016/03/30-22:30,5562,5565,5559,5565
 2016/03/30-22:45,5564,5566,5562,5562
 2016/03/30-23:00,5562,5563,5550,5552
 2016/03/30-23:15,5552,5561,5548,5555
 2016/03/30-23:30,5554,5569,5554,5567
 2016/03/30-09:15,5567,5575,5567,5570
 2016/03/30-09:30,5570,5573,5568,5570
 2016/03/30-09:45,5571,5574,5570,5570
 2016/03/30-10:00,5570,5572,5565,5568
 2016/03/30-10:15,5568,5572,5567,5572
 2016/03/30-10:45,5572,5574,5568,5568
 2016/03/30-11:00,5568,5570,5566,5568
 2016/03/30-11:15,5568,5568,5558,5559
 2016/03/30-11:30,5559,5572,5558,5572
 2016/03/30-13:45,5572,5579,5570,5573
 2016/03/30-14:00,5573,5578,5572,5575
 2016/03/30-14:15,5575,5585,5572,5576
 2016/03/30-14:30,5577,5583,5575,5582
 2016/03/30-14:45,5582,5584,5579,5581
 2016/03/30-15:00,5582,5584,5575,5577
 2016/03/31-21:15,5590,5590,5579,5582
 2016/03/31-21:30,5581,5584,5577,5580
 2016/03/31-21:45,5580,5584,5580,5583
 2016/03/31-22:00,5583,5587,5578,5581
 2016/03/31-22:15,5582,5584,5577,5584
 2016/03/31-22:30,5584,5590,5582,5585
 2016/03/31-22:45,5585,5589,5581,5584
 2016/03/31-23:00,5584,5585,5579,5585
 2016/03/31-23:15,5585,5586,5579,5580
 2016/03/31-23:30,5580,5582,5569,5572
 2016/03/31-09:15,5573,5573,5556,5560
 2016/03/31-09:30,5561,5571,5559,5568
 2016/03/31-09:45,5568,5569,5562,5567
 2016/03/31-10:00,5566,5568,5561,5563
 2016/03/31-10:15,5563,5566,5560,5561
 2016/03/31-10:45,5560,5562,5554,5555
 2016/03/31-11:00,5556,5560,5555,5557
 2016/03/31-11:15,5556,5564,5556,5562
 2016/03/31-11:30,5562,5564,5561,5561
 2016/03/31-13:45,5562,5564,5555,5555
 2016/03/31-14:00,5556,5560,5553,5557
 2016/03/31-14:15,5557,5563,5555,5562
 2016/03/31-14:30,5561,5570,5560,5564
 2016/03/31-14:45,5564,5570,5562,5570
 2016/03/31-15:00,5570,5576,5567,5575
 2016/04/01-21:15,5573,5575,5562,5563
 2016/04/01-21:30,5562,5573,5562,5572
 2016/04/01-21:45,5571,5576,5571,5575
 2016/04/01-22:00,5575,5582,5574,5580
 2016/04/01-22:15,5581,5587,5579,5585
 2016/04/01-22:30,5586,5590,5585,5588
 2016/04/01-22:45,5588,5606,5588,5604
 2016/04/01-23:00,5604,5605,5597,5601
 2016/04/01-23:15,5602,5604,5597,5599
 2016/04/01-23:30,5598,5600,5587,5590
 2016/04/01-09:15,5579,5588,5572,5577
 2016/04/01-09:30,5577,5578,5573,5576
 2016/04/01-09:45,5577,5587,5575,5586
 2016/04/01-10:00,5586,5586,5581,5584
 2016/04/01-10:15,5584,5592,5582,5592
 2016/04/01-10:45,5592,5595,5587,5591
 2016/04/01-11:00,5591,5597,5588,5595
 2016/04/01-11:15,5595,5604,5592,5603
 2016/04/01-11:30,5604,5620,5602,5619
 2016/04/01-13:45,5620,5622,5609,5614
 2016/04/01-14:00,5613,5617,5612,5615
 2016/04/01-14:15,5614,5617,5613,5616
 2016/04/01-14:30,5616,5616,5605,5609
 2016/04/01-14:45,5609,5615,5607,5615
 2016/04/01-15:00,5615,5617,5606,5610
 2016/04/05-21:15,5596,5596,5596,5596
 2016/04/05-21:30,5596,5596,5596,5596
 2016/04/05-21:45,5596,5596,5596,5596
 2016/04/05-22:00,5596,5596,5596,5596
 2016/04/05-22:15,5596,5596,5596,5596
 2016/04/05-22:30,5596,5596,5596,5596
 2016/04/05-22:45,5596,5596,5596,5596
 2016/04/05-23:00,5596,5596,5596,5596
 2016/04/05-23:15,5596,5596,5596,5596
 2016/04/05-23:30,5596,5596,5585,5585
 2016/04/05-09:15,5583,5596,5578,5593
 2016/04/05-09:30,5593,5597,5587,5587
 2016/04/05-09:45,5587,5591,5585,5589
 2016/04/05-10:00,5589,5590,5583,5584
 2016/04/05-10:15,5584,5590,5583,5589
 2016/04/05-10:45,5588,5610,5588,5609
 2016/04/05-11:00,5609,5629,5609,5627
 2016/04/05-11:15,5628,5629,5620,5626
 2016/04/05-11:30,5626,5632,5620,5628
 2016/04/05-13:45,5627,5639,5627,5630
 2016/04/05-14:00,5631,5632,5625,5628
 2016/04/05-14:15,5629,5630,5622,5627
 2016/04/05-14:30,5628,5632,5626,5629
 2016/04/05-14:45,5628,5630,5623,5624
 2016/04/05-15:00,5624,5645,5624,5641
 2016/04/06-21:15,5630,5637,5624,5627
 2016/04/06-21:30,5626,5638,5626,5633
 2016/04/06-21:45,5633,5635,5623,5626
 2016/04/06-22:00,5625,5627,5613,5620
 2016/04/06-22:15,5620,5622,5614,5619
 2016/04/06-22:30,5618,5625,5617,5625
 2016/04/06-22:45,5625,5625,5616,5616
 2016/04/06-23:00,5616,5626,5615,5623
 2016/04/06-23:15,5624,5625,5619,5623
 2016/04/06-23:30,5622,5630,5621,5625
 2016/04/06-09:15,5622,5626,5596,5603
 2016/04/06-09:30,5603,5611,5600,5609
 2016/04/06-09:45,5609,5611,5607,5608
 2016/04/06-10:00,5608,5618,5607,5615
 2016/04/06-10:15,5617,5618,5613,5618
 2016/04/06-10:45,5618,5621,5612,5620
 2016/04/06-11:00,5620,5625,5617,5622
 2016/04/06-11:15,5623,5624,5615,5617
 2016/04/06-11:30,5617,5622,5616,5617
 2016/04/06-13:45,5617,5618,5606,5610
 2016/04/06-14:00,5609,5614,5606,5611
 2016/04/06-14:15,5611,5615,5610,5611
 2016/04/06-14:30,5611,5612,5606,5610
 2016/04/06-14:45,5609,5612,5603,5603
 2016/04/06-15:00,5604,5609,5601,5607
 2016/04/07-21:15,5605,5621,5602,5618
 2016/04/07-21:30,5619,5620,5615,5616
 2016/04/07-21:45,5617,5618,5613,5615
 2016/04/07-22:00,5615,5617,5611,5611
 2016/04/07-22:15,5611,5614,5609,5611
 2016/04/07-22:30,5612,5617,5612,5617
 2016/04/07-22:45,5616,5626,5616,5622
 2016/04/07-23:00,5622,5624,5620,5622
 2016/04/07-23:15,5622,5624,5620,5622
 2016/04/07-23:30,5623,5625,5620,5621
 2016/04/07-09:15,5622,5628,5614,5615
 2016/04/07-09:30,5614,5619,5611,5617
 2016/04/07-09:45,5616,5617,5612,5612
 2016/04/07-10:00,5612,5615,5610,5615
 2016/04/07-10:15,5614,5626,5612,5623
 2016/04/07-10:45,5623,5624,5619,5621
 2016/04/07-11:00,5622,5629,5620,5623
 2016/04/07-11:15,5622,5625,5613,5617
 2016/04/07-11:30,5616,5620,5616,5619
 2016/04/07-13:45,5627,5627,5621,5623
 2016/04/07-14:00,5623,5629,5621,5626
 2016/04/07-14:15,5625,5627,5621,5624
 2016/04/07-14:30,5623,5627,5618,5619
 2016/04/07-14:45,5618,5626,5616,5625
 2016/04/07-15:00,5625,5626,5621,5623
 2016/04/08-21:15,5620,5623,5612,5613
 2016/04/08-21:30,5613,5614,5604,5612
 2016/04/08-21:45,5612,5616,5610,5612
 2016/04/08-22:00,5613,5614,5607,5609
 2016/04/08-22:15,5609,5612,5606,5607
 2016/04/08-22:30,5606,5609,5603,5606
 2016/04/08-22:45,5606,5609,5604,5607
 2016/04/08-23:00,5607,5611,5604,5608
 2016/04/08-23:15,5608,5609,5604,5606
 2016/04/08-23:30,5606,5608,5601,5607
 2016/04/08-09:15,5601,5609,5598,5607
 2016/04/08-09:30,5607,5608,5604,5605
 2016/04/08-09:45,5606,5607,5587,5589
 2016/04/08-10:00,5588,5593,5584,5590
 2016/04/08-10:15,5590,5593,5587,5592
 2016/04/08-10:45,5592,5592,5584,5588
 2016/04/08-11:00,5588,5588,5570,5577
 2016/04/08-11:15,5577,5578,5572,5574
 2016/04/08-11:30,5574,5577,5574,5575
 2016/04/08-13:45,5577,5578,5574,5575
 2016/04/08-14:00,5574,5576,5565,5569
 2016/04/08-14:15,5568,5570,5564,5565
 2016/04/08-14:30,5564,5567,5560,5565
 2016/04/08-14:45,5565,5567,5556,5566
 2016/04/08-15:00,5566,5572,5564,5571
 2016/04/11-21:15,5568,5585,5566,5583
 2016/04/11-21:30,5583,5586,5578,5582
 2016/04/11-21:45,5581,5583,5577,5578
 2016/04/11-22:00,5579,5580,5575,5576
 2016/04/11-22:15,5576,5578,5572,5575
 2016/04/11-22:30,5574,5578,5574,5576
 2016/04/11-22:45,5576,5582,5575,5582
 2016/04/11-23:00,5582,5591,5581,5591
 2016/04/11-23:15,5590,5596,5588,5592
 2016/04/11-23:30,5592,5598,5590,5592
 2016/04/11-09:15,5595,5601,5586,5586
 2016/04/11-09:30,5586,5589,5579,5584
 2016/04/11-09:45,5583,5586,5577,5579
 2016/04/11-10:00,5579,5580,5563,5573
 2016/04/11-10:15,5573,5583,5570,5580
 2016/04/11-10:45,5579,5585,5577,5584
 2016/04/11-11:00,5584,5595,5582,5595
 2016/04/11-11:15,5595,5596,5582,5583
 2016/04/11-11:30,5583,5586,5581,5581
 2016/04/11-13:45,5581,5585,5576,5584
 2016/04/11-14:00,5584,5585,5571,5575
 2016/04/11-14:15,5576,5578,5571,5575
 2016/04/11-14:30,5575,5577,5567,5570
 2016/04/11-14:45,5570,5575,5568,5572
 2016/04/11-15:00,5573,5573,5561,5561
 2016/04/12-21:15,5555,5570,5547,5562
 2016/04/12-21:30,5561,5568,5559,5566
 2016/04/12-21:45,5567,5575,5566,5568
 2016/04/12-22:00,5568,5571,5565,5568
 2016/04/12-22:15,5567,5570,5561,5566
 2016/04/12-22:30,5566,5567,5560,5565
 2016/04/12-22:45,5565,5573,5564,5570
 2016/04/12-23:00,5570,5571,5569,5569
 2016/04/12-23:15,5569,5575,5567,5570
 2016/04/12-23:30,5570,5577,5569,5570
 2016/04/12-09:15,5570,5573,5565,5572
 2016/04/12-09:30,5572,5574,5564,5566
 2016/04/12-09:45,5565,5573,5565,5573
 2016/04/12-10:00,5572,5573,5566,5566
 2016/04/12-10:15,5566,5570,5565,5569
 2016/04/12-10:45,5570,5571,5567,5568
 2016/04/12-11:00,5569,5580,5567,5579
 2016/04/12-11:15,5580,5584,5575,5576
 2016/04/12-11:30,5577,5580,5574,5578
 2016/04/12-13:45,5577,5580,5574,5575
 2016/04/12-14:00,5575,5577,5559,5564
 2016/04/12-14:15,5564,5565,5559,5561
 2016/04/12-14:30,5561,5561,5553,5555
 2016/04/12-14:45,5556,5562,5555,5560
 2016/04/12-15:00,5561,5567,5558,5561
 2016/04/13-21:15,5562,5579,5562,5578
 2016/04/13-21:30,5579,5583,5577,5580
 2016/04/13-21:45,5580,5620,5578,5615
 2016/04/13-22:00,5616,5617,5595,5598
 2016/04/13-22:15,5598,5602,5578,5587
 2016/04/13-22:30,5586,5588,5583,5586
 2016/04/13-22:45,5586,5600,5586,5595
 2016/04/13-23:00,5596,5602,5594,5601
 2016/04/13-23:15,5601,5602,5592,5597
 2016/04/13-23:30,5596,5605,5595,5604
 2016/04/13-09:15,5599,5605,5593,5598
 2016/04/13-09:30,5597,5605,5596,5602
 2016/04/13-09:45,5602,5610,5599,5608
 2016/04/13-10:00,5608,5613,5607,5609
 2016/04/13-10:15,5610,5619,5609,5618
 2016/04/13-10:45,5620,5627,5589,5596
 2016/04/13-11:00,5596,5597,5575,5577
 2016/04/13-11:15,5576,5580,5568,5579
 2016/04/13-11:30,5578,5580,5575,5576
 2016/04/13-13:45,5576,5586,5576,5584
 2016/04/13-14:00,5585,5586,5581,5583
 2016/04/13-14:15,5583,5583,5570,5575
 2016/04/13-14:30,5574,5575,5568,5568
 2016/04/13-14:45,5569,5584,5565,5579
 2016/04/13-15:00,5580,5582,5571,5575
 2016/04/14-21:15,5574,5577,5563,5571
 2016/04/14-21:30,5572,5575,5568,5574
 2016/04/14-21:45,5574,5580,5573,5575
 2016/04/14-22:00,5575,5582,5571,5579
 2016/04/14-22:15,5580,5581,5573,5576
 2016/04/14-22:30,5576,5580,5574,5578
 2016/04/14-22:45,5578,5579,5568,5571
 2016/04/14-23:00,5571,5577,5569,5574
 2016/04/14-23:15,5574,5580,5572,5574
 2016/04/14-23:30,5574,5575,5568,5573
 2016/04/14-09:15,5572,5579,5571,5578
 2016/04/14-09:30,5578,5579,5574,5574
 2016/04/14-09:45,5574,5575,5565,5568
 2016/04/14-10:00,5568,5585,5567,5578
 2016/04/14-10:15,5577,5582,5577,5578
 2016/04/14-10:45,5578,5583,5576,5583
 2016/04/14-11:00,5583,5584,5579,5579
 2016/04/14-11:15,5580,5585,5575,5581
 2016/04/14-11:30,5581,5598,5581,5596
 2016/04/14-13:45,5596,5597,5580,5584
 2016/04/14-14:00,5584,5586,5579,5585
 2016/04/14-14:15,5585,5602,5582,5596
 2016/04/14-14:30,5596,5606,5591,5604
 2016/04/14-14:45,5604,5618,5602,5611
 2016/04/14-15:00,5612,5624,5609,5621
 2016/04/15-21:15,5625,5672,5624,5671
 2016/04/15-21:30,5672,5674,5643,5646
 2016/04/15-21:45,5647,5658,5644,5646
 2016/04/15-22:00,5646,5646,5576,5609
 2016/04/15-22:15,5610,5614,5594,5611
 2016/04/15-22:30,5611,5613,5603,5608
 2016/04/15-22:45,5608,5612,5604,5609
 2016/04/15-23:00,5608,5618,5606,5614
 2016/04/15-23:15,5614,5624,5602,5607
 2016/04/15-23:30,5606,5615,5605,5611
 2016/04/15-09:15,5609,5622,5608,5620
 2016/04/15-09:30,5621,5624,5617,5618
 2016/04/15-09:45,5619,5622,5618,5620
 2016/04/15-10:00,5620,5620,5612,5614
 2016/04/15-10:15,5615,5619,5606,5609
 2016/04/15-10:45,5609,5611,5606,5608
 2016/04/15-11:00,5608,5616,5607,5615
 2016/04/15-11:15,5615,5618,5610,5615
 2016/04/15-11:30,5616,5618,5603,5606
 2016/04/15-13:45,5606,5609,5600,5606
 2016/04/15-14:00,5605,5616,5605,5611
 2016/04/15-14:15,5611,5620,5610,5617
 2016/04/15-14:30,5618,5620,5610,5613
 2016/04/15-14:45,5612,5618,5605,5615
 2016/04/15-15:00,5614,5616,5609,5615
 2016/04/18-21:15,5625,5635,5618,5627
 2016/04/18-21:30,5627,5627,5609,5618
 2016/04/18-21:45,5618,5624,5616,5620
 2016/04/18-22:00,5620,5621,5615,5619
 2016/04/18-22:15,5618,5623,5617,5621
 2016/04/18-22:30,5620,5624,5619,5622
 2016/04/18-22:45,5621,5632,5621,5632
 2016/04/18-23:00,5632,5645,5629,5636
 2016/04/18-23:15,5637,5640,5632,5637
 2016/04/18-23:30,5636,5642,5633,5641
 2016/04/18-09:15,5646,5679,5646,5668
 2016/04/18-09:30,5667,5675,5657,5658
 2016/04/18-09:45,5659,5668,5659,5662
 2016/04/18-10:00,5662,5665,5650,5656
 2016/04/18-10:15,5656,5671,5656,5669
 2016/04/18-10:45,5669,5682,5665,5670
 2016/04/18-11:00,5670,5676,5660,5673
 2016/04/18-11:15,5673,5692,5669,5686
 2016/04/18-11:30,5686,5701,5682,5700
 2016/04/18-13:45,5700,5721,5700,5712
 2016/04/18-14:00,5711,5715,5701,5710
 2016/04/18-14:15,5709,5715,5708,5711
 2016/04/18-14:30,5712,5716,5695,5710
 2016/04/18-14:45,5711,5714,5706,5713
 2016/04/18-15:00,5713,5724,5688,5691
 2016/04/19-21:15,5695,5714,5694,5707
 2016/04/19-21:30,5706,5715,5700,5700
 2016/04/19-21:45,5700,5709,5692,5699
 2016/04/19-22:00,5698,5709,5691,5708
 2016/04/19-22:15,5708,5713,5701,5713
 2016/04/19-22:30,5713,5718,5707,5714
 2016/04/19-22:45,5714,5718,5709,5709
 2016/04/19-23:00,5710,5718,5708,5713
 2016/04/19-23:15,5713,5717,5710,5716
 2016/04/19-23:30,5716,5720,5707,5709
 2016/04/19-09:15,5709,5713,5698,5710
 2016/04/19-09:30,5709,5713,5704,5710
 2016/04/19-09:45,5711,5717,5706,5710
 2016/04/19-10:00,5710,5713,5708,5710
 2016/04/19-10:15,5711,5711,5690,5690
 2016/04/19-10:45,5690,5702,5683,5698
 2016/04/19-11:00,5698,5698,5689,5694
 2016/04/19-11:15,5693,5697,5683,5685
 2016/04/19-11:30,5685,5685,5662,5671
 2016/04/19-13:45,5671,5680,5667,5677
 2016/04/19-14:00,5678,5683,5676,5678
 2016/04/19-14:15,5679,5680,5672,5672
 2016/04/19-14:30,5672,5676,5667,5669
 2016/04/19-14:45,5669,5673,5660,5668
 2016/04/19-15:00,5669,5677,5666,5676
 2016/04/20-21:15,5679,5689,5672,5675
 2016/04/20-21:30,5675,5681,5671,5678
 2016/04/20-21:45,5679,5683,5677,5679
 2016/04/20-22:00,5679,5686,5677,5685
 2016/04/20-22:15,5686,5701,5683,5689
 2016/04/20-22:30,5689,5689,5676,5679
 2016/04/20-22:45,5679,5680,5668,5672
 2016/04/20-23:00,5671,5679,5670,5678
 2016/04/20-23:15,5678,5678,5670,5670
 2016/04/20-23:30,5670,5673,5664,5667
 2016/04/20-09:15,5668,5681,5668,5673
 2016/04/20-09:30,5673,5673,5666,5672
 2016/04/20-09:45,5671,5695,5667,5693
 2016/04/20-10:00,5695,5710,5685,5693
 2016/04/20-10:15,5694,5698,5684,5687
 2016/04/20-10:45,5687,5691,5681,5683
 2016/04/20-11:00,5683,5685,5677,5680
 2016/04/20-11:15,5681,5693,5678,5681
 2016/04/20-11:30,5681,5687,5672,5684
 2016/04/20-13:45,5683,5683,5662,5672
 2016/04/20-14:00,5671,5672,5656,5667
 2016/04/20-14:15,5668,5675,5664,5672
 2016/04/20-14:30,5672,5680,5667,5680
 2016/04/20-14:45,5680,5696,5677,5695
 2016/04/20-15:00,5695,5703,5688,5695
 2016/04/21-21:15,5701,5737,5689,5737
 2016/04/21-21:30,5738,5750,5706,5723
 2016/04/21-21:45,5724,5740,5715,5733
 2016/04/21-22:00,5733,5745,5728,5739
 2016/04/21-22:15,5741,5741,5713,5718
 2016/04/21-22:30,5718,5722,5712,5720
 2016/04/21-22:45,5718,5723,5713,5720
 2016/04/21-23:00,5720,5721,5715,5719
 2016/04/21-23:15,5718,5720,5713,5714
 2016/04/21-23:30,5713,5723,5707,5713
 2016/04/21-09:15,5720,5756,5719,5752
 2016/04/21-09:30,5752,5775,5739,5756
 2016/04/21-09:45,5757,5763,5703,5716
 2016/04/21-10:00,5715,5720,5708,5708
 2016/04/21-10:15,5708,5710,5694,5699
 2016/04/21-10:45,5699,5707,5684,5702
 2016/04/21-11:00,5702,5704,5696,5701
 2016/04/21-11:15,5701,5707,5695,5696
 2016/04/21-11:30,5696,5711,5696,5710
 2016/04/21-13:45,5709,5732,5709,5724
 2016/04/21-14:00,5725,5747,5722,5740
 2016/04/21-14:15,5740,5753,5727,5752
 2016/04/21-14:30,5752,5759,5710,5724
 2016/04/21-14:45,5724,5732,5719,5723
 2016/04/21-15:00,5724,5733,5714,5716
 2016/04/22-21:15,5723,5743,5713,5740
 2016/04/22-21:30,5740,5740,5672,5690
 2016/04/22-21:45,5690,5698,5681,5687
 2016/04/22-22:00,5687,5687,5613,5616
 2016/04/22-22:15,5615,5650,5498,5617
 2016/04/22-22:30,5615,5630,5608,5612
 2016/04/22-22:45,5612,5627,5602,5622
 2016/04/22-23:00,5621,5626,5610,5618
 2016/04/22-23:15,5619,5629,5616,5621
 2016/04/22-23:30,5621,5627,5614,5618
 2016/04/22-09:15,5618,5625,5606,5620
 2016/04/22-09:30,5620,5620,5614,5618
 2016/04/22-09:45,5619,5627,5614,5626
 2016/04/22-10:00,5625,5636,5622,5631
 2016/04/22-10:15,5631,5632,5622,5626
 2016/04/22-10:45,5626,5627,5621,5624
 2016/04/22-11:00,5625,5625,5617,5620
 2016/04/22-11:15,5620,5621,5593,5595
 2016/04/22-11:30,5595,5608,5583,5586
 2016/04/22-13:45,5584,5586,5558,5584
 2016/04/22-14:00,5584,5584,5570,5572
 2016/04/22-14:15,5571,5583,5563,5578
 2016/04/22-14:30,5577,5581,5570,5577
 2016/04/22-14:45,5578,5583,5570,5572
 2016/04/22-15:00,5573,5576,5555,5573
 2016/04/25-21:15,5598,5616,5586,5615
 2016/04/25-21:30,5616,5621,5609,5616
 2016/04/25-21:45,5616,5621,5611,5619
 2016/04/25-22:00,5619,5625,5615,5620
 2016/04/25-22:15,5621,5643,5616,5636
 2016/04/25-22:30,5636,5646,5633,5637
 2016/04/25-22:45,5638,5643,5608,5614
 2016/04/25-23:00,5614,5615,5604,5611
 2016/04/25-23:15,5612,5615,5595,5603
 2016/04/25-23:30,5602,5614,5591,5594
 2016/04/25-09:15,5578,5602,5573,5589
 2016/04/25-09:30,5590,5607,5585,5604
 2016/04/25-09:45,5604,5607,5598,5602
 2016/04/25-10:00,5602,5604,5593,5602
 2016/04/25-10:15,5602,5608,5602,5606
 2016/04/25-10:45,5605,5617,5604,5615
 2016/04/25-11:00,5616,5620,5613,5613
 2016/04/25-11:15,5613,5618,5610,5614
 2016/04/25-11:30,5614,5620,5613,5617
 2016/04/25-13:45,5616,5622,5612,5619
 2016/04/25-14:00,5619,5622,5614,5615
 2016/04/25-14:15,5615,5617,5613,5614
 2016/04/25-14:30,5614,5614,5601,5604
 2016/04/25-14:45,5603,5611,5603,5607
 2016/04/25-15:00,5607,5607,5588,5592
 2016/04/26-21:15,5604,5612,5589,5605
 2016/04/26-21:30,5604,5618,5604,5615
 2016/04/26-21:45,5616,5623,5615,5617
 2016/04/26-22:00,5617,5621,5614,5617
 2016/04/26-22:15,5617,5621,5614,5619
 2016/04/26-22:30,5619,5619,5611,5616
 2016/04/26-22:45,5616,5624,5614,5620
 2016/04/26-23:00,5621,5625,5617,5620
 2016/04/26-23:15,5620,5621,5614,5618
 2016/04/26-23:30,5617,5622,5615,5622
 2016/04/26-09:15,5618,5628,5618,5627
 2016/04/26-09:30,5627,5630,5623,5628
 2016/04/26-09:45,5629,5631,5620,5622
 2016/04/26-10:00,5622,5624,5618,5621
 2016/04/26-10:15,5620,5624,5611,5613
 2016/04/26-10:45,5613,5614,5608,5611
 2016/04/26-11:00,5611,5616,5606,5609
 2016/04/26-11:15,5609,5613,5606,5607
 2016/04/26-11:30,5608,5609,5603,5606
 2016/04/26-13:45,5606,5609,5601,5607
 2016/04/26-14:00,5607,5607,5596,5602
 2016/04/26-14:15,5602,5608,5600,5602
 2016/04/26-14:30,5604,5607,5596,5605
 2016/04/26-14:45,5606,5611,5603,5610
 2016/04/26-15:00,5610,5625,5610,5622
 2016/04/27-21:15,5625,5632,5617,5627
 2016/04/27-21:30,5628,5629,5614,5616
 2016/04/27-21:45,5616,5620,5604,5611
 2016/04/27-22:00,5611,5615,5606,5612
 2016/04/27-22:15,5612,5615,5611,5613
 2016/04/27-22:30,5613,5619,5607,5607
 2016/04/27-22:45,5607,5615,5605,5612
 2016/04/27-23:00,5612,5620,5611,5615
 2016/04/27-23:15,5614,5616,5612,5615
 2016/04/27-23:30,5615,5617,5613,5614
 2016/04/27-09:15,5618,5630,5617,5627
 2016/04/27-09:30,5628,5629,5622,5626
 2016/04/27-09:45,5626,5627,5619,5622
 2016/04/27-10:00,5622,5626,5620,5623
 2016/04/27-10:15,5622,5629,5622,5622
 2016/04/27-10:45,5622,5627,5615,5616
 2016/04/27-11:00,5616,5621,5615,5620
 2016/04/27-11:15,5620,5624,5612,5614
 2016/04/27-11:30,5614,5617,5606,5610
 2016/04/27-13:45,5610,5612,5605,5608
 2016/04/27-14:00,5609,5612,5606,5610
 2016/04/27-14:15,5611,5617,5608,5614
 2016/04/27-14:30,5614,5616,5608,5611
 2016/04/27-14:45,5611,5618,5610,5615
 2016/04/27-15:00,5614,5618,5611,5615
 2016/04/28-21:15,5613,5618,5608,5617
 2016/04/28-21:30,5617,5617,5600,5602
 2016/04/28-21:45,5602,5604,5577,5584
 2016/04/28-22:00,5583,5589,5578,5586
 2016/04/28-22:15,5586,5590,5580,5584
 2016/04/28-22:30,5584,5587,5582,5583
 2016/04/28-22:45,5583,5583,5567,5568
 2016/04/28-23:00,5569,5573,5560,5561
 2016/04/28-23:15,5561,5566,5557,5565
 2016/04/28-23:30,5564,5570,5558,5569
 2016/04/28-09:15,5570,5578,5566,5578
 2016/04/28-09:30,5578,5578,5572,5575
 2016/04/28-09:45,5574,5576,5571,5574
 2016/04/28-10:00,5574,5582,5572,5576
 2016/04/28-10:15,5576,5581,5574,5581
 2016/04/28-10:45,5581,5581,5573,5573
 2016/04/28-11:00,5574,5578,5571,5572
 2016/04/28-11:15,5572,5578,5570,5576
 2016/04/28-11:30,5576,5583,5575,5578
 2016/04/28-13:45,5577,5578,5568,5571
 2016/04/28-14:00,5571,5571,5558,5561
 2016/04/28-14:15,5561,5561,5549,5556
 2016/04/28-14:30,5556,5561,5544,5550
 2016/04/28-14:45,5550,5563,5548,5558
 2016/04/28-15:00,5558,5560,5522,5527
 2016/04/29-21:15,5530,5541,5511,5534
 2016/04/29-21:30,5533,5547,5533,5540
 2016/04/29-21:45,5540,5545,5534,5541
 2016/04/29-22:00,5541,5547,5538,5545
 2016/04/29-22:15,5544,5552,5543,5546
 2016/04/29-22:30,5546,5548,5538,5542
 2016/04/29-22:45,5542,5545,5541,5543
 2016/04/29-23:00,5543,5544,5539,5542
 2016/04/29-23:15,5542,5545,5535,5537
 2016/04/29-23:30,5537,5545,5536,5542
 2016/04/29-09:15,5541,5545,5527,5530
 2016/04/29-09:30,5530,5531,5515,5517
 2016/04/29-09:45,5517,5523,5509,5514
 2016/04/29-10:00,5513,5519,5503,5510
 2016/04/29-10:15,5509,5521,5505,5517
 2016/04/29-10:45,5517,5521,5505,5512
 2016/04/29-11:00,5512,5515,5508,5513
 2016/04/29-11:15,5512,5513,5508,5511
 2016/04/29-11:30,5511,5513,5500,5505
 2016/04/29-13:45,5505,5518,5499,5515
 2016/04/29-14:00,5515,5519,5498,5500
 2016/04/29-14:15,5500,5508,5491,5498
 2016/04/29-14:30,5497,5515,5493,5515
 2016/04/29-14:45,5515,5516,5497,5502
 2016/04/29-15:00,5501,5508,5495,5503
 2016/05/03-21:15,5519,5519,5519,5519
 2016/05/03-21:30,5519,5519,5519,5519
 2016/05/03-21:45,5519,5519,5519,5519
 2016/05/03-22:00,5519,5519,5519,5519
 2016/05/03-22:15,5519,5519,5519,5519
 2016/05/03-22:30,5519,5519,5519,5519
 2016/05/03-22:45,5519,5519,5519,5519
 2016/05/03-23:00,5519,5519,5519,5519
 2016/05/03-23:15,5519,5519,5519,5519
 2016/05/03-23:30,5519,5522,5519,5522
 2016/05/03-09:15,5523,5549,5517,5543
 2016/05/03-09:30,5544,5548,5537,5542
 2016/05/03-09:45,5542,5543,5532,5536
 2016/05/03-10:00,5536,5542,5534,5539
 2016/05/03-10:15,5538,5546,5538,5544
 2016/05/03-10:45,5545,5564,5535,5561
 2016/05/03-11:00,5563,5578,5559,5568
 2016/05/03-11:15,5569,5581,5567,5570
 2016/05/03-11:30,5570,5572,5560,5566
 2016/05/03-13:45,5567,5569,5556,5558
 2016/05/03-14:00,5559,5567,5554,5563
 2016/05/03-14:15,5565,5569,5560,5569
 2016/05/03-14:30,5569,5569,5560,5562
 2016/05/03-14:45,5563,5570,5561,5566
 2016/05/03-15:00,5566,5570,5559,5567
 2016/05/04-21:15,5569,5574,5556,5558
 2016/05/04-21:30,5557,5565,5555,5564
 2016/05/04-21:45,5563,5586,5560,5582
 2016/05/04-22:00,5582,5585,5575,5579
 2016/05/04-22:15,5579,5583,5574,5576
 2016/05/04-22:30,5576,5590,5570,5582
 2016/05/04-22:45,5583,5584,5571,5579
 2016/05/04-23:00,5579,5594,5578,5590
 2016/05/04-23:15,5589,5605,5589,5601
 2016/05/04-23:30,5601,5602,5592,5594
 2016/05/04-09:15,5603,5606,5588,5596
 2016/05/04-09:30,5596,5603,5589,5591
 2016/05/04-09:45,5592,5596,5589,5591
 2016/05/04-10:00,5592,5600,5590,5595
 2016/05/04-10:15,5595,5599,5586,5592
 2016/05/04-10:45,5592,5594,5587,5590
 2016/05/04-11:00,5589,5591,5580,5581
 2016/05/04-11:15,5580,5593,5580,5589
 2016/05/04-11:30,5590,5599,5588,5588
 2016/05/04-13:45,5589,5613,5589,5610
 2016/05/04-14:00,5611,5625,5610,5625
 2016/05/04-14:15,5625,5638,5620,5636
 2016/05/04-14:30,5636,5643,5633,5640
 2016/05/04-14:45,5640,5647,5632,5641
 2016/05/04-15:00,5641,5642,5633,5637
 2016/05/05-21:15,5641,5642,5625,5625
 2016/05/05-21:30,5626,5637,5622,5635
 2016/05/05-21:45,5634,5637,5632,5635
 2016/05/05-22:00,5636,5651,5633,5648
 2016/05/05-22:15,5649,5652,5636,5640
 2016/05/05-22:30,5640,5640,5630,5633
 2016/05/05-22:45,5635,5635,5625,5634
 2016/05/05-23:00,5634,5638,5629,5637
 2016/05/05-23:15,5637,5639,5634,5638
 2016/05/05-23:30,5637,5638,5631,5632
 2016/05/05-09:15,5635,5652,5635,5652
 2016/05/05-09:30,5652,5655,5646,5647
 2016/05/05-09:45,5647,5653,5642,5643
 2016/05/05-10:00,5644,5646,5642,5645
 2016/05/05-10:15,5644,5646,5635,5635
 2016/05/05-10:45,5635,5643,5631,5637
 2016/05/05-11:00,5637,5639,5631,5632
 2016/05/05-11:15,5632,5639,5625,5626
 2016/05/05-11:30,5626,5636,5626,5633
 2016/05/05-13:45,5633,5647,5633,5646
 2016/05/05-14:00,5645,5647,5633,5634
 2016/05/05-14:15,5635,5643,5634,5640
 2016/05/05-14:30,5640,5646,5637,5643
 2016/05/05-14:45,5644,5646,5633,5637
 2016/05/05-15:00,5637,5645,5635,5644
 2016/05/06-21:15,5657,5667,5649,5657
 2016/05/06-21:30,5656,5662,5653,5662
 2016/05/06-21:45,5662,5662,5631,5635
 2016/05/06-22:00,5635,5640,5612,5614
 2016/05/06-22:15,5613,5618,5604,5617
 2016/05/06-22:30,5617,5619,5603,5606
 2016/05/06-22:45,5604,5606,5583,5595
 2016/05/06-23:00,5593,5597,5585,5589
 2016/05/06-23:15,5590,5590,5565,5569
 2016/05/06-23:30,5566,5571,5558,5568
 2016/05/06-09:15,5563,5582,5556,5578
 2016/05/06-09:30,5578,5579,5573,5577
 2016/05/06-09:45,5578,5582,5574,5578
 2016/05/06-10:00,5577,5580,5574,5575
 2016/05/06-10:15,5576,5580,5575,5577
 2016/05/06-10:45,5578,5585,5577,5582
 2016/05/06-11:00,5582,5585,5574,5574
 2016/05/06-11:15,5575,5579,5573,5573
 2016/05/06-11:30,5573,5581,5573,5579
 2016/05/06-13:45,5578,5580,5574,5576
 2016/05/06-14:00,5576,5577,5569,5572
 2016/05/06-14:15,5572,5580,5570,5580
 2016/05/06-14:30,5580,5589,5580,5584
 2016/05/06-14:45,5584,5587,5582,5584
 2016/05/06-15:00,5584,5590,5576,5588
 2016/05/09-21:15,5595,5598,5584,5594
 2016/05/09-21:30,5595,5600,5585,5585
 2016/05/09-21:45,5585,5593,5585,5591
 2016/05/09-22:00,5592,5592,5585,5591
 2016/05/09-22:15,5591,5591,5584,5585
 2016/05/09-22:30,5585,5590,5581,5589
 2016/05/09-22:45,5588,5598,5588,5595
 2016/05/09-23:00,5595,5598,5592,5595
 2016/05/09-23:15,5595,5604,5595,5604
 2016/05/09-23:30,5605,5607,5600,5601
 2016/05/09-09:15,5602,5602,5570,5581
 2016/05/09-09:30,5580,5590,5579,5587
 2016/05/09-09:45,5587,5587,5567,5573
 2016/05/09-10:00,5573,5573,5561,5563
 2016/05/09-10:15,5564,5566,5542,5553
 2016/05/09-10:45,5554,5564,5546,5559
 2016/05/09-11:00,5558,5560,5551,5553
 2016/05/09-11:15,5553,5561,5546,5555
 2016/05/09-11:30,5554,5568,5554,5567
 2016/05/09-13:45,5567,5572,5559,5571
 2016/05/09-14:00,5571,5571,5562,5563
 2016/05/09-14:15,5563,5569,5558,5568
 2016/05/09-14:30,5568,5570,5551,5553
 2016/05/09-14:45,5552,5557,5550,5552
 2016/05/09-15:00,5552,5570,5551,5561
 2016/05/10-21:15,5555,5570,5553,5569
 2016/05/10-21:30,5569,5578,5565,5570
 2016/05/10-21:45,5571,5586,5566,5578
 2016/05/10-22:00,5579,5587,5575,5581
 2016/05/10-22:15,5582,5589,5565,5588
 2016/05/10-22:30,5589,5590,5573,5578
 2016/05/10-22:45,5579,5579,5565,5573
 2016/05/10-23:00,5574,5578,5568,5574
 2016/05/10-23:15,5574,5576,5566,5567
 2016/05/10-23:30,5567,5570,5557,5565
 2016/05/10-09:15,5566,5569,5542,5548
 2016/05/10-09:30,5547,5553,5535,5540
 2016/05/10-09:45,5540,5551,5537,5549
 2016/05/10-10:00,5549,5552,5545,5549
 2016/05/10-10:15,5548,5552,5545,5547
 2016/05/10-10:45,5547,5579,5545,5576
 2016/05/10-11:00,5576,5580,5566,5568
 2016/05/10-11:15,5568,5573,5566,5570
 2016/05/10-11:30,5570,5588,5570,5587
 2016/05/10-13:45,5587,5593,5577,5577
 2016/05/10-14:00,5577,5581,5575,5580
 2016/05/10-14:15,5579,5585,5573,5583
 2016/05/10-14:30,5583,5588,5579,5581
 2016/05/10-14:45,5581,5586,5580,5586
 2016/05/10-15:00,5586,5588,5579,5584
 2016/05/11-21:15,5590,5593,5574,5580
 2016/05/11-21:30,5580,5584,5574,5576
 2016/05/11-21:45,5576,5586,5576,5585
 2016/05/11-22:00,5586,5587,5577,5579
 2016/05/11-22:15,5580,5581,5561,5562
 2016/05/11-22:30,5561,5564,5552,5558
 2016/05/11-22:45,5558,5558,5549,5555
 2016/05/11-23:00,5554,5562,5553,5559
 2016/05/11-23:15,5558,5558,5552,5552
 2016/05/11-23:30,5552,5558,5549,5554
 2016/05/11-09:15,5557,5586,5557,5581
 2016/05/11-09:30,5582,5586,5571,5573
 2016/05/11-09:45,5574,5575,5567,5571
 2016/05/11-10:00,5572,5577,5561,5563
 2016/05/11-10:15,5563,5567,5559,5559
 2016/05/11-10:45,5559,5582,5550,5580
 2016/05/11-11:00,5579,5582,5576,5578
 2016/05/11-11:15,5579,5581,5574,5578
 2016/05/11-11:30,5579,5579,5572,5573
 2016/05/11-13:45,5573,5577,5571,5575
 2016/05/11-14:00,5575,5588,5575,5579
 2016/05/11-14:15,5580,5582,5572,5577
 2016/05/11-14:30,5577,5586,5577,5582
 2016/05/11-14:45,5582,5590,5581,5586
 2016/05/11-15:00,5586,5587,5575,5576
 2016/05/12-21:15,5605,5616,5579,5583
 2016/05/12-21:30,5584,5592,5581,5586
 2016/05/12-21:45,5587,5593,5587,5589
 2016/05/12-22:00,5589,5602,5585,5599
 2016/05/12-22:15,5599,5613,5592,5610
 2016/05/12-22:30,5612,5637,5611,5633
 2016/05/12-22:45,5632,5650,5632,5640
 2016/05/12-23:00,5640,5643,5633,5639
 2016/05/12-23:15,5638,5650,5636,5650
 2016/05/12-23:30,5649,5659,5640,5642
 2016/05/12-09:15,5644,5651,5636,5639
 2016/05/12-09:30,5640,5644,5633,5638
 2016/05/12-09:45,5639,5643,5630,5632
 2016/05/12-10:00,5632,5642,5628,5642
 2016/05/12-10:15,5642,5646,5637,5640
 2016/05/12-10:45,5639,5646,5635,5636
 2016/05/12-11:00,5636,5645,5636,5643
 2016/05/12-11:15,5644,5650,5637,5641
 2016/05/12-11:30,5641,5646,5638,5646
 2016/05/12-13:45,5645,5652,5640,5650
 2016/05/12-14:00,5650,5664,5643,5658
 2016/05/12-14:15,5658,5662,5648,5659
 2016/05/12-14:30,5659,5662,5640,5648
 2016/05/12-14:45,5649,5650,5636,5637
 2016/05/12-15:00,5637,5646,5626,5629
 2016/05/13-21:15,5622,5628,5613,5628
 2016/05/13-21:30,5628,5631,5623,5626
 2016/05/13-21:45,5626,5631,5618,5619
 2016/05/13-22:00,5619,5622,5581,5584
 2016/05/13-22:15,5583,5588,5567,5581
 2016/05/13-22:30,5582,5586,5578,5585
 2016/05/13-22:45,5584,5594,5579,5580
 2016/05/13-23:00,5580,5586,5579,5582
 2016/05/13-23:15,5584,5591,5565,5570
 2016/05/13-23:30,5571,5574,5559,5572
 2016/05/13-09:15,5577,5589,5577,5584
 2016/05/13-09:30,5586,5600,5584,5588
 2016/05/13-09:45,5588,5596,5587,5588
 2016/05/13-10:00,5587,5595,5586,5593
 2016/05/13-10:15,5595,5599,5588,5588
 2016/05/13-10:45,5588,5592,5582,5588
 2016/05/13-11:00,5588,5590,5580,5587
 2016/05/13-11:15,5588,5588,5572,5586
 2016/05/13-11:30,5586,5592,5584,5587
 2016/05/13-13:45,5587,5589,5581,5589
 2016/05/13-14:00,5590,5591,5582,5590
 2016/05/13-14:15,5590,5592,5586,5590
 2016/05/13-14:30,5590,5593,5583,5588
 2016/05/13-14:45,5588,5589,5581,5589
 2016/05/13-15:00,5589,5589,5582,5583
 2016/05/16-21:15,5581,5603,5578,5595
 2016/05/16-21:30,5595,5599,5583,5590
 2016/05/16-21:45,5589,5592,5568,5580
 2016/05/16-22:00,5580,5583,5575,5577
 2016/05/16-22:15,5577,5581,5571,5580
 2016/05/16-22:30,5580,5581,5573,5575
 2016/05/16-22:45,5575,5583,5575,5581
 2016/05/16-23:00,5582,5590,5579,5588
 2016/05/16-23:15,5588,5596,5587,5588
 2016/05/16-23:30,5588,5588,5581,5584
 2016/05/16-09:15,5582,5585,5575,5581
 2016/05/16-09:30,5581,5588,5571,5575
 2016/05/16-09:45,5574,5593,5570,5585
 2016/05/16-10:00,5585,5588,5582,5587
 2016/05/16-10:15,5588,5589,5575,5587
 2016/05/16-10:45,5587,5588,5581,5583
 2016/05/16-11:00,5583,5588,5581,5587
 2016/05/16-11:15,5587,5587,5581,5586
 2016/05/16-11:30,5586,5587,5582,5583
 2016/05/16-13:45,5582,5585,5573,5578
 2016/05/16-14:00,5577,5580,5571,5574
 2016/05/16-14:15,5573,5590,5572,5580
 2016/05/16-14:30,5579,5582,5575,5582
 2016/05/16-14:45,5582,5586,5580,5583
 2016/05/16-15:00,5583,5585,5578,5582
 2016/05/17-21:15,5576,5584,5561,5567
 2016/05/17-21:30,5566,5578,5566,5576
 2016/05/17-21:45,5577,5597,5575,5589
 2016/05/17-22:00,5589,5594,5571,5582
 2016/05/17-22:15,5581,5591,5581,5587
 2016/05/17-22:30,5588,5591,5584,5588
 2016/05/17-22:45,5588,5588,5581,5582
 2016/05/17-23:00,5583,5584,5574,5579
 2016/05/17-23:15,5579,5581,5576,5578
 2016/05/17-23:30,5577,5584,5577,5581
 2016/05/17-09:15,5583,5587,5582,5583
 2016/05/17-09:30,5584,5588,5582,5587
 2016/05/17-09:45,5587,5588,5583,5586
 2016/05/17-10:00,5586,5586,5579,5582
 2016/05/17-10:15,5582,5582,5577,5578
 2016/05/17-10:45,5578,5582,5576,5577
 2016/05/17-11:00,5578,5580,5574,5576
 2016/05/17-11:15,5576,5576,5570,5572
 2016/05/17-11:30,5572,5577,5563,5575
 2016/05/17-13:45,5576,5585,5573,5582
 2016/05/17-14:00,5583,5585,5578,5578
 2016/05/17-14:15,5578,5583,5571,5573
 2016/05/17-14:30,5572,5577,5571,5572
 2016/05/17-14:45,5572,5577,5571,5574
 2016/05/17-15:00,5574,5575,5568,5569
 2016/05/18-21:15,5563,5569,5542,5543
 2016/05/18-21:30,5542,5542,5512,5513
 2016/05/18-21:45,5513,5535,5511,5529
 2016/05/18-22:00,5529,5530,5522,5523
 2016/05/18-22:15,5523,5531,5521,5528
 2016/05/18-22:30,5528,5533,5525,5531
 2016/05/18-22:45,5530,5562,5529,5561
 2016/05/18-23:00,5562,5576,5553,5560
 2016/05/18-23:15,5560,5562,5553,5557
 2016/05/18-23:30,5557,5562,5555,5557
 2016/05/18-09:15,5558,5559,5551,5559
 2016/05/18-09:30,5559,5566,5559,5566
 2016/05/18-09:45,5566,5568,5536,5538
 2016/05/18-10:00,5538,5541,5531,5538
 2016/05/18-10:15,5539,5539,5525,5527
 2016/05/18-10:45,5527,5536,5525,5530
 2016/05/18-11:00,5529,5532,5522,5529
 2016/05/18-11:15,5528,5532,5520,5523
 2016/05/18-11:30,5522,5531,5516,5520
 2016/05/18-13:45,5520,5527,5517,5523
 2016/05/18-14:00,5523,5529,5509,5528
 2016/05/18-14:15,5528,5530,5522,5522
 2016/05/18-14:30,5522,5529,5518,5529
 2016/05/18-14:45,5529,5529,5517,5522
 2016/05/18-15:00,5522,5523,5500,5505
 2016/05/19-21:15,5497,5507,5484,5506
 2016/05/19-21:30,5506,5512,5502,5510
 2016/05/19-21:45,5510,5515,5507,5513
 2016/05/19-22:00,5514,5518,5512,5518
 2016/05/19-22:15,5518,5520,5508,5518
 2016/05/19-22:30,5518,5526,5515,5519
 2016/05/19-22:45,5518,5520,5512,5519
 2016/05/19-23:00,5519,5522,5515,5519
 2016/05/19-23:15,5519,5524,5513,5517
 2016/05/19-23:30,5517,5526,5514,5526
 2016/05/19-09:15,5526,5532,5517,5530
 2016/05/19-09:30,5531,5538,5525,5528
 2016/05/19-09:45,5529,5530,5525,5526
 2016/05/19-10:00,5526,5527,5520,5525
 2016/05/19-10:15,5525,5525,5518,5524
 2016/05/19-10:45,5524,5525,5520,5522
 2016/05/19-11:00,5523,5527,5521,5521
 2016/05/19-11:15,5521,5525,5519,5523
 2016/05/19-11:30,5523,5526,5522,5523
 2016/05/19-13:45,5521,5522,5507,5513
 2016/05/19-14:00,5513,5513,5499,5499
 2016/05/19-14:15,5499,5506,5496,5502
 2016/05/19-14:30,5502,5509,5499,5506
 2016/05/19-14:45,5507,5507,5501,5504
 2016/05/19-15:00,5504,5506,5493,5493
 2016/05/20-21:15,5515,5515,5493,5510
 2016/05/20-21:30,5510,5510,5498,5502
 2016/05/20-21:45,5503,5511,5501,5510
 2016/05/20-22:00,5510,5521,5509,5515
 2016/05/20-22:15,5515,5518,5504,5504
 2016/05/20-22:30,5504,5510,5502,5506
 2016/05/20-22:45,5506,5516,5506,5514
 2016/05/20-23:00,5513,5515,5510,5510
 2016/05/20-23:15,5510,5515,5510,5512
 2016/05/20-23:30,5512,5513,5510,5511
 2016/05/20-09:15,5511,5514,5500,5501
 2016/05/20-09:30,5500,5507,5499,5503
 2016/05/20-09:45,5503,5503,5496,5501
 2016/05/20-10:00,5500,5505,5498,5502
 2016/05/20-10:15,5501,5502,5496,5499
 2016/05/20-10:45,5499,5506,5498,5503
 2016/05/20-11:00,5502,5505,5500,5503
 2016/05/20-11:15,5504,5513,5503,5505
 2016/05/20-11:30,5506,5506,5499,5501
 2016/05/20-13:45,5502,5504,5488,5498
 2016/05/20-14:00,5498,5501,5486,5499
 2016/05/20-14:15,5499,5502,5495,5500
 2016/05/20-14:30,5500,5502,5492,5492
 2016/05/20-14:45,5493,5496,5489,5492
 2016/05/20-15:00,5492,5494,5475,5475
 2016/05/23-21:15,5489,5515,5489,5506
 2016/05/23-21:30,5506,5512,5505,5507
 2016/05/23-21:45,5507,5514,5505,5508
 2016/05/23-22:00,5508,5511,5501,5501
 2016/05/23-22:15,5501,5509,5500,5506
 2016/05/23-22:30,5505,5509,5501,5503
 2016/05/23-22:45,5503,5508,5500,5506
 2016/05/23-23:00,5507,5510,5500,5502
 2016/05/23-23:15,5501,5505,5499,5501
 2016/05/23-23:30,5501,5508,5492,5508
 2016/05/23-09:15,5506,5518,5501,5506
 2016/05/23-09:30,5506,5507,5495,5504
 2016/05/23-09:45,5504,5506,5501,5502
 2016/05/23-10:00,5502,5504,5500,5503
 2016/05/23-10:15,5503,5503,5482,5484
 2016/05/23-10:45,5484,5485,5464,5480
 2016/05/23-11:00,5481,5484,5479,5483
 2016/05/23-11:15,5482,5516,5481,5513
 2016/05/23-11:30,5513,5528,5503,5523
 2016/05/23-13:45,5523,5527,5511,5512
 2016/05/23-14:00,5512,5518,5503,5505
 2016/05/23-14:15,5503,5522,5490,5518
 2016/05/23-14:30,5518,5532,5513,5529
 2016/05/23-14:45,5530,5532,5523,5530
 2016/05/23-15:00,5530,5536,5525,5530
 2016/05/24-21:15,5515,5524,5510,5521
 2016/05/24-21:30,5519,5523,5513,5520
 2016/05/24-21:45,5519,5525,5517,5520
 2016/05/24-22:00,5520,5521,5514,5517
 2016/05/24-22:15,5518,5522,5512,5514
 2016/05/24-22:30,5514,5516,5503,5511
 2016/05/24-22:45,5511,5518,5510,5515
 2016/05/24-23:00,5515,5515,5510,5514
 2016/05/24-23:15,5513,5514,5507,5509
 2016/05/24-23:30,5508,5512,5502,5503
 2016/05/24-09:15,5504,5512,5491,5494
 2016/05/24-09:30,5494,5508,5492,5504
 2016/05/24-09:45,5505,5508,5502,5503
 2016/05/24-10:00,5502,5505,5498,5501
 2016/05/24-10:15,5501,5516,5501,5515
 2016/05/24-10:45,5514,5516,5505,5507
 2016/05/24-11:00,5508,5510,5495,5502
 2016/05/24-11:15,5503,5507,5501,5503
 2016/05/24-11:30,5503,5509,5500,5508
 2016/05/24-13:45,5508,5511,5504,5508
 2016/05/24-14:00,5509,5509,5499,5502
 2016/05/24-14:15,5502,5505,5496,5499
 2016/05/24-14:30,5499,5504,5499,5502
 2016/05/24-14:45,5503,5504,5498,5502
 2016/05/24-15:00,5502,5504,5496,5497
 2016/05/25-21:15,5495,5508,5483,5484
 2016/05/25-21:30,5485,5487,5475,5477
 2016/05/25-21:45,5476,5484,5473,5478
 2016/05/25-22:00,5478,5484,5473,5474
 2016/05/25-22:15,5474,5489,5470,5485
 2016/05/25-22:30,5485,5490,5483,5486
 2016/05/25-22:45,5485,5505,5475,5504
 2016/05/25-23:00,5505,5505,5494,5501
 2016/05/25-23:15,5501,5503,5497,5502
 2016/05/25-23:30,5501,5506,5498,5506
 2016/05/25-09:15,5506,5506,5493,5499
 2016/05/25-09:30,5498,5502,5494,5495
 2016/05/25-09:45,5494,5501,5492,5495
 2016/05/25-10:00,5494,5495,5491,5495
 2016/05/25-10:15,5495,5496,5485,5487
 2016/05/25-10:45,5488,5493,5483,5487
 2016/05/25-11:00,5487,5491,5483,5490
 2016/05/25-11:15,5490,5496,5488,5489
 2016/05/25-11:30,5488,5495,5488,5494
 2016/05/25-13:45,5494,5494,5467,5467
 2016/05/25-14:00,5467,5470,5436,5441
 2016/05/25-14:15,5440,5449,5433,5447
 2016/05/25-14:30,5448,5459,5439,5458
 2016/05/25-14:45,5459,5480,5457,5470
 2016/05/25-15:00,5471,5475,5462,5471
 2016/05/26-21:15,5465,5478,5460,5474
 2016/05/26-21:30,5473,5487,5473,5477
 2016/05/26-21:45,5478,5485,5474,5479
 2016/05/26-22:00,5480,5487,5477,5483
 2016/05/26-22:15,5484,5496,5481,5494
 2016/05/26-22:30,5495,5506,5495,5501
 2016/05/26-22:45,5501,5508,5493,5496
 2016/05/26-23:00,5496,5499,5491,5494
 2016/05/26-23:15,5494,5501,5493,5497
 2016/05/26-23:30,5496,5499,5489,5492
 2016/05/26-09:15,5506,5515,5504,5507
 2016/05/26-09:30,5507,5513,5504,5509
 2016/05/26-09:45,5507,5513,5507,5507
 2016/05/26-10:00,5508,5509,5504,5505
 2016/05/26-10:15,5505,5508,5503,5506
 2016/05/26-10:45,5507,5510,5503,5506
 2016/05/26-11:00,5505,5505,5495,5502
 2016/05/26-11:15,5501,5505,5500,5504
 2016/05/26-11:30,5503,5508,5502,5507
 2016/05/26-13:45,5507,5512,5506,5507
 2016/05/26-14:00,5506,5509,5501,5509
 2016/05/26-14:15,5509,5520,5507,5514
 2016/05/26-14:30,5515,5518,5512,5513
 2016/05/26-14:45,5513,5521,5513,5519
 2016/05/26-15:00,5519,5522,5515,5518
 2016/05/27-21:15,5528,5545,5527,5544
 2016/05/27-21:30,5549,5549,5531,5533
 2016/05/27-21:45,5532,5535,5526,5533
 2016/05/27-22:00,5532,5534,5523,5529
 2016/05/27-22:15,5529,5533,5524,5529
 2016/05/27-22:30,5529,5529,5522,5524
 2016/05/27-22:45,5523,5526,5508,5516
 2016/05/27-23:00,5515,5520,5515,5517
 2016/05/27-23:15,5517,5518,5510,5511
 2016/05/27-23:30,5511,5515,5502,5505
 2016/05/27-09:15,5523,5523,5509,5516
 2016/05/27-09:30,5517,5519,5512,5515
 2016/05/27-09:45,5515,5516,5512,5515
 2016/05/27-10:00,5516,5521,5515,5521
 2016/05/27-10:15,5521,5528,5519,5525
 2016/05/27-10:45,5525,5527,5515,5516
 2016/05/27-11:00,5516,5521,5516,5518
 2016/05/27-11:15,5518,5522,5516,5519
 2016/05/27-11:30,5519,5527,5518,5521
 2016/05/27-13:45,5522,5527,5519,5523
 2016/05/27-14:00,5524,5524,5511,5517
 2016/05/27-14:15,5517,5520,5515,5516
 2016/05/27-14:30,5515,5519,5514,5514
 2016/05/27-14:45,5514,5521,5514,5516
 2016/05/27-15:00,5516,5521,5514,5519
 2016/05/30-21:15,5516,5527,5511,5521
 2016/05/30-21:30,5521,5521,5503,5509
 2016/05/30-21:45,5510,5517,5508,5516
 2016/05/30-22:00,5516,5517,5509,5513
 2016/05/30-22:15,5514,5517,5511,5514
 2016/05/30-22:30,5514,5524,5514,5522
 2016/05/30-22:45,5522,5537,5522,5534
 2016/05/30-23:00,5534,5535,5529,5534
 2016/05/30-23:15,5534,5538,5527,5531
 2016/05/30-23:30,5530,5531,5522,5523
 2016/05/30-09:15,5523,5533,5523,5531
 2016/05/30-09:30,5531,5542,5528,5530
 2016/05/30-09:45,5531,5534,5529,5533
 2016/05/30-10:00,5532,5537,5530,5536
 2016/05/30-10:15,5538,5543,5535,5540
 2016/05/30-10:45,5540,5543,5536,5543
 2016/05/30-11:00,5544,5548,5542,5546
 2016/05/30-11:15,5547,5557,5546,5554
 2016/05/30-11:30,5554,5556,5543,5546
 2016/05/30-13:45,5546,5550,5543,5547
 2016/05/30-14:00,5547,5548,5542,5545
 2016/05/30-14:15,5545,5557,5545,5556
 2016/05/30-14:30,5557,5559,5543,5549
 2016/05/30-14:45,5548,5556,5545,5546
 2016/05/30-15:00,5545,5560,5545,5557
 2016/05/31-21:15,5558,5558,5541,5546
 2016/05/31-21:30,5545,5552,5544,5550
 2016/05/31-21:45,5550,5557,5548,5555
 2016/05/31-22:00,5555,5556,5549,5550
 2016/05/31-22:15,5551,5551,5546,5549
 2016/05/31-22:30,5549,5550,5534,5543
 2016/05/31-22:45,5543,5546,5538,5540
 2016/05/31-23:00,5540,5546,5540,5543
 2016/05/31-23:15,5543,5543,5536,5539
 2016/05/31-23:30,5539,5544,5538,5543
 2016/05/31-09:15,5543,5550,5542,5547
 2016/05/31-09:30,5547,5553,5544,5544
 2016/05/31-09:45,5544,5550,5544,5548
 2016/05/31-10:00,5548,5549,5536,5540
 2016/05/31-10:15,5539,5547,5539,5542
 2016/05/31-10:45,5542,5546,5538,5545
 2016/05/31-11:00,5546,5549,5544,5546
 2016/05/31-11:15,5546,5549,5540,5543
 2016/05/31-11:30,5543,5548,5543,5546
 2016/05/31-13:45,5546,5549,5544,5546
 2016/05/31-14:00,5547,5556,5544,5555
 2016/05/31-14:15,5556,5583,5555,5579
 2016/05/31-14:30,5579,5582,5567,5571
 2016/05/31-14:45,5573,5578,5572,5574
 2016/05/31-15:00,5574,5579,5572,5573
 2016/06/01-21:15,5567,5579,5562,5569
 2016/06/01-21:30,5570,5570,5549,5555
 2016/06/01-21:45,5556,5560,5553,5554
 2016/06/01-22:00,5553,5556,5531,5534
 2016/06/01-22:15,5534,5538,5528,5532
 2016/06/01-22:30,5531,5540,5531,5540
 2016/06/01-22:45,5539,5540,5535,5540
 2016/06/01-23:00,5540,5540,5533,5534
 2016/06/01-23:15,5534,5536,5532,5535
 2016/06/01-23:30,5535,5539,5528,5534
 2016/06/01-09:15,5535,5537,5530,5534
 2016/06/01-09:30,5534,5538,5532,5532
 2016/06/01-09:45,5532,5534,5520,5527
 2016/06/01-10:00,5526,5532,5524,5529
 2016/06/01-10:15,5530,5534,5528,5530
 2016/06/01-10:45,5531,5532,5528,5531
 2016/06/01-11:00,5531,5532,5525,5529
 2016/06/01-11:15,5528,5531,5527,5527
 2016/06/01-11:30,5527,5532,5525,5530
 2016/06/01-13:45,5530,5532,5522,5523
 2016/06/01-14:00,5523,5528,5518,5520
 2016/06/01-14:15,5520,5520,5514,5514
 2016/06/01-14:30,5514,5515,5501,5501
 2016/06/01-14:45,5501,5512,5500,5511
 2016/06/01-15:00,5511,5518,5507,5515
 2016/06/02-21:15,5513,5520,5507,5515
 2016/06/02-21:30,5515,5516,5508,5510
 2016/06/02-21:45,5509,5519,5509,5518
 2016/06/02-22:00,5518,5524,5516,5519
 2016/06/02-22:15,5519,5523,5516,5521
 2016/06/02-22:30,5521,5522,5517,5519
 2016/06/02-22:45,5520,5525,5516,5520
 2016/06/02-23:00,5521,5521,5512,5514
 2016/06/02-23:15,5514,5523,5514,5523
 2016/06/02-23:30,5523,5524,5516,5518
 2016/06/02-09:15,5519,5526,5517,5524
 2016/06/02-09:30,5524,5530,5523,5527
 2016/06/02-09:45,5528,5530,5517,5521
 2016/06/02-10:00,5521,5529,5520,5528
 2016/06/02-10:15,5528,5531,5522,5527
 2016/06/02-10:45,5526,5527,5522,5523
 2016/06/02-11:00,5523,5526,5521,5521
 2016/06/02-11:15,5522,5526,5520,5523
 2016/06/02-11:30,5524,5530,5521,5527
 2016/06/02-13:45,5527,5528,5524,5525
 2016/06/02-14:00,5525,5526,5522,5525
 2016/06/02-14:15,5525,5527,5520,5526
 2016/06/02-14:30,5526,5527,5523,5524
 2016/06/02-14:45,5524,5525,5521,5523
 2016/06/02-15:00,5523,5526,5519,5520
 2016/06/03-21:15,5538,5548,5533,5537
 2016/06/03-21:30,5537,5542,5537,5541
 2016/06/03-21:45,5541,5542,5533,5537
 2016/06/03-22:00,5537,5539,5533,5536
 2016/06/03-22:15,5536,5547,5535,5547
 2016/06/03-22:30,5547,5556,5543,5544
 2016/06/03-22:45,5544,5554,5544,5548
 2016/06/03-23:00,5548,5558,5548,5557
 2016/06/03-23:15,5558,5563,5555,5558
 2016/06/03-23:30,5557,5564,5555,5562
 2016/06/03-09:15,5569,5596,5569,5583
 2016/06/03-09:30,5584,5589,5581,5586
 2016/06/03-09:45,5586,5591,5585,5587
 2016/06/03-10:00,5588,5589,5583,5587
 2016/06/03-10:15,5588,5591,5587,5588
 2016/06/03-10:45,5588,5603,5588,5602
 2016/06/03-11:00,5602,5603,5583,5592
 2016/06/03-11:15,5593,5596,5589,5595
 2016/06/03-11:30,5595,5595,5584,5589
 2016/06/03-13:45,5588,5616,5588,5613
 2016/06/03-14:00,5614,5645,5612,5644
 2016/06/03-14:15,5644,5646,5633,5637
 2016/06/03-14:30,5638,5650,5634,5649
 2016/06/03-14:45,5650,5659,5644,5658
 2016/06/03-15:00,5658,5683,5652,5676
 2016/06/06-21:15,5675,5678,5652,5653
 2016/06/06-21:30,5653,5659,5627,5639
 2016/06/06-21:45,5639,5645,5636,5639
 2016/06/06-22:00,5639,5641,5628,5636
 2016/06/06-22:15,5636,5641,5630,5637
 2016/06/06-22:30,5636,5646,5635,5640
 2016/06/06-22:45,5641,5649,5639,5648
 2016/06/06-23:00,5647,5665,5646,5663
 2016/06/06-23:15,5664,5665,5649,5652
 2016/06/06-23:30,5652,5657,5648,5654
 2016/06/06-09:15,5678,5698,5674,5681
 2016/06/06-09:30,5682,5685,5678,5678
 2016/06/06-09:45,5680,5696,5680,5684
 2016/06/06-10:00,5684,5688,5674,5679
 2016/06/06-10:15,5679,5682,5675,5679
 2016/06/06-10:45,5680,5682,5676,5681
 2016/06/06-11:00,5682,5685,5674,5678
 2016/06/06-11:15,5678,5684,5677,5684
 2016/06/06-11:30,5683,5704,5682,5698
 2016/06/06-13:45,5702,5724,5697,5709
 2016/06/06-14:00,5709,5722,5698,5721
 2016/06/06-14:15,5721,5725,5708,5708
 2016/06/06-14:30,5709,5727,5708,5726
 2016/06/06-14:45,5727,5732,5722,5730
 2016/06/06-15:00,5730,5730,5712,5724
 2016/06/07-21:15,5716,5719,5685,5696
 2016/06/07-21:30,5696,5706,5694,5698
 2016/06/07-21:45,5698,5698,5678,5682
 2016/06/07-22:00,5682,5709,5682,5706
 2016/06/07-22:15,5706,5708,5697,5706
 2016/06/07-22:30,5706,5714,5702,5704
 2016/06/07-22:45,5704,5712,5704,5705
 2016/06/07-23:00,5705,5707,5701,5702
 2016/06/07-23:15,5701,5708,5691,5703
 2016/06/07-23:30,5703,5706,5696,5699
 2016/06/07-09:15,5691,5693,5668,5675
 2016/06/07-09:30,5674,5677,5652,5665
 2016/06/07-09:45,5664,5671,5658,5668
 2016/06/07-10:00,5668,5671,5662,5666
 2016/06/07-10:15,5665,5668,5661,5668
 2016/06/07-10:45,5667,5671,5663,5663
 2016/06/07-11:00,5662,5672,5661,5668
 2016/06/07-11:15,5668,5670,5664,5667
 2016/06/07-11:30,5667,5673,5663,5664
 2016/06/07-13:45,5663,5670,5658,5669
 2016/06/07-14:00,5669,5682,5666,5679
 2016/06/07-14:15,5678,5680,5671,5674
 2016/06/07-14:30,5673,5675,5660,5665
 2016/06/07-14:45,5665,5668,5656,5666
 2016/06/07-15:00,5666,5670,5656,5659
 2016/06/08-21:15,5682,5696,5678,5688
 2016/06/08-21:30,5689,5689,5673,5681
 2016/06/08-21:45,5681,5692,5677,5682
 2016/06/08-22:00,5682,5688,5677,5686
 2016/06/08-22:15,5686,5691,5680,5681
 2016/06/08-22:30,5682,5682,5677,5681
 2016/06/08-22:45,5681,5683,5677,5680
 2016/06/08-23:00,5681,5681,5668,5676
 2016/06/08-23:15,5676,5678,5671,5674
 2016/06/08-23:30,5674,5679,5673,5675
 2016/06/08-09:15,5676,5690,5676,5688
 2016/06/08-09:30,5688,5693,5684,5685
 2016/06/08-09:45,5686,5687,5679,5680
 2016/06/08-10:00,5680,5683,5679,5680
 2016/06/08-10:15,5680,5682,5677,5679
 2016/06/08-10:45,5679,5682,5677,5682
 2016/06/08-11:00,5682,5684,5679,5684
 2016/06/08-11:15,5684,5686,5679,5683
 2016/06/08-11:30,5683,5685,5661,5665
 2016/06/08-13:45,5665,5669,5659,5664
 2016/06/08-14:00,5665,5672,5663,5666
 2016/06/08-14:15,5666,5668,5663,5666
 2016/06/08-14:30,5666,5669,5665,5666
 2016/06/08-14:45,5667,5677,5662,5674
 2016/06/08-15:00,5675,5676,5662,5666
 2016/06/13-21:15,5679,5679,5679,5679
 2016/06/13-21:30,5679,5679,5679,5679
 2016/06/13-21:45,5679,5679,5679,5679
 2016/06/13-22:00,5679,5679,5679,5679
 2016/06/13-22:15,5679,5679,5679,5679
 2016/06/13-22:30,5679,5679,5679,5679
 2016/06/13-22:45,5679,5679,5679,5679
 2016/06/13-23:00,5679,5679,5679,5679
 2016/06/13-23:15,5679,5679,5679,5679
 2016/06/13-23:30,5679,5700,5679,5700
 2016/06/13-09:15,5704,5767,5689,5745
 2016/06/13-09:30,5745,5749,5736,5746
 2016/06/13-09:45,5745,5751,5737,5741
 2016/06/13-10:00,5742,5757,5741,5757
 2016/06/13-10:15,5757,5773,5741,5750
 2016/06/13-10:45,5750,5754,5746,5750
 2016/06/13-11:00,5750,5777,5750,5770
 2016/06/13-11:15,5770,5799,5768,5774
 2016/06/13-11:30,5773,5795,5773,5793
 2016/06/13-13:45,5793,5808,5777,5781
 2016/06/13-14:00,5781,5786,5777,5783
 2016/06/13-14:15,5783,5792,5772,5785
 2016/06/13-14:30,5785,5792,5781,5786
 2016/06/13-14:45,5785,5789,5769,5770
 2016/06/13-15:00,5770,5772,5755,5759
 2016/06/14-21:15,5763,5765,5743,5757
 2016/06/14-21:30,5757,5761,5747,5748
 2016/06/14-21:45,5747,5752,5731,5744
 2016/06/14-22:00,5743,5748,5741,5748
 2016/06/14-22:15,5748,5748,5742,5743
 2016/06/14-22:30,5742,5749,5740,5747
 2016/06/14-22:45,5748,5749,5740,5745
 2016/06/14-23:00,5745,5745,5737,5740
 2016/06/14-23:15,5740,5743,5737,5742
 2016/06/14-23:30,5741,5746,5741,5745
 2016/06/14-09:15,5739,5758,5732,5739
 2016/06/14-09:30,5739,5752,5736,5751
 2016/06/14-09:45,5751,5775,5747,5774
 2016/06/14-10:00,5775,5783,5765,5765
 2016/06/14-10:15,5765,5772,5754,5759
 2016/06/14-10:45,5759,5762,5746,5748
 2016/06/14-11:00,5749,5757,5743,5750
 2016/06/14-11:15,5751,5753,5732,5741
 2016/06/14-11:30,5740,5744,5733,5740
 2016/06/14-13:45,5740,5749,5740,5747
 2016/06/14-14:00,5746,5750,5744,5747
 2016/06/14-14:15,5747,5749,5742,5747
 2016/06/14-14:30,5747,5747,5736,5740
 2016/06/14-14:45,5740,5744,5738,5742
 2016/06/14-15:00,5742,5743,5738,5742
 2016/06/15-21:15,5730,5741,5678,5682
 2016/06/15-21:30,5682,5691,5680,5685
 2016/06/15-21:45,5684,5698,5684,5691
 2016/06/15-22:00,5692,5692,5685,5688
 2016/06/15-22:15,5689,5693,5684,5685
 2016/06/15-22:30,5685,5689,5664,5674
 2016/06/15-22:45,5673,5679,5666,5670
 2016/06/15-23:00,5670,5678,5669,5677
 2016/06/15-23:15,5677,5689,5673,5689
 2016/06/15-23:30,5689,5690,5684,5690
 2016/06/15-09:15,5694,5709,5691,5709
 2016/06/15-09:30,5708,5722,5707,5710
 2016/06/15-09:45,5711,5714,5708,5711
 2016/06/15-10:00,5711,5716,5710,5714
 2016/06/15-10:15,5712,5713,5702,5706
 2016/06/15-10:45,5705,5707,5701,5705
 2016/06/15-11:00,5704,5706,5695,5698
 2016/06/15-11:15,5698,5699,5692,5696
 2016/06/15-11:30,5696,5704,5695,5700
 2016/06/15-13:45,5701,5701,5682,5683
 2016/06/15-14:00,5683,5708,5681,5702
 2016/06/15-14:15,5703,5712,5701,5707
 2016/06/15-14:30,5706,5710,5701,5708
 2016/06/15-14:45,5708,5711,5703,5704
 2016/06/15-15:00,5705,5709,5696,5709
 2016/06/16-21:15,5722,5734,5711,5713
 2016/06/16-21:30,5713,5715,5703,5713
 2016/06/16-21:45,5713,5715,5700,5710
 2016/06/16-22:00,5711,5718,5709,5718
 2016/06/16-22:15,5717,5722,5712,5715
 2016/06/16-22:30,5715,5715,5702,5705
 2016/06/16-22:45,5706,5711,5705,5707
 2016/06/16-23:00,5706,5711,5706,5709
 2016/06/16-23:15,5709,5714,5708,5709
 2016/06/16-23:30,5710,5715,5708,5711
 2016/06/16-09:15,5711,5729,5711,5719
 2016/06/16-09:30,5719,5720,5707,5714
 2016/06/16-09:45,5714,5737,5713,5737
 2016/06/16-10:00,5738,5776,5734,5774
 2016/06/16-10:15,5775,5782,5768,5774
 2016/06/16-10:45,5773,5783,5770,5779
 2016/06/16-11:00,5779,5784,5766,5775
 2016/06/16-11:15,5775,5780,5768,5776
 2016/06/16-11:30,5776,5798,5776,5797
 2016/06/16-13:45,5797,5800,5762,5772
 2016/06/16-14:00,5771,5787,5766,5784
 2016/06/16-14:15,5783,5784,5749,5755
 2016/06/16-14:30,5755,5758,5745,5754
 2016/06/16-14:45,5754,5757,5739,5741
 2016/06/16-15:00,5741,5745,5726,5732
 2016/06/17-21:15,5745,5759,5740,5757
 2016/06/17-21:30,5756,5758,5747,5748
 2016/06/17-21:45,5747,5747,5726,5728
 2016/06/17-22:00,5728,5733,5693,5696
 2016/06/17-22:15,5695,5709,5693,5705
 2016/06/17-22:30,5705,5714,5703,5710
 2016/06/17-22:45,5710,5720,5709,5718
 2016/06/17-23:00,5719,5722,5711,5715
 2016/06/17-23:15,5714,5721,5711,5720
 2016/06/17-23:30,5721,5729,5717,5727
 2016/06/17-09:15,5723,5733,5715,5728
 2016/06/17-09:30,5730,5735,5722,5723
 2016/06/17-09:45,5723,5730,5722,5728
 2016/06/17-10:00,5728,5736,5728,5734
 2016/06/17-10:15,5734,5739,5734,5737
 2016/06/17-10:45,5737,5756,5736,5752
 2016/06/17-11:00,5751,5771,5750,5765
 2016/06/17-11:15,5765,5775,5749,5750
 2016/06/17-11:30,5751,5755,5741,5751
 2016/06/17-13:45,5750,5753,5728,5737
 2016/06/17-14:00,5737,5743,5734,5741
 2016/06/17-14:15,5741,5758,5737,5757
 2016/06/17-14:30,5758,5765,5750,5765
 2016/06/17-14:45,5765,5780,5760,5778
 2016/06/17-15:00,5777,5784,5770,5781
 2016/06/20-21:15,5795,5797,5766,5780
 2016/06/20-21:30,5780,5850,5780,5846
 2016/06/20-21:45,5846,5856,5833,5834
 2016/06/20-22:00,5834,5845,5828,5842
 2016/06/20-22:15,5843,5853,5834,5846
 2016/06/20-22:30,5848,5849,5835,5837
 2016/06/20-22:45,5839,5864,5834,5850
 2016/06/20-23:00,5852,5862,5843,5852
 2016/06/20-23:15,5852,5857,5835,5842
 2016/06/20-23:30,5841,5863,5840,5843
 2016/06/20-09:15,5837,5837,5804,5835
 2016/06/20-09:30,5834,5838,5824,5827
 2016/06/20-09:45,5827,5832,5823,5828
 2016/06/20-10:00,5827,5836,5810,5817
 2016/06/20-10:15,5817,5822,5797,5817
 2016/06/20-10:45,5815,5820,5812,5812
 2016/06/20-11:00,5812,5828,5809,5824
 2016/06/20-11:15,5825,5848,5823,5848
 2016/06/20-11:30,5848,5848,5838,5842
 2016/06/20-13:45,5842,5849,5837,5846
 2016/06/20-14:00,5845,5854,5840,5846
 2016/06/20-14:15,5846,5847,5822,5836
 2016/06/20-14:30,5836,5842,5829,5834
 2016/06/20-14:45,5835,5838,5822,5837
 2016/06/20-15:00,5836,5845,5831,5833
 2016/06/21-21:15,5828,5850,5823,5847
 2016/06/21-21:30,5846,5850,5841,5841
 2016/06/21-21:45,5840,5847,5838,5844
 2016/06/21-22:00,5844,5844,5826,5835
 2016/06/21-22:15,5834,5840,5832,5839
 2016/06/21-22:30,5840,5843,5837,5838
 2016/06/21-22:45,5839,5843,5837,5842
 2016/06/21-23:00,5842,5846,5839,5845
 2016/06/21-23:15,5845,5845,5840,5844
 2016/06/21-23:30,5844,5848,5842,5845
 2016/06/21-09:15,5840,5858,5837,5854
 2016/06/21-09:30,5853,5859,5841,5853
 2016/06/21-09:45,5853,5854,5835,5844
 2016/06/21-10:00,5843,5846,5837,5842
 2016/06/21-10:15,5842,5842,5826,5827
 2016/06/21-10:45,5826,5832,5821,5831
 2016/06/21-11:00,5831,5832,5829,5830
 2016/06/21-11:15,5831,5831,5815,5818
 2016/06/21-11:30,5818,5831,5814,5824
 2016/06/21-13:45,5823,5824,5801,5814
 2016/06/21-14:00,5813,5822,5812,5818
 2016/06/21-14:15,5818,5822,5814,5819
 2016/06/21-14:30,5818,5819,5810,5815
 2016/06/21-14:45,5815,5816,5806,5812
 2016/06/21-15:00,5811,5814,5808,5811
 2016/06/22-21:15,5781,5794,5775,5793
 2016/06/22-21:30,5794,5799,5790,5793
 2016/06/22-21:45,5793,5796,5783,5785
 2016/06/22-22:00,5786,5794,5782,5792
 2016/06/22-22:15,5793,5796,5787,5789
 2016/06/22-22:30,5790,5790,5783,5785
 2016/06/22-22:45,5785,5794,5784,5794
 2016/06/22-23:00,5795,5798,5789,5791
 2016/06/22-23:15,5791,5793,5788,5792
 2016/06/22-23:30,5793,5794,5787,5788
 2016/06/22-09:15,5787,5792,5776,5787
 2016/06/22-09:30,5787,5795,5785,5788
 2016/06/22-09:45,5788,5790,5781,5782
 2016/06/22-10:00,5781,5786,5781,5784
 2016/06/22-10:15,5784,5784,5757,5771
 2016/06/22-10:45,5771,5774,5767,5770
 2016/06/22-11:00,5771,5779,5768,5774
 2016/06/22-11:15,5773,5774,5770,5774
 2016/06/22-11:30,5773,5777,5770,5772
 2016/06/22-13:45,5771,5774,5769,5771
 2016/06/22-14:00,5770,5773,5762,5772
 2016/06/22-14:15,5772,5781,5770,5779
 2016/06/22-14:30,5779,5787,5777,5785
 2016/06/22-14:45,5786,5787,5779,5783
 2016/06/22-15:00,5784,5795,5780,5793
 2016/06/23-21:15,5790,5813,5784,5806
 2016/06/23-21:30,5807,5809,5802,5807
 2016/06/23-21:45,5808,5809,5793,5796
 2016/06/23-22:00,5797,5804,5794,5803
 2016/06/23-22:15,5803,5808,5801,5803
 2016/06/23-22:30,5803,5804,5797,5798
 2016/06/23-22:45,5797,5798,5792,5798
 2016/06/23-23:00,5798,5802,5794,5799
 2016/06/23-23:15,5800,5802,5789,5796
 2016/06/23-23:30,5796,5801,5793,5799
 2016/06/23-09:15,5798,5798,5774,5780
 2016/06/23-09:30,5780,5784,5773,5776
 2016/06/23-09:45,5776,5777,5766,5775
 2016/06/23-10:00,5775,5779,5772,5775
 2016/06/23-10:15,5775,5778,5769,5775
 2016/06/23-10:45,5775,5782,5765,5778
 2016/06/23-11:00,5778,5781,5776,5776
 2016/06/23-11:15,5777,5779,5773,5775
 2016/06/23-11:30,5775,5776,5770,5772
 2016/06/23-13:45,5772,5778,5769,5776
 2016/06/23-14:00,5777,5796,5776,5791
 2016/06/23-14:15,5791,5799,5782,5786
 2016/06/23-14:30,5787,5793,5776,5781
 2016/06/23-14:45,5781,5782,5768,5773
 2016/06/23-15:00,5773,5780,5762,5766
 2016/06/24-21:15,5778,5785,5768,5777
 2016/06/24-21:30,5777,5787,5774,5782
 2016/06/24-21:45,5781,5786,5773,5778
 2016/06/24-22:00,5778,5783,5771,5772
 2016/06/24-22:15,5771,5780,5771,5776
 2016/06/24-22:30,5777,5779,5746,5754
 2016/06/24-22:45,5754,5754,5744,5748
 2016/06/24-23:00,5749,5755,5743,5751
 2016/06/24-23:15,5752,5761,5751,5756
 2016/06/24-23:30,5756,5777,5756,5774
 2016/06/24-09:15,5778,5784,5766,5775
 2016/06/24-09:30,5774,5780,5771,5776
 2016/06/24-09:45,5777,5786,5776,5782
 2016/06/24-10:00,5783,5784,5777,5778
 2016/06/24-10:15,5778,5779,5774,5776
 2016/06/24-10:45,5775,5775,5761,5762
 2016/06/24-11:00,5761,5767,5756,5758
 2016/06/24-11:15,5758,5766,5755,5764
 2016/06/24-11:30,5764,5765,5757,5759
 2016/06/24-13:45,5758,5773,5736,5763
 2016/06/24-14:00,5763,5774,5751,5752
 2016/06/24-14:15,5753,5758,5749,5756
 2016/06/24-14:30,5756,5757,5746,5748
 2016/06/24-14:45,5747,5749,5734,5740
 2016/06/24-15:00,5739,5741,5701,5705
 2016/06/27-21:15,5700,5724,5700,5718
 2016/06/27-21:30,5718,5730,5716,5724
 2016/06/27-21:45,5725,5733,5722,5727
 2016/06/27-22:00,5727,5732,5727,5732
 2016/06/27-22:15,5731,5735,5728,5731
 2016/06/27-22:30,5732,5736,5728,5735
 2016/06/27-22:45,5735,5739,5733,5734
 2016/06/27-23:00,5733,5752,5733,5747
 2016/06/27-23:15,5749,5750,5741,5746
 2016/06/27-23:30,5745,5750,5742,5749
 2016/06/27-09:15,5747,5815,5747,5789
 2016/06/27-09:30,5789,5793,5783,5787
 2016/06/27-09:45,5788,5793,5786,5789
 2016/06/27-10:00,5790,5792,5785,5791
 2016/06/27-10:15,5792,5796,5763,5771
 2016/06/27-10:45,5771,5776,5770,5774
 2016/06/27-11:00,5774,5777,5772,5775
 2016/06/27-11:15,5775,5782,5769,5779
 2016/06/27-11:30,5779,5783,5776,5780
 2016/06/27-13:45,5780,5792,5775,5787
 2016/06/27-14:00,5788,5790,5784,5787
 2016/06/27-14:15,5787,5793,5786,5791
 2016/06/27-14:30,5792,5792,5783,5783
 2016/06/27-14:45,5783,5788,5779,5786
 2016/06/27-15:00,5786,5787,5778,5781
 2016/06/28-21:15,5777,5793,5775,5791
 2016/06/28-21:30,5790,5797,5788,5790
 2016/06/28-21:45,5790,5792,5781,5782
 2016/06/28-22:00,5783,5787,5778,5787
 2016/06/28-22:15,5787,5792,5785,5789
 2016/06/28-22:30,5790,5791,5786,5789
 2016/06/28-22:45,5789,5791,5786,5788
 2016/06/28-23:00,5788,5789,5783,5786
 2016/06/28-23:15,5787,5793,5783,5791
 2016/06/28-23:30,5791,5809,5789,5808
 2016/06/28-09:15,5808,5837,5808,5831
 2016/06/28-09:30,5832,5839,5821,5828
 2016/06/28-09:45,5828,5833,5825,5829
 2016/06/28-10:00,5830,5840,5828,5839
 2016/06/28-10:15,5840,5842,5831,5835
 2016/06/28-10:45,5836,5842,5835,5837
 2016/06/28-11:00,5836,5848,5836,5843
 2016/06/28-11:15,5844,5867,5842,5845
 2016/06/28-11:30,5843,5850,5830,5842
 2016/06/28-13:45,5845,5847,5843,5846
 2016/06/28-14:00,5846,5854,5836,5840
 2016/06/28-14:15,5840,5849,5840,5845
 2016/06/28-14:30,5846,5852,5840,5842
 2016/06/28-14:45,5842,5843,5828,5833
 2016/06/28-15:00,5832,5837,5829,5833
 2016/06/29-21:15,5850,5875,5850,5863
 2016/06/29-21:30,5863,5871,5862,5871
 2016/06/29-21:45,5871,5878,5867,5872
 2016/06/29-22:00,5872,5874,5860,5873
 2016/06/29-22:15,5873,5878,5870,5872
 2016/06/29-22:30,5871,5872,5865,5869
 2016/06/29-22:45,5868,5872,5857,5861
 2016/06/29-23:00,5861,5863,5858,5861
 2016/06/29-23:15,5861,5862,5852,5862
 2016/06/29-23:30,5861,5872,5861,5866
 2016/06/29-09:15,5866,5873,5865,5871
 2016/06/29-09:30,5872,5880,5835,5847
 2016/06/29-09:45,5847,5849,5838,5844
 2016/06/29-10:00,5844,5845,5835,5837
 2016/06/29-10:15,5841,5849,5839,5844
 2016/06/29-10:45,5846,5847,5819,5828
 2016/06/29-11:00,5827,5834,5822,5828
 2016/06/29-11:15,5828,5833,5822,5829
 2016/06/29-11:30,5830,5839,5827,5835
 2016/06/29-13:45,5836,5836,5827,5829
 2016/06/29-14:00,5829,5844,5826,5842
 2016/06/29-14:15,5842,5844,5834,5842
 2016/06/29-14:30,5843,5848,5837,5841
 2016/06/29-14:45,5841,5844,5838,5841
 2016/06/29-15:00,5841,5847,5841,5841
 2016/06/30-21:15,5883,5932,5883,5931
 2016/06/30-21:30,5932,5953,5932,5949
 2016/06/30-21:45,5950,5952,5925,5935
 2016/06/30-22:00,5935,5954,5934,5949
 2016/06/30-22:15,5950,6009,5949,6007
 2016/06/30-22:30,6006,6021,5997,6002
 2016/06/30-22:45,6001,6010,5994,6004
 2016/06/30-23:00,6004,6014,5997,6006
 2016/06/30-23:15,6005,6010,5984,5994
 2016/06/30-23:30,5994,6003,5984,5992
 2016/06/30-09:15,6018,6087,6018,6082
 2016/06/30-09:30,6083,6088,6069,6072
 2016/06/30-09:45,6072,6090,6068,6090
 2016/06/30-10:00,6090,6090,6088,6090
 2016/06/30-10:15,6090,6090,6090,6090
 2016/06/30-10:45,6090,6090,6090,6090
 2016/06/30-11:00,6090,6090,6090,6090
 2016/06/30-11:15,6090,6090,6090,6090
 2016/06/30-11:30,6090,6090,6084,6090
 2016/06/30-13:45,6090,6090,6090,6090
 2016/06/30-14:00,6090,6090,6090,6090
 2016/06/30-14:15,6090,6090,6090,6090
 2016/06/30-14:30,6090,6090,6090,6090
 2016/06/30-14:45,6090,6090,6090,6090
 2016/06/30-15:00,6090,6090,6090,6090
 2016/07/01-21:15,6090,6090,6036,6042
 2016/07/01-21:30,6041,6046,6031,6037
 2016/07/01-21:45,6036,6038,6004,6014
 2016/07/01-22:00,6013,6014,5980,5980
 2016/07/01-22:15,5980,5991,5965,5990
 2016/07/01-22:30,5990,5991,5978,5986
 2016/07/01-22:45,5986,5987,5954,5982
 2016/07/01-23:00,5982,5999,5974,5993
 2016/07/01-23:15,5993,5996,5982,5990
 2016/07/01-23:30,5989,6005,5988,5993
 2016/07/01-09:15,6000,6009,5973,5988
 2016/07/01-09:30,5987,6001,5979,5993
 2016/07/01-09:45,5993,5995,5985,5992
 2016/07/01-10:00,5993,6007,5990,6000
 2016/07/01-10:15,6000,6002,5982,5987
 2016/07/01-10:45,5987,6001,5986,5991
 2016/07/01-11:00,5992,6000,5988,5995
 2016/07/01-11:15,5995,5997,5984,5989
 2016/07/01-11:30,5989,5991,5983,5984
 2016/07/01-13:45,5985,5996,5981,5995
 2016/07/01-14:00,5996,6023,5993,6018
 2016/07/01-14:15,6019,6020,6002,6011
 2016/07/01-14:30,6010,6017,5973,5987
 2016/07/01-14:45,5987,5992,5985,5988
 2016/07/01-15:00,5989,5992,5979,5984
 2016/07/04-21:15,6010,6034,6007,6029
 2016/07/04-21:30,6029,6047,6027,6040
 2016/07/04-21:45,6040,6056,6040,6056
 2016/07/04-22:00,6056,6087,6053,6075
 2016/07/04-22:15,6075,6126,6063,6126
 2016/07/04-22:30,6126,6142,6114,6122
 2016/07/04-22:45,6124,6125,6107,6112
 2016/07/04-23:00,6113,6143,6109,6141
 2016/07/04-23:15,6142,6170,6115,6119
 2016/07/04-23:30,6119,6145,6113,6117
 2016/07/04-09:15,6114,6125,6062,6091
 2016/07/04-09:30,6090,6116,6075,6100
 2016/07/04-09:45,6100,6109,6091,6107
 2016/07/04-10:00,6107,6137,6092,6105
 2016/07/04-10:15,6105,6116,6093,6104
 2016/07/04-10:45,6104,6135,6096,6134
 2016/07/04-11:00,6134,6134,6102,6108
 2016/07/04-11:15,6108,6113,6094,6104
 2016/07/04-11:30,6104,6116,6086,6097
 2016/07/04-13:45,6098,6109,6086,6091
 2016/07/04-14:00,6090,6096,6074,6079
 2016/07/04-14:15,6079,6087,6076,6085
 2016/07/04-14:30,6085,6100,6078,6095
 2016/07/04-14:45,6094,6096,6081,6090
 2016/07/04-15:00,6089,6090,6074,6074
 2016/07/05-21:15,6068,6088,6031,6068
 2016/07/05-21:30,6069,6073,6054,6070
 2016/07/05-21:45,6070,6076,6062,6069
 2016/07/05-22:00,6072,6076,6058,6059
 2016/07/05-22:15,6059,6065,6051,6058
 2016/07/05-22:30,6058,6065,6025,6026
 2016/07/05-22:45,6026,6042,6002,6037
 2016/07/05-23:00,6034,6042,6028,6032
 2016/07/05-23:15,6032,6044,6028,6040
 2016/07/05-23:30,6040,6052,6040,6047
 2016/07/05-09:15,6047,6055,6025,6037
 2016/07/05-09:30,6037,6044,6018,6029
 2016/07/05-09:45,6028,6028,5889,5973
 2016/07/05-10:00,5973,5976,5954,5971
 2016/07/05-10:15,5972,5979,5964,5964
 2016/07/05-10:45,5964,5975,5963,5969
 2016/07/05-11:00,5969,5975,5966,5970
 2016/07/05-11:15,5971,5971,5960,5963
 2016/07/05-11:30,5963,5963,5942,5948
 2016/07/05-13:45,5949,5950,5934,5945
 2016/07/05-14:00,5945,5953,5943,5952
 2016/07/05-14:15,5953,5959,5947,5958
 2016/07/05-14:30,5959,5974,5952,5969
 2016/07/05-14:45,5969,5980,5964,5976
 2016/07/05-15:00,5977,5984,5963,5978
 2016/07/06-21:15,6001,6064,6001,6049
 2016/07/06-21:30,6049,6056,6028,6030
 2016/07/06-21:45,6030,6037,6006,6022
 2016/07/06-22:00,6022,6026,5981,5994
 2016/07/06-22:15,5993,6001,5958,5968
 2016/07/06-22:30,5968,5968,5937,5955
 2016/07/06-22:45,5954,5958,5944,5954
 2016/07/06-23:00,5955,5956,5925,5927
 2016/07/06-23:15,5927,5930,5903,5913
 2016/07/06-23:30,5912,5950,5905,5944
 2016/07/06-09:15,5955,5977,5944,5952
 2016/07/06-09:30,5953,5958,5931,5946
 2016/07/06-09:45,5947,5980,5945,5977
 2016/07/06-10:00,5978,5999,5972,5992
 2016/07/06-10:15,5993,5994,5981,5990
 2016/07/06-10:45,5990,6004,5983,6003
 2016/07/06-11:00,6003,6004,5983,5985
 2016/07/06-11:15,5984,5990,5975,5988
 2016/07/06-11:30,5987,5994,5983,5986
 2016/07/06-13:45,5984,5997,5980,5994
 2016/07/06-14:00,5994,6017,5993,6005
 2016/07/06-14:15,6006,6008,5984,5991
 2016/07/06-14:30,5992,5992,5960,5980
 2016/07/06-14:45,5980,5985,5956,5967
 2016/07/06-15:00,5968,5978,5966,5971
 2016/07/07-21:15,5900,5931,5887,5921
 2016/07/07-21:30,5921,5932,5915,5928
 2016/07/07-21:45,5929,5940,5921,5938
 2016/07/07-22:00,5938,5945,5934,5937
 2016/07/07-22:15,5938,5941,5925,5933
 2016/07/07-22:30,5932,5936,5924,5929
 2016/07/07-22:45,5929,5931,5921,5924
 2016/07/07-23:00,5924,5935,5923,5934
 2016/07/07-23:15,5934,5938,5928,5935
 2016/07/07-23:30,5935,5945,5928,5930
 2016/07/07-09:15,5937,5949,5922,5934
 2016/07/07-09:30,5934,5938,5923,5934
 2016/07/07-09:45,5936,5940,5927,5932
 2016/07/07-10:00,5934,5940,5931,5937
 2016/07/07-10:15,5938,5942,5934,5939
 2016/07/07-10:45,5939,5945,5934,5938
 2016/07/07-11:00,5938,5939,5930,5937
 2016/07/07-11:15,5937,5941,5934,5936
 2016/07/07-11:30,5936,5948,5935,5946
 2016/07/07-13:45,5946,5961,5923,5929
 2016/07/07-14:00,5929,5931,5910,5910
 2016/07/07-14:15,5910,5923,5902,5918
 2016/07/07-14:30,5918,5921,5908,5912
 2016/07/07-14:45,5913,5918,5905,5905
 2016/07/07-15:00,5905,5909,5881,5885
 2016/07/08-21:15,5903,5916,5891,5905
 2016/07/08-21:30,5906,5911,5894,5894
 2016/07/08-21:45,5895,5900,5875,5884
 2016/07/08-22:00,5884,5888,5854,5866
 2016/07/08-22:15,5865,5867,5852,5853
 2016/07/08-22:30,5853,5858,5846,5855
 2016/07/08-22:45,5854,5867,5851,5866
 2016/07/08-23:00,5866,5867,5854,5859
 2016/07/08-23:15,5859,5862,5853,5856
 2016/07/08-23:30,5856,5857,5830,5848
 2016/07/08-09:15,5848,5848,5808,5828
 2016/07/08-09:30,5828,5832,5811,5817
 2016/07/08-09:45,5815,5830,5814,5823
 2016/07/08-10:00,5822,5823,5815,5815
 2016/07/08-10:15,5815,5817,5800,5805
 2016/07/08-10:45,5805,5805,5765,5782
 2016/07/08-11:00,5784,5806,5783,5796
 2016/07/08-11:15,5797,5804,5790,5794
 2016/07/08-11:30,5794,5795,5783,5783
 2016/07/08-13:45,5769,5787,5766,5774
 2016/07/08-14:00,5775,5776,5761,5764
 2016/07/08-14:15,5763,5774,5758,5769
 2016/07/08-14:30,5769,5782,5769,5775
 2016/07/08-14:45,5775,5779,5772,5773
 2016/07/08-15:00,5773,5788,5772,5784
 2016/07/11-21:15,5785,5798,5755,5764
 2016/07/11-21:30,5763,5787,5763,5784
 2016/07/11-21:45,5783,5806,5782,5806
 2016/07/11-22:00,5805,5818,5801,5806
 2016/07/11-22:15,5806,5817,5804,5814
 2016/07/11-22:30,5814,5818,5796,5801
 2016/07/11-22:45,5801,5814,5798,5809
 2016/07/11-23:00,5808,5838,5807,5823
 2016/07/11-23:15,5824,5836,5818,5830
 2016/07/11-23:30,5829,5836,5821,5822
 2016/07/11-09:15,5814,5822,5801,5812
 2016/07/11-09:30,5812,5819,5804,5816
 2016/07/11-09:45,5817,5817,5806,5811
 2016/07/11-10:00,5812,5815,5808,5810
 2016/07/11-10:15,5809,5811,5806,5808
 2016/07/11-10:45,5809,5819,5808,5813
 2016/07/11-11:00,5813,5829,5812,5827
 2016/07/11-11:15,5827,5831,5819,5821
 2016/07/11-11:30,5821,5834,5820,5828
 2016/07/11-13:45,5828,5842,5828,5841
 2016/07/11-14:00,5840,5848,5814,5825
 2016/07/11-14:15,5822,5832,5819,5827
 2016/07/11-14:30,5827,5829,5819,5825
 2016/07/11-14:45,5825,5825,5819,5823
 2016/07/11-15:00,5822,5826,5813,5821
 2016/07/12-21:15,5850,5856,5833,5845
 2016/07/12-21:30,5846,5869,5845,5862
 2016/07/12-21:45,5863,5866,5846,5850
 2016/07/12-22:00,5849,5856,5841,5852
 2016/07/12-22:15,5854,5860,5852,5854
 2016/07/12-22:30,5854,5866,5851,5866
 2016/07/12-22:45,5865,5873,5859,5870
 2016/07/12-23:00,5870,5894,5869,5886
 2016/07/12-23:15,5887,5910,5885,5905
 2016/07/12-23:30,5906,5915,5894,5911
 2016/07/12-09:15,5926,5955,5926,5945
 2016/07/12-09:30,5946,5953,5938,5943
 2016/07/12-09:45,5944,5946,5935,5940
 2016/07/12-10:00,5941,5950,5939,5948
 2016/07/12-10:15,5948,5950,5941,5948
 2016/07/12-10:45,5948,5950,5938,5941
 2016/07/12-11:00,5941,5942,5937,5938
 2016/07/12-11:15,5938,5942,5922,5935
 2016/07/12-11:30,5935,5941,5924,5937
 2016/07/12-13:45,5938,5941,5911,5923
 2016/07/12-14:00,5923,5926,5915,5923
 2016/07/12-14:15,5923,5933,5922,5931
 2016/07/12-14:30,5931,5945,5929,5943
 2016/07/12-14:45,5943,5946,5923,5933
 2016/07/12-15:00,5933,5941,5924,5924
 2016/07/13-21:15,5900,5900,5870,5881
 2016/07/13-21:30,5881,5891,5876,5888
 2016/07/13-21:45,5888,5895,5881,5887
 2016/07/13-22:00,5887,5890,5863,5874
 2016/07/13-22:15,5874,5880,5853,5858
 2016/07/13-22:30,5858,5862,5847,5855
 2016/07/13-22:45,5856,5866,5853,5865
 2016/07/13-23:00,5865,5871,5861,5863
 2016/07/13-23:15,5864,5865,5858,5863
 2016/07/13-23:30,5863,5866,5849,5857
 2016/07/13-09:15,5855,5886,5855,5886
 2016/07/13-09:30,5886,5909,5880,5906
 2016/07/13-09:45,5907,5917,5898,5907
 2016/07/13-10:00,5906,5909,5890,5890
 2016/07/13-10:15,5890,5907,5888,5905
 2016/07/13-10:45,5904,5913,5901,5913
 2016/07/13-11:00,5913,5928,5911,5923
 2016/07/13-11:15,5922,5926,5913,5921
 2016/07/13-11:30,5921,5926,5913,5926
 2016/07/13-13:45,5927,5940,5923,5929
 2016/07/13-14:00,5929,5929,5907,5913
 2016/07/13-14:15,5913,5914,5901,5902
 2016/07/13-14:30,5904,5912,5895,5907
 2016/07/13-14:45,5907,5912,5898,5905
 2016/07/13-15:00,5906,5909,5901,5907
 2016/07/14-21:15,5930,5966,5927,5956
 2016/07/14-21:30,5957,5963,5938,5941
 2016/07/14-21:45,5942,5950,5925,5927
 2016/07/14-22:00,5927,5937,5907,5916
 2016/07/14-22:15,5916,5933,5915,5930
 2016/07/14-22:30,5930,5930,5921,5924
 2016/07/14-22:45,5924,5930,5914,5920
 2016/07/14-23:00,5919,5927,5910,5916
 2016/07/14-23:15,5915,5919,5907,5912
 2016/07/14-23:30,5911,5913,5902,5910
 2016/07/14-09:15,5891,5891,5826,5864
 2016/07/14-09:30,5863,5876,5857,5870
 2016/07/14-09:45,5866,5873,5862,5869
 2016/07/14-10:00,5870,5875,5865,5870
 2016/07/14-10:15,5870,5871,5863,5866
 2016/07/14-10:45,5865,5866,5828,5848
 2016/07/14-11:00,5848,5867,5847,5863
 2016/07/14-11:15,5864,5865,5856,5861
 2016/07/14-11:30,5861,5865,5860,5861
 2016/07/14-13:45,5860,5865,5857,5864
 2016/07/14-14:00,5864,5865,5855,5861
 2016/07/14-14:15,5861,5864,5860,5861
 2016/07/14-14:30,5861,5862,5853,5856
 2016/07/14-14:45,5856,5861,5849,5853
 2016/07/14-15:00,5852,5878,5851,5878
 2016/07/15-21:15,5938,5944,5923,5927
 2016/07/15-21:30,5929,5939,5924,5924
 2016/07/15-21:45,5925,5928,5908,5909
 2016/07/15-22:00,5909,5913,5901,5904
 2016/07/15-22:15,5905,5912,5897,5909
 2016/07/15-22:30,5910,5918,5907,5916
 2016/07/15-22:45,5917,5927,5908,5926
 2016/07/15-23:00,5927,5928,5916,5918
 2016/07/15-23:15,5919,5932,5919,5925
 2016/07/15-23:30,5925,5930,5918,5926
 2016/07/15-09:15,5911,5917,5895,5908
 2016/07/15-09:30,5908,5912,5898,5899
 2016/07/15-09:45,5899,5901,5878,5880
 2016/07/15-10:00,5881,5887,5875,5880
 2016/07/15-10:15,5880,5889,5878,5887
 2016/07/15-10:45,5887,5889,5882,5886
 2016/07/15-11:00,5887,5890,5881,5888
 2016/07/15-11:15,5889,5889,5877,5880
 2016/07/15-11:30,5880,5884,5864,5869
 2016/07/15-13:45,5869,5880,5860,5876
 2016/07/15-14:00,5876,5879,5873,5877
 2016/07/15-14:15,5877,5885,5873,5883
 2016/07/15-14:30,5883,5885,5876,5878
 2016/07/15-14:45,5877,5886,5875,5883
 2016/07/15-15:00,5883,5900,5879,5897
 2016/07/18-21:15,5879,5887,5855,5856
 2016/07/18-21:30,5857,5857,5832,5833
 2016/07/18-21:45,5832,5844,5823,5841
 2016/07/18-22:00,5841,5855,5840,5851
 2016/07/18-22:15,5851,5856,5846,5848
 2016/07/18-22:30,5848,5851,5841,5848
 2016/07/18-22:45,5847,5853,5844,5848
 2016/07/18-23:00,5848,5850,5841,5849
 2016/07/18-23:15,5849,5850,5842,5848
 2016/07/18-23:30,5848,5849,5835,5837
 2016/07/18-09:15,5844,5844,5811,5835
 2016/07/18-09:30,5836,5850,5830,5840
 2016/07/18-09:45,5839,5844,5836,5840
 2016/07/18-10:00,5840,5844,5836,5840
 2016/07/18-10:15,5841,5843,5836,5840
 2016/07/18-10:45,5840,5845,5839,5841
 2016/07/18-11:00,5841,5844,5836,5842
 2016/07/18-11:15,5842,5844,5832,5841
 2016/07/18-11:30,5841,5842,5838,5841
 2016/07/18-13:45,5841,5858,5841,5854
 2016/07/18-14:00,5854,5858,5850,5853
 2016/07/18-14:15,5853,5855,5849,5853
 2016/07/18-14:30,5853,5854,5843,5844
 2016/07/18-14:45,5844,5846,5829,5831
 2016/07/18-15:00,5832,5851,5828,5850
 2016/07/19-21:15,5840,5858,5840,5851
 2016/07/19-21:30,5850,5869,5850,5865
 2016/07/19-21:45,5865,5878,5860,5863
 2016/07/19-22:00,5863,5863,5836,5852
 2016/07/19-22:15,5851,5866,5850,5862
 2016/07/19-22:30,5862,5870,5860,5862
 2016/07/19-22:45,5862,5863,5854,5858
 2016/07/19-23:00,5859,5865,5855,5861
 2016/07/19-23:15,5862,5868,5861,5864
 2016/07/19-23:30,5864,5877,5860,5873
 2016/07/19-09:15,5882,5897,5863,5890
 2016/07/19-09:30,5891,5897,5885,5891
 2016/07/19-09:45,5892,5893,5883,5885
 2016/07/19-10:00,5886,5913,5886,5906
 2016/07/19-10:15,5906,5910,5892,5898
 2016/07/19-10:45,5899,5900,5889,5899
 2016/07/19-11:00,5899,5904,5892,5892
 2016/07/19-11:15,5893,5900,5891,5892
 2016/07/19-11:30,5892,5893,5872,5879
 2016/07/19-13:45,5876,5884,5873,5881
 2016/07/19-14:00,5881,5881,5869,5877
 2016/07/19-14:15,5876,5898,5872,5892
 2016/07/19-14:30,5892,5906,5885,5903
 2016/07/19-14:45,5904,5908,5894,5907
 2016/07/19-15:00,5907,5914,5901,5902
 2016/07/20-21:15,6270,6279,6260,6265
 2016/07/20-21:30,6266,6277,6263,6275
 2016/07/20-21:45,6275,6288,6269,6284
 2016/07/20-22:00,6284,6287,6276,6277
 2016/07/20-22:15,6277,6279,6267,6273
 2016/07/20-22:30,6273,6281,6271,6280
 2016/07/20-22:45,6280,6281,6272,6273
 2016/07/20-23:00,6274,6280,6272,6279
 2016/07/20-23:15,6280,6285,6276,6279
 2016/07/20-23:30,6281,6285,6275,6283
 2016/07/20-09:15,6277,6280,6265,6277
 2016/07/20-09:30,6276,6277,6249,6257
 2016/07/20-09:45,6257,6258,6248,6254
 2016/07/20-10:00,6254,6258,6251,6255
 2016/07/20-10:15,6255,6257,6235,6247
 2016/07/20-10:45,6245,6250,6240,6244
 2016/07/20-11:00,6244,6250,6238,6248
 2016/07/20-11:15,6245,6245,6225,6241
 2016/07/20-11:30,6241,6242,6235,6236
 2016/07/20-13:45,6235,6245,6232,6243
 2016/07/20-14:00,6242,6244,6236,6237
 2016/07/20-14:15,6236,6251,6233,6251
 2016/07/20-14:30,6252,6257,6248,6254
 2016/07/20-14:45,6255,6262,6252,6259
 2016/07/20-15:00,6258,6261,6245,6247
 2016/07/21-21:15,6234,6234,6198,6214
 2016/07/21-21:30,6213,6221,6207,6219
 2016/07/21-21:45,6219,6232,6216,6224
 2016/07/21-22:00,6225,6239,6225,6230
 2016/07/21-22:15,6230,6233,6225,6230
 2016/07/21-22:30,6229,6230,6221,6223
 2016/07/21-22:45,6223,6228,6219,6225
 2016/07/21-23:00,6224,6229,6224,6229
 2016/07/21-23:15,6229,6235,6227,6230
 2016/07/21-23:30,6229,6234,6227,6233
 2016/07/21-09:15,6228,6238,6223,6234
 2016/07/21-09:30,6234,6238,6228,6236
 2016/07/21-09:45,6237,6243,6234,6240
 2016/07/21-10:00,6241,6241,6234,6239
 2016/07/21-10:15,6238,6255,6238,6253
 2016/07/21-10:45,6253,6256,6246,6246
 2016/07/21-11:00,6246,6253,6245,6250
 2016/07/21-11:15,6250,6253,6241,6248
 2016/07/21-11:30,6249,6256,6241,6249
 2016/07/21-13:45,6249,6260,6246,6258
 2016/07/21-14:00,6259,6260,6246,6253
 2016/07/21-14:15,6253,6258,6245,6256
 2016/07/21-14:30,6255,6257,6248,6251
 2016/07/21-14:45,6251,6256,6251,6253
 2016/07/21-15:00,6253,6256,6244,6245
 2016/07/22-21:15,6274,6290,6263,6278
 2016/07/22-21:30,6278,6285,6265,6285
 2016/07/22-21:45,6285,6294,6279,6286
 2016/07/22-22:00,6286,6289,6278,6279
 2016/07/22-22:15,6280,6287,6279,6285
 2016/07/22-22:30,6285,6309,6284,6297
 2016/07/22-22:45,6297,6300,6286,6292
 2016/07/22-23:00,6292,6292,6275,6286
 2016/07/22-23:15,6286,6292,6282,6292
 2016/07/22-23:30,6292,6292,6278,6280
 2016/07/22-09:15,6265,6265,6215,6248
 2016/07/22-09:30,6247,6253,6244,6250
 2016/07/22-09:45,6251,6251,6247,6248
 2016/07/22-10:00,6247,6252,6240,6243
 2016/07/22-10:15,6242,6244,6231,6238
 2016/07/22-10:45,6237,6246,6226,6229
 2016/07/22-11:00,6229,6232,6220,6226
 2016/07/22-11:15,6226,6227,6206,6221
 2016/07/22-11:30,6220,6226,6211,6224
 2016/07/22-13:45,6221,6224,6215,6224
 2016/07/22-14:00,6223,6226,6213,6215
 2016/07/22-14:15,6214,6226,6210,6226
 2016/07/22-14:30,6227,6227,6219,6224
 2016/07/22-14:45,6224,6225,6216,6217
 2016/07/22-15:00,6216,6220,6207,6216
 2016/07/25-21:15,6214,6224,6188,6200
 2016/07/25-21:30,6201,6218,6200,6213
 2016/07/25-21:45,6213,6218,6207,6210
 2016/07/25-22:00,6210,6212,6205,6210
 2016/07/25-22:15,6210,6213,6203,6209
 2016/07/25-22:30,6208,6210,6203,6205
 2016/07/25-22:45,6205,6209,6199,6209
 2016/07/25-23:00,6209,6213,6202,6210
 2016/07/25-23:15,6210,6212,6206,6208
 2016/07/25-23:30,6209,6213,6200,6212
 2016/07/25-09:15,6226,6235,6221,6232
 2016/07/25-09:30,6233,6239,6230,6236
 2016/07/25-09:45,6238,6239,6232,6234
 2016/07/25-10:00,6233,6237,6226,6237
 2016/07/25-10:15,6237,6245,6233,6242
 2016/07/25-10:45,6242,6248,6239,6244
 2016/07/25-11:00,6244,6245,6231,6232
 2016/07/25-11:15,6233,6234,6226,6231
 2016/07/25-11:30,6232,6234,6228,6231
 2016/07/25-13:45,6232,6238,6228,6235
 2016/07/25-14:00,6235,6238,6230,6230
 2016/07/25-14:15,6230,6233,6221,6221
 2016/07/25-14:30,6221,6227,6218,6226
 2016/07/25-14:45,6226,6228,6223,6227
 2016/07/25-15:00,6228,6232,6226,6228
 2016/07/26-21:15,6249,6261,6245,6248
 2016/07/26-21:30,6248,6250,6238,6239
 2016/07/26-21:45,6239,6247,6237,6246
 2016/07/26-22:00,6246,6275,6245,6267
 2016/07/26-22:15,6267,6278,6264,6266
 2016/07/26-22:30,6267,6271,6260,6268
 2016/07/26-22:45,6268,6282,6265,6276
 2016/07/26-23:00,6276,6278,6268,6271
 2016/07/26-23:15,6271,6276,6270,6271
 2016/07/26-23:30,6271,6273,6264,6267
 2016/07/26-09:15,6260,6261,6249,6259
 2016/07/26-09:30,6261,6261,6252,6254
 2016/07/26-09:45,6253,6255,6226,6238
 2016/07/26-10:00,6237,6238,6232,6235
 2016/07/26-10:15,6236,6236,6220,6224
 2016/07/26-10:45,6223,6228,6215,6223
 2016/07/26-11:00,6223,6224,6203,6203
 2016/07/26-11:15,6204,6215,6200,6213
 2016/07/26-11:30,6213,6214,6207,6212
 2016/07/26-13:45,6214,6223,6212,6222
 2016/07/26-14:00,6223,6229,6221,6226
 2016/07/26-14:15,6226,6236,6225,6234
 2016/07/26-14:30,6235,6235,6226,6228
 2016/07/26-14:45,6228,6239,6228,6236
 2016/07/26-15:00,6236,6237,6229,6233
 2016/07/27-21:15,6185,6195,6163,6192
 2016/07/27-21:30,6193,6199,6186,6198
 2016/07/27-21:45,6198,6206,6195,6203
 2016/07/27-22:00,6203,6205,6192,6197
 2016/07/27-22:15,6197,6199,6184,6187
 2016/07/27-22:30,6187,6195,6185,6193
 2016/07/27-22:45,6194,6200,6192,6200
 2016/07/27-23:00,6200,6203,6196,6196
 2016/07/27-23:15,6197,6203,6194,6199
 2016/07/27-23:30,6200,6202,6195,6196
 2016/07/27-09:15,6198,6208,6189,6190
 2016/07/27-09:30,6190,6203,6190,6200
 2016/07/27-09:45,6202,6207,6195,6199
 2016/07/27-10:00,6199,6199,6192,6197
 2016/07/27-10:15,6197,6203,6195,6202
 2016/07/27-10:45,6202,6215,6198,6214
 2016/07/27-11:00,6214,6218,6204,6204
 2016/07/27-11:15,6205,6207,6197,6202
 2016/07/27-11:30,6201,6202,6195,6195
 2016/07/27-13:45,6194,6198,6183,6194
 2016/07/27-14:00,6194,6194,6172,6189
 2016/07/27-14:15,6190,6197,6181,6194
 2016/07/27-14:30,6195,6199,6192,6193
 2016/07/27-14:45,6193,6194,6188,6192
 2016/07/27-15:00,6192,6192,6182,6190
 2016/07/28-21:15,6162,6184,6161,6176
 2016/07/28-21:30,6177,6183,6168,6182
 2016/07/28-21:45,6183,6195,6179,6187
 2016/07/28-22:00,6187,6192,6182,6189
 2016/07/28-22:15,6188,6202,6188,6194
 2016/07/28-22:30,6194,6196,6186,6191
 2016/07/28-22:45,6190,6193,6184,6187
 2016/07/28-23:00,6187,6194,6183,6191
 2016/07/28-23:15,6191,6193,6182,6184
 2016/07/28-23:30,6183,6185,6178,6180
 2016/07/28-09:15,6176,6183,6157,6161
 2016/07/28-09:30,6160,6167,6158,6166
 2016/07/28-09:45,6166,6172,6165,6168
 2016/07/28-10:00,6169,6176,6167,6171
 2016/07/28-10:15,6172,6176,6165,6165
 2016/07/28-10:45,6165,6170,6162,6166
 2016/07/28-11:00,6167,6172,6160,6165
 2016/07/28-11:15,6165,6166,6150,6154
 2016/07/28-11:30,6154,6158,6151,6153
 2016/07/28-13:45,6153,6167,6150,6163
 2016/07/28-14:00,6162,6164,6143,6150
 2016/07/28-14:15,6150,6165,6147,6156
 2016/07/28-14:30,6156,6158,6143,6144
 2016/07/28-14:45,6144,6154,6142,6148
 2016/07/28-15:00,6148,6148,6122,6124
 2016/07/29-21:15,6134,6144,6130,6135
 2016/07/29-21:30,6136,6136,6122,6127
 2016/07/29-21:45,6126,6141,6125,6141
 2016/07/29-22:00,6141,6144,6136,6141
 2016/07/29-22:15,6141,6143,6135,6135
 2016/07/29-22:30,6136,6138,6121,6123
 2016/07/29-22:45,6124,6134,6124,6132
 2016/07/29-23:00,6132,6139,6131,6137
 2016/07/29-23:15,6137,6139,6126,6128
 2016/07/29-23:30,6130,6134,6124,6129
 2016/07/29-09:15,6125,6130,6118,6126
 2016/07/29-09:30,6125,6127,6090,6093
 2016/07/29-09:45,6093,6113,6091,6108
 2016/07/29-10:00,6109,6135,6109,6130
 2016/07/29-10:15,6130,6142,6127,6139
 2016/07/29-10:45,6139,6156,6136,6138
 2016/07/29-11:00,6139,6142,6135,6142
 2016/07/29-11:15,6142,6142,6132,6136
 2016/07/29-11:30,6135,6137,6131,6134
 2016/07/29-13:45,6132,6136,6119,6121
 2016/07/29-14:00,6121,6129,6117,6121
 2016/07/29-14:15,6121,6136,6118,6129
 2016/07/29-14:30,6130,6132,6123,6125
 2016/07/29-14:45,6124,6131,6121,6128
 2016/07/29-15:00,6128,6128,6100,6105
 2016/08/01-21:15,6124,6142,6124,6139
 2016/08/01-21:30,6140,6142,6133,6133
 2016/08/01-21:45,6133,6140,6130,6134
 2016/08/01-22:00,6134,6147,6134,6145
 2016/08/01-22:15,6145,6172,6143,6167
 2016/08/01-22:30,6167,6177,6165,6172
 2016/08/01-22:45,6172,6179,6169,6173
 2016/08/01-23:00,6172,6178,6169,6177
 2016/08/01-23:15,6177,6185,6175,6182
 2016/08/01-23:30,6182,6187,6179,6183
 2016/08/01-09:15,6163,6180,6163,6171
 2016/08/01-09:30,6171,6172,6157,6165
 2016/08/01-09:45,6165,6174,6163,6164
 2016/08/01-10:00,6164,6170,6163,6168
 2016/08/01-10:15,6168,6175,6164,6174
 2016/08/01-10:45,6175,6180,6169,6173
 2016/08/01-11:00,6173,6174,6169,6172
 2016/08/01-11:15,6172,6174,6157,6158
 2016/08/01-11:30,6159,6163,6151,6154
 2016/08/01-13:45,6154,6168,6153,6165
 2016/08/01-14:00,6165,6166,6152,6157
 2016/08/01-14:15,6157,6164,6157,6159
 2016/08/01-14:30,6159,6166,6153,6164
 2016/08/01-14:45,6164,6167,6160,6167
 2016/08/01-15:00,6167,6175,6151,6157
 2016/08/02-21:15,6151,6161,6144,6160
 2016/08/02-21:30,6160,6171,6156,6166
 2016/08/02-21:45,6166,6168,6152,6157
 2016/08/02-22:00,6157,6168,6156,6160
 2016/08/02-22:15,6161,6168,6159,6165
 2016/08/02-22:30,6164,6190,6162,6188
 2016/08/02-22:45,6188,6192,6181,6184
 2016/08/02-23:00,6185,6190,6184,6189
 2016/08/02-23:15,6188,6191,6183,6188
 2016/08/02-23:30,6188,6188,6171,6171
 2016/08/02-09:15,6155,6160,6140,6149
 2016/08/02-09:30,6150,6150,6135,6143
 2016/08/02-09:45,6143,6144,6132,6135
 2016/08/02-10:00,6136,6140,6132,6134
 2016/08/02-10:15,6133,6136,6127,6132
 2016/08/02-10:45,6133,6135,6129,6133
 2016/08/02-11:00,6133,6136,6128,6133
 2016/08/02-11:15,6131,6136,6128,6136
 2016/08/02-11:30,6136,6143,6134,6139
 2016/08/02-13:45,6138,6140,6132,6134
 2016/08/02-14:00,6133,6140,6132,6138
 2016/08/02-14:15,6137,6144,6136,6141
 2016/08/02-14:30,6141,6143,6136,6139
 2016/08/02-14:45,6140,6142,6131,6133
 2016/08/02-15:00,6133,6136,6129,6134
 2016/08/03-21:15,6159,6166,6157,6166
 2016/08/03-21:30,6166,6176,6165,6170
 2016/08/03-21:45,6171,6174,6155,6161
 2016/08/03-22:00,6161,6166,6158,6160
 2016/08/03-22:15,6161,6163,6147,6148
 2016/08/03-22:30,6147,6159,6143,6152
 2016/08/03-22:45,6152,6153,6145,6150
 2016/08/03-23:00,6150,6150,6138,6144
 2016/08/03-23:15,6143,6148,6138,6144
 2016/08/03-23:30,6144,6151,6139,6143
 2016/08/03-09:15,6155,6159,6151,6156
 2016/08/03-09:30,6156,6163,6151,6160
 2016/08/03-09:45,6160,6166,6158,6164
 2016/08/03-10:00,6164,6166,6157,6160
 2016/08/03-10:15,6160,6161,6155,6160
 2016/08/03-10:45,6161,6161,6157,6160
 2016/08/03-11:00,6160,6160,6145,6145
 2016/08/03-11:15,6145,6154,6143,6146
 2016/08/03-11:30,6146,6149,6140,6142
 2016/08/03-13:45,6141,6145,6140,6141
 2016/08/03-14:00,6141,6143,6134,6134
 2016/08/03-14:15,6135,6143,6133,6142
 2016/08/03-14:30,6142,6143,6136,6137
 2016/08/03-14:45,6137,6143,6132,6141
 2016/08/03-15:00,6141,6144,6130,6136
 2016/08/04-21:15,6130,6140,6125,6132
 2016/08/04-21:30,6132,6144,6130,6141
 2016/08/04-21:45,6141,6145,6137,6142
 2016/08/04-22:00,6141,6142,6130,6132
 2016/08/04-22:15,6132,6135,6129,6132
 2016/08/04-22:30,6132,6148,6131,6144
 2016/08/04-22:45,6144,6160,6141,6155
 2016/08/04-23:00,6156,6160,6151,6157
 2016/08/04-23:15,6157,6163,6148,6152
 2016/08/04-23:30,6152,6154,6147,6148
 2016/08/04-09:15,6148,6151,6136,6140
 2016/08/04-09:30,6139,6144,6138,6139
 2016/08/04-09:45,6139,6139,6132,6133
 2016/08/04-10:00,6133,6136,6128,6130
 2016/08/04-10:15,6128,6130,6104,6113
 2016/08/04-10:45,6111,6116,6106,6115
 2016/08/04-11:00,6114,6115,6108,6112
 2016/08/04-11:15,6112,6112,6082,6083
 2016/08/04-11:30,6084,6084,6058,6060
 2016/08/04-13:45,6063,6064,6049,6053
 2016/08/04-14:00,6053,6064,6049,6064
 2016/08/04-14:15,6063,6071,6054,6066
 2016/08/04-14:30,6066,6075,6064,6070
 2016/08/04-14:45,6069,6070,6057,6062
 2016/08/04-15:00,6062,6078,6061,6070
 2016/08/05-21:15,6070,6085,6065,6074
 2016/08/05-21:30,6074,6082,6071,6075
 2016/08/05-21:45,6075,6075,6061,6067
 2016/08/05-22:00,6066,6076,6061,6073
 2016/08/05-22:15,6073,6075,6066,6067
 2016/08/05-22:30,6068,6075,6061,6073
 2016/08/05-22:45,6074,6082,6072,6082
 2016/08/05-23:00,6081,6089,6076,6079
 2016/08/05-23:15,6080,6085,6077,6082
 2016/08/05-23:30,6082,6094,6078,6090
 2016/08/05-09:15,6113,6130,6113,6120
 2016/08/05-09:30,6119,6121,6112,6116
 2016/08/05-09:45,6115,6123,6114,6118
 2016/08/05-10:00,6118,6128,6115,6126
 2016/08/05-10:15,6125,6130,6117,6120
 2016/08/05-10:45,6120,6126,6120,6121
 2016/08/05-11:00,6121,6121,6115,6116
 2016/08/05-11:15,6115,6124,6115,6122
 2016/08/05-11:30,6122,6127,6121,6125
 2016/08/05-13:45,6125,6125,6121,6121
 2016/08/05-14:00,6123,6125,6116,6117
 2016/08/05-14:15,6117,6121,6111,6112
 2016/08/05-14:30,6112,6114,6103,6106
 2016/08/05-14:45,6106,6109,6100,6102
 2016/08/05-15:00,6102,6114,6100,6103
 2016/08/08-21:15,6114,6133,6105,6132
 2016/08/08-21:30,6132,6135,6125,6130
 2016/08/08-21:45,6129,6130,6119,6122
 2016/08/08-22:00,6122,6124,6117,6119
 2016/08/08-22:15,6119,6128,6119,6123
 2016/08/08-22:30,6123,6131,6122,6126
 2016/08/08-22:45,6125,6127,6114,6120
 2016/08/08-23:00,6119,6120,6100,6103
 2016/08/08-23:15,6102,6110,6100,6108
 2016/08/08-23:30,6108,6109,6100,6102
 2016/08/08-09:15,6148,6176,6128,6149
 2016/08/08-09:30,6149,6154,6141,6147
 2016/08/08-09:45,6148,6153,6145,6152
 2016/08/08-10:00,6152,6155,6145,6148
 2016/08/08-10:15,6147,6152,6145,6148
 2016/08/08-10:45,6148,6166,6146,6161
 2016/08/08-11:00,6161,6162,6154,6159
 2016/08/08-11:15,6159,6162,6153,6159
 2016/08/08-11:30,6159,6160,6154,6159
 2016/08/08-13:45,6160,6165,6157,6162
 2016/08/08-14:00,6163,6164,6154,6160
 2016/08/08-14:15,6159,6165,6159,6161
 2016/08/08-14:30,6161,6165,6160,6163
 2016/08/08-14:45,6162,6163,6157,6157
 2016/08/08-15:00,6157,6165,6148,6151
 2016/08/09-21:15,6176,6187,6163,6167
 2016/08/09-21:30,6166,6175,6166,6171
 2016/08/09-21:45,6170,6173,6163,6165
 2016/08/09-22:00,6165,6177,6165,6171
 2016/08/09-22:15,6172,6176,6171,6172
 2016/08/09-22:30,6173,6174,6157,6161
 2016/08/09-22:45,6160,6163,6153,6161
 2016/08/09-23:00,6160,6163,6151,6153
 2016/08/09-23:15,6154,6159,6152,6154
 2016/08/09-23:30,6154,6164,6154,6161
 2016/08/09-09:15,6156,6159,6142,6153
 2016/08/09-09:30,6153,6155,6147,6148
 2016/08/09-09:45,6148,6155,6147,6152
 2016/08/09-10:00,6151,6159,6144,6145
 2016/08/09-10:15,6144,6153,6140,6152
 2016/08/09-10:45,6153,6153,6147,6148
 2016/08/09-11:00,6148,6153,6147,6152
 2016/08/09-11:15,6152,6154,6148,6150
 2016/08/09-11:30,6150,6154,6148,6153
 2016/08/09-13:45,6152,6159,6150,6157
 2016/08/09-14:00,6158,6159,6154,6158
 2016/08/09-14:15,6159,6159,6154,6156
 2016/08/09-14:30,6156,6160,6151,6153
 2016/08/09-14:45,6152,6154,6147,6152
 2016/08/09-15:00,6151,6154,6146,6152
 2016/08/10-21:15,6159,6174,6156,6169
 2016/08/10-21:30,6169,6172,6157,6165
 2016/08/10-21:45,6166,6174,6165,6168
 2016/08/10-22:00,6169,6176,6167,6171
 2016/08/10-22:15,6172,6175,6169,6171
 2016/08/10-22:30,6171,6172,6163,6165
 2016/08/10-22:45,6166,6168,6160,6167
 2016/08/10-23:00,6166,6172,6164,6169
 2016/08/10-23:15,6170,6173,6169,6172
 2016/08/10-23:30,6173,6175,6166,6167
 2016/08/10-09:15,6136,6150,6136,6143
 2016/08/10-09:30,6143,6147,6138,6139
 2016/08/10-09:45,6139,6140,6122,6125
 2016/08/10-10:00,6126,6128,6113,6116
 2016/08/10-10:15,6116,6123,6110,6120
 2016/08/10-10:45,6121,6123,6118,6120
 2016/08/10-11:00,6120,6120,6111,6114
 2016/08/10-11:15,6114,6114,6100,6105
 2016/08/10-11:30,6105,6106,6094,6094
 2016/08/10-13:45,6096,6110,6089,6107
 2016/08/10-14:00,6107,6109,6098,6101
 2016/08/10-14:15,6101,6108,6097,6106
 2016/08/10-14:30,6106,6108,6102,6103
 2016/08/10-14:45,6103,6110,6103,6106
 2016/08/10-15:00,6106,6117,6104,6116
 2016/08/11-21:15,6120,6130,6118,6126
 2016/08/11-21:30,6128,6131,6113,6113
 2016/08/11-21:45,6114,6117,6106,6110
 2016/08/11-22:00,6110,6116,6105,6105
 2016/08/11-22:15,6105,6111,6103,6111
 2016/08/11-22:30,6110,6112,6107,6109
 2016/08/11-22:45,6109,6115,6108,6113
 2016/08/11-23:00,6113,6114,6110,6112
 2016/08/11-23:15,6112,6112,6100,6102
 2016/08/11-23:30,6101,6105,6096,6103
 2016/08/11-09:15,6077,6086,6070,6079
 2016/08/11-09:30,6079,6080,6060,6064
 2016/08/11-09:45,6063,6065,6046,6063
 2016/08/11-10:00,6063,6070,6056,6065
 2016/08/11-10:15,6064,6065,6055,6062
 2016/08/11-10:45,6060,6065,6059,6065
 2016/08/11-11:00,6065,6067,6061,6064
 2016/08/11-11:15,6064,6065,6059,6063
 2016/08/11-11:30,6063,6073,6056,6073
 2016/08/11-13:45,6073,6078,6067,6075
 2016/08/11-14:00,6074,6076,6067,6067
 2016/08/11-14:15,6067,6070,6062,6068
 2016/08/11-14:30,6068,6074,6064,6064
 2016/08/11-14:45,6065,6074,6059,6069
 2016/08/11-15:00,6069,6069,6054,6064
 2016/08/12-21:15,6067,6078,6067,6077
 2016/08/12-21:30,6076,6080,6072,6072
 2016/08/12-21:45,6073,6077,6071,6075
 2016/08/12-22:00,6074,6076,6066,6070
 2016/08/12-22:15,6071,6076,6070,6072
 2016/08/12-22:30,6072,6075,6070,6073
 2016/08/12-22:45,6073,6077,6070,6075
 2016/08/12-23:00,6075,6081,6074,6078
 2016/08/12-23:15,6077,6079,6075,6076
 2016/08/12-23:30,6076,6078,6072,6075
 2016/08/12-09:15,6071,6078,6067,6068
 2016/08/12-09:30,6068,6070,6063,6064
 2016/08/12-09:45,6065,6066,6058,6064
 2016/08/12-10:00,6063,6067,6061,6062
 2016/08/12-10:15,6062,6066,6060,6065
 2016/08/12-10:45,6065,6065,6061,6063
 2016/08/12-11:00,6063,6066,6061,6063
 2016/08/12-11:15,6064,6066,6056,6064
 2016/08/12-11:30,6065,6077,6063,6073
 2016/08/12-13:45,6074,6076,6069,6072
 2016/08/12-14:00,6072,6073,6067,6073
 2016/08/12-14:15,6072,6075,6069,6073
 2016/08/12-14:30,6072,6073,6070,6073
 2016/08/12-14:45,6072,6076,6070,6073
 2016/08/12-15:00,6073,6080,6064,6065
 2016/08/15-21:15,6072,6099,6070,6096
 2016/08/15-21:30,6096,6104,6093,6098
 2016/08/15-21:45,6098,6100,6095,6097
 2016/08/15-22:00,6097,6100,6090,6094
 2016/08/15-22:15,6095,6114,6094,6102
 2016/08/15-22:30,6102,6105,6094,6097
 2016/08/15-22:45,6096,6101,6094,6099
 2016/08/15-23:00,6100,6104,6098,6099
 2016/08/15-23:15,6099,6102,6092,6096
 2016/08/15-23:30,6096,6098,6092,6095
 2016/08/15-09:15,6091,6099,6084,6094
 2016/08/15-09:30,6095,6107,6093,6104
 2016/08/15-09:45,6105,6110,6104,6105
 2016/08/15-10:00,6107,6110,6100,6110
 2016/08/15-10:15,6110,6113,6101,6106
 2016/08/15-10:45,6106,6108,6105,6108
 2016/08/15-11:00,6108,6110,6105,6110
 2016/08/15-11:15,6109,6127,6107,6119
 2016/08/15-11:30,6121,6122,6115,6120
 2016/08/15-13:45,6121,6126,6121,6125
 2016/08/15-14:00,6125,6126,6119,6121
 2016/08/15-14:15,6122,6124,6117,6120
 2016/08/15-14:30,6121,6126,6119,6122
 2016/08/15-14:45,6122,6123,6111,6112
 2016/08/15-15:00,6113,6115,6103,6106
 2016/08/16-21:15,6110,6115,6098,6105
 2016/08/16-21:30,6105,6106,6095,6099
 2016/08/16-21:45,6098,6105,6098,6102
 2016/08/16-22:00,6102,6122,6101,6116
 2016/08/16-22:15,6116,6121,6113,6120
 2016/08/16-22:30,6119,6120,6114,6115
 2016/08/16-22:45,6116,6118,6109,6117
 2016/08/16-23:00,6117,6119,6114,6117
 2016/08/16-23:15,6116,6119,6112,6114
 2016/08/16-23:30,6114,6118,6113,6114
 2016/08/16-09:15,6128,6142,6128,6132
 2016/08/16-09:30,6132,6134,6130,6133
 2016/08/16-09:45,6133,6135,6118,6124
 2016/08/16-10:00,6123,6124,6115,6119
 2016/08/16-10:15,6119,6124,6118,6122
 2016/08/16-10:45,6122,6129,6119,6125
 2016/08/16-11:00,6126,6127,6123,6124
 2016/08/16-11:15,6123,6129,6123,6128
 2016/08/16-11:30,6128,6134,6126,6131
 2016/08/16-13:45,6131,6135,6129,6132
 2016/08/16-14:00,6131,6145,6131,6135
 2016/08/16-14:15,6135,6136,6124,6128
 2016/08/16-14:30,6128,6131,6125,6129
 2016/08/16-14:45,6129,6132,6127,6131
 2016/08/16-15:00,6131,6134,6119,6121
 2016/08/17-21:15,6130,6138,6130,6135
 2016/08/17-21:30,6135,6140,6135,6139
 2016/08/17-21:45,6139,6139,6124,6129
 2016/08/17-22:00,6128,6129,6125,6128
 2016/08/17-22:15,6128,6131,6126,6129
 2016/08/17-22:30,6128,6132,6126,6128
 2016/08/17-22:45,6129,6130,6125,6129
 2016/08/17-23:00,6129,6136,6125,6128
 2016/08/17-23:15,6127,6130,6126,6130
 2016/08/17-23:30,6130,6137,6130,6135
 2016/08/17-09:15,6135,6172,6129,6170
 2016/08/17-09:30,6172,6180,6162,6164
 2016/08/17-09:45,6165,6169,6161,6168
 2016/08/17-10:00,6168,6176,6164,6175
 2016/08/17-10:15,6174,6177,6162,6172
 2016/08/17-10:45,6172,6175,6169,6172
 2016/08/17-11:00,6173,6183,6170,6173
 2016/08/17-11:15,6173,6175,6164,6169
 2016/08/17-11:30,6168,6173,6167,6172
 2016/08/17-13:45,6171,6176,6167,6170
 2016/08/17-14:00,6170,6174,6168,6169
 2016/08/17-14:15,6170,6170,6165,6170
 2016/08/17-14:30,6170,6170,6164,6167
 2016/08/17-14:45,6167,6173,6166,6172
 2016/08/17-15:00,6171,6172,6158,6162
 2016/08/18-21:15,6142,6142,6119,6133
 2016/08/18-21:30,6133,6136,6129,6135
 2016/08/18-21:45,6134,6135,6122,6122
 2016/08/18-22:00,6122,6126,6116,6120
 2016/08/18-22:15,6120,6123,6107,6117
 2016/08/18-22:30,6118,6122,6115,6121
 2016/08/18-22:45,6122,6126,6121,6124
 2016/08/18-23:00,6124,6128,6122,6126
 2016/08/18-23:15,6126,6130,6125,6127
 2016/08/18-23:30,6127,6135,6125,6132
 2016/08/18-09:15,6129,6129,6117,6125
 2016/08/18-09:30,6125,6132,6125,6129
 2016/08/18-09:45,6128,6132,6126,6130
 2016/08/18-10:00,6130,6132,6128,6128
 2016/08/18-10:15,6128,6130,6124,6127
 2016/08/18-10:45,6127,6130,6126,6130
 2016/08/18-11:00,6130,6135,6127,6134
 2016/08/18-11:15,6134,6134,6130,6131
 2016/08/18-11:30,6131,6138,6131,6138
 2016/08/18-13:45,6137,6153,6137,6144
 2016/08/18-14:00,6145,6157,6143,6153
 2016/08/18-14:15,6153,6154,6136,6143
 2016/08/18-14:30,6143,6147,6141,6142
 2016/08/18-14:45,6143,6147,6141,6143
 2016/08/18-15:00,6143,6149,6142,6149
 2016/08/19-21:15,6155,6172,6153,6167
 2016/08/19-21:30,6166,6171,6165,6166
 2016/08/19-21:45,6167,6175,6167,6169
 2016/08/19-22:00,6169,6169,6163,6167
 2016/08/19-22:15,6166,6171,6164,6171
 2016/08/19-22:30,6170,6172,6159,6165
 2016/08/19-22:45,6166,6166,6156,6164
 2016/08/19-23:00,6164,6166,6160,6164
 2016/08/19-23:15,6165,6171,6165,6167
 2016/08/19-23:30,6167,6172,6166,6169
 2016/08/19-09:15,6168,6225,6164,6225
 2016/08/19-09:30,6221,6224,6206,6220
 2016/08/19-09:45,6220,6222,6210,6212
 2016/08/19-10:00,6211,6215,6207,6213
 2016/08/19-10:15,6213,6228,6211,6215
 2016/08/19-10:45,6214,6222,6211,6221
 2016/08/19-11:00,6221,6232,6214,6231
 2016/08/19-11:15,6232,6235,6223,6229
 2016/08/19-11:30,6230,6246,6229,6246
 2016/08/19-13:45,6246,6248,6234,6239
 2016/08/19-14:00,6239,6242,6233,6242
 2016/08/19-14:15,6242,6244,6233,6234
 2016/08/19-14:30,6235,6240,6233,6240
 2016/08/19-14:45,6240,6241,6230,6237
 2016/08/19-15:00,6237,6243,6233,6238
 2016/08/22-21:15,6220,6230,6211,6221
 2016/08/22-21:30,6221,6224,6217,6220
 2016/08/22-21:45,6220,6222,6218,6218
 2016/08/22-22:00,6219,6219,6213,6215
 2016/08/22-22:15,6215,6226,6215,6224
 2016/08/22-22:30,6224,6232,6223,6232
 2016/08/22-22:45,6233,6236,6222,6222
 2016/08/22-23:00,6222,6225,6217,6220
 2016/08/22-23:15,6221,6223,6215,6217
 2016/08/22-23:30,6217,6219,6215,6218
 2016/08/22-09:15,6217,6250,6215,6246
 2016/08/22-09:30,6245,6251,6240,6242
 2016/08/22-09:45,6242,6243,6237,6241
 2016/08/22-10:00,6241,6245,6238,6242
 2016/08/22-10:15,6243,6244,6233,6237
 2016/08/22-10:45,6238,6241,6235,6240
 2016/08/22-11:00,6240,6246,6237,6246
 2016/08/22-11:15,6245,6254,6238,6249
 2016/08/22-11:30,6250,6259,6248,6257
 2016/08/22-13:45,6259,6259,6249,6253
 2016/08/22-14:00,6253,6270,6251,6269
 2016/08/22-14:15,6270,6271,6261,6263
 2016/08/22-14:30,6262,6263,6243,6244
 2016/08/22-14:45,6245,6251,6236,6242
 2016/08/22-15:00,6243,6246,6238,6242
 2016/08/23-21:15,6256,6265,6246,6258
 2016/08/23-21:30,6258,6263,6255,6256
 2016/08/23-21:45,6257,6266,6255,6262
 2016/08/23-22:00,6263,6273,6262,6269
 2016/08/23-22:15,6268,6272,6266,6271
 2016/08/23-22:30,6271,6272,6266,6268
 2016/08/23-22:45,6268,6270,6261,6268
 2016/08/23-23:00,6268,6276,6268,6271
 2016/08/23-23:15,6271,6273,6262,6263
 2016/08/23-23:30,6262,6269,6261,6269
 2016/08/23-09:15,6277,6293,6271,6284
 2016/08/23-09:30,6284,6295,6283,6291
 2016/08/23-09:45,6291,6293,6287,6293
 2016/08/23-10:00,6293,6295,6286,6291
 2016/08/23-10:15,6292,6292,6284,6288
 2016/08/23-10:45,6288,6291,6285,6288
 2016/08/23-11:00,6289,6296,6285,6285
 2016/08/23-11:15,6285,6288,6281,6285
 2016/08/23-11:30,6285,6285,6266,6273
 2016/08/23-13:45,6273,6280,6272,6278
 2016/08/23-14:00,6277,6286,6276,6283
 2016/08/23-14:15,6282,6290,6281,6288
 2016/08/23-14:30,6288,6292,6286,6290
 2016/08/23-14:45,6289,6296,6289,6291
 2016/08/23-15:00,6290,6298,6290,6292
 2016/08/24-21:15,6288,6288,6278,6285
 2016/08/24-21:30,6285,6285,6264,6269
 2016/08/24-21:45,6269,6275,6267,6271
 2016/08/24-22:00,6271,6273,6267,6268
 2016/08/24-22:15,6267,6276,6266,6274
 2016/08/24-22:30,6274,6277,6272,6275
 2016/08/24-22:45,6276,6281,6272,6278
 2016/08/24-23:00,6279,6281,6275,6277
 2016/08/24-23:15,6278,6279,6271,6275
 2016/08/24-23:30,6274,6282,6271,6275
 2016/08/24-09:15,6282,6291,6282,6284
 2016/08/24-09:30,6285,6291,6284,6289
 2016/08/24-09:45,6289,6290,6282,6284
 2016/08/24-10:00,6284,6286,6282,6285
 2016/08/24-10:15,6285,6286,6268,6268
 2016/08/24-10:45,6268,6272,6256,6259
 2016/08/24-11:00,6259,6265,6254,6264
 2016/08/24-11:15,6265,6266,6262,6265
 2016/08/24-11:30,6265,6266,6257,6257
 2016/08/24-13:45,6258,6270,6255,6268
 2016/08/24-14:00,6268,6271,6266,6268
 2016/08/24-14:15,6268,6269,6261,6262
 2016/08/24-14:30,6261,6269,6261,6269
 2016/08/24-14:45,6269,6281,6266,6270
 2016/08/24-15:00,6270,6276,6265,6276
 2016/08/25-21:15,6278,6278,6258,6259
 2016/08/25-21:30,6259,6260,6242,6244
 2016/08/25-21:45,6243,6251,6242,6247
 2016/08/25-22:00,6247,6248,6236,6236
 2016/08/25-22:15,6236,6240,6225,6235
 2016/08/25-22:30,6235,6236,6230,6235
 2016/08/25-22:45,6234,6236,6232,6234
 2016/08/25-23:00,6235,6235,6230,6230
 2016/08/25-23:15,6230,6233,6225,6225
 2016/08/25-23:30,6226,6226,6208,6214
 2016/08/25-09:15,6220,6233,6216,6227
 2016/08/25-09:30,6228,6228,6216,6220
 2016/08/25-09:45,6219,6221,6200,6207
 2016/08/25-10:00,6206,6214,6197,6206
 2016/08/25-10:15,6205,6205,6188,6189
 2016/08/25-10:45,6188,6202,6187,6192
 2016/08/25-11:00,6193,6197,6189,6193
 2016/08/25-11:15,6194,6208,6186,6206
 2016/08/25-11:30,6207,6208,6200,6204
 2016/08/25-13:45,6205,6213,6204,6212
 2016/08/25-14:00,6213,6230,6213,6221
 2016/08/25-14:15,6221,6227,6221,6224
 2016/08/25-14:30,6225,6230,6222,6226
 2016/08/25-14:45,6226,6230,6222,6223
 2016/08/25-15:00,6223,6230,6214,6230
 2016/08/26-21:15,6257,6257,6236,6238
 2016/08/26-21:30,6238,6239,6235,6237
 2016/08/26-21:45,6236,6241,6226,6228
 2016/08/26-22:00,6228,6234,6220,6231
 2016/08/26-22:15,6231,6235,6226,6230
 2016/08/26-22:30,6230,6235,6228,6228
 2016/08/26-22:45,6229,6231,6221,6222
 2016/08/26-23:00,6223,6231,6221,6227
 2016/08/26-23:15,6227,6228,6206,6207
 2016/08/26-23:30,6207,6213,6202,6210
 2016/08/26-09:15,6224,6230,6211,6219
 2016/08/26-09:30,6220,6228,6216,6227
 2016/08/26-09:45,6226,6229,6224,6226
 2016/08/26-10:00,6226,6227,6214,6216
 2016/08/26-10:15,6216,6221,6214,6220
 2016/08/26-10:45,6219,6226,6219,6223
 2016/08/26-11:00,6223,6223,6214,6215
 2016/08/26-11:15,6214,6220,6212,6218
 2016/08/26-11:30,6219,6225,6218,6222
 2016/08/26-13:45,6222,6223,6213,6215
 2016/08/26-14:00,6215,6222,6214,6218
 2016/08/26-14:15,6219,6225,6218,6222
 2016/08/26-14:30,6221,6239,6220,6233
 2016/08/26-14:45,6234,6238,6229,6234
 2016/08/26-15:00,6234,6236,6227,6233
 2016/08/29-21:15,6229,6237,6218,6219
 2016/08/29-21:30,6219,6221,6205,6209
 2016/08/29-21:45,6209,6223,6208,6223
 2016/08/29-22:00,6222,6223,6215,6217
 2016/08/29-22:15,6216,6226,6202,6226
 2016/08/29-22:30,6226,6233,6221,6223
 2016/08/29-22:45,6223,6225,6214,6217
 2016/08/29-23:00,6217,6221,6211,6219
 2016/08/29-23:15,6220,6220,6213,6216
 2016/08/29-23:30,6216,6217,6211,6211
 2016/08/29-09:15,6217,6218,6190,6211
 2016/08/29-09:30,6211,6225,6210,6225
 2016/08/29-09:45,6225,6228,6220,6221
 2016/08/29-10:00,6222,6244,6219,6239
 2016/08/29-10:15,6240,6248,6237,6237
 2016/08/29-10:45,6237,6242,6237,6239
 2016/08/29-11:00,6240,6241,6237,6238
 2016/08/29-11:15,6237,6242,6237,6242
 2016/08/29-11:30,6241,6245,6232,6236
 2016/08/29-13:45,6237,6238,6233,6237
 2016/08/29-14:00,6236,6240,6234,6240
 2016/08/29-14:15,6240,6245,6237,6243
 2016/08/29-14:30,6243,6248,6235,6241
 2016/08/29-14:45,6242,6254,6238,6252
 2016/08/29-15:00,6253,6253,6240,6242
 2016/08/30-21:15,6236,6266,6234,6265
 2016/08/30-21:30,6264,6280,6262,6279
 2016/08/30-21:45,6280,6280,6271,6271
 2016/08/30-22:00,6271,6282,6271,6279
 2016/08/30-22:15,6280,6285,6277,6279
 2016/08/30-22:30,6279,6280,6271,6272
 2016/08/30-22:45,6272,6275,6265,6274
 2016/08/30-23:00,6274,6277,6271,6275
 2016/08/30-23:15,6276,6280,6274,6277
 2016/08/30-23:30,6278,6280,6270,6273
 2016/08/30-09:15,6270,6273,6262,6265
 2016/08/30-09:30,6266,6271,6262,6269
 2016/08/30-09:45,6269,6270,6265,6268
 2016/08/30-10:00,6268,6269,6254,6255
 2016/08/30-10:15,6255,6263,6254,6261
 2016/08/30-10:45,6261,6262,6258,6261
 2016/08/30-11:00,6261,6277,6261,6275
 2016/08/30-11:15,6276,6283,6274,6276
 2016/08/30-11:30,6277,6285,6273,6278
 2016/08/30-13:45,6281,6287,6273,6277
 2016/08/30-14:00,6276,6281,6271,6275
 2016/08/30-14:15,6274,6277,6268,6273
 2016/08/30-14:30,6274,6275,6272,6272
 2016/08/30-14:45,6273,6279,6272,6275
 2016/08/30-15:00,6275,6276,6260,6261
 2016/08/31-21:15,6260,6263,6201,6237
 2016/08/31-21:30,6236,6242,6226,6228
 2016/08/31-21:45,6227,6234,6224,6232
 2016/08/31-22:00,6232,6234,6225,6231
 2016/08/31-22:15,6231,6233,6224,6229
 2016/08/31-22:30,6228,6231,6222,6226
 2016/08/31-22:45,6226,6228,6221,6225
 2016/08/31-23:00,6225,6227,6221,6226
 2016/08/31-23:15,6226,6231,6223,6224
 2016/08/31-23:30,6225,6232,6219,6230
 2016/08/31-09:15,6230,6239,6227,6236
 2016/08/31-09:30,6237,6237,6223,6225
 2016/08/31-09:45,6225,6231,6223,6230
 2016/08/31-10:00,6230,6243,6229,6237
 2016/08/31-10:15,6238,6239,6229,6232
 2016/08/31-10:45,6232,6235,6224,6224
 2016/08/31-11:00,6224,6233,6223,6232
 2016/08/31-11:15,6231,6233,6224,6226
 2016/08/31-11:30,6226,6231,6223,6226
 2016/08/31-13:45,6226,6229,6222,6223
 2016/08/31-14:00,6223,6224,6217,6220
 2016/08/31-14:15,6220,6222,6216,6219
 2016/08/31-14:30,6219,6232,6217,6228
 2016/08/31-14:45,6227,6228,6224,6227
 2016/08/31-15:00,6226,6235,6224,6230
 2016/09/01-21:15,6200,6230,6194,6222
 2016/09/01-21:30,6223,6240,6219,6233
 2016/09/01-21:45,6234,6243,6231,6236
 2016/09/01-22:00,6235,6242,6234,6235
 2016/09/01-22:15,6235,6246,6234,6241
 2016/09/01-22:30,6240,6240,6233,6235
 2016/09/01-22:45,6235,6236,6224,6226
 2016/09/01-23:00,6225,6226,6215,6220
 2016/09/01-23:15,6219,6224,6212,6222
 2016/09/01-23:30,6223,6228,6217,6228
 2016/09/01-09:15,6227,6236,6214,6218
 2016/09/01-09:30,6218,6218,6208,6216
 2016/09/01-09:45,6216,6223,6213,6219
 2016/09/01-10:00,6220,6225,6218,6224
 2016/09/01-10:15,6223,6231,6219,6225
 2016/09/01-10:45,6224,6225,6216,6220
 2016/09/01-11:00,6221,6224,6219,6220
 2016/09/01-11:15,6221,6224,6213,6219
 2016/09/01-11:30,6218,6229,6216,6228
 2016/09/01-13:45,6228,6234,6223,6233
 2016/09/01-14:00,6233,6234,6217,6221
 2016/09/01-14:15,6220,6220,6197,6209
 2016/09/01-14:30,6210,6215,6204,6207
 2016/09/01-14:45,6206,6209,6198,6198
 2016/09/01-15:00,6199,6205,6194,6204
 2016/09/02-21:15,6199,6201,6168,6189
 2016/09/02-21:30,6189,6189,6180,6184
 2016/09/02-21:45,6183,6188,6178,6180
 2016/09/02-22:00,6179,6182,6160,6163
 2016/09/02-22:15,6162,6164,6151,6154
 2016/09/02-22:30,6153,6160,6151,6156
 2016/09/02-22:45,6155,6160,6150,6151
 2016/09/02-23:00,6150,6153,6142,6151
 2016/09/02-23:15,6151,6162,6150,6159
 2016/09/02-23:30,6160,6163,6159,6162
 2016/09/02-09:15,6162,6185,6162,6173
 2016/09/02-09:30,6173,6188,6172,6184
 2016/09/02-09:45,6185,6187,6181,6182
 2016/09/02-10:00,6182,6196,6178,6196
 2016/09/02-10:15,6195,6210,6195,6205
 2016/09/02-10:45,6205,6210,6190,6192
 2016/09/02-11:00,6192,6197,6187,6196
 2016/09/02-11:15,6196,6205,6194,6204
 2016/09/02-11:30,6203,6204,6190,6193
 2016/09/02-13:45,6194,6196,6188,6192
 2016/09/02-14:00,6192,6196,6189,6191
 2016/09/02-14:15,6190,6203,6190,6198
 2016/09/02-14:30,6198,6200,6189,6190
 2016/09/02-14:45,6190,6191,6180,6187
 2016/09/02-15:00,6186,6190,6177,6181
 2016/09/05-21:15,6239,6248,6225,6231
 2016/09/05-21:30,6232,6239,6230,6233
 2016/09/05-21:45,6234,6239,6232,6235
 2016/09/05-22:00,6235,6246,6235,6243
 2016/09/05-22:15,6243,6246,6235,6237
 2016/09/05-22:30,6237,6239,6234,6237
 2016/09/05-22:45,6237,6241,6233,6234
 2016/09/05-23:00,6234,6237,6232,6237
 2016/09/05-23:15,6237,6237,6233,6235
 2016/09/05-23:30,6235,6238,6232,6236
 2016/09/05-09:15,6251,6266,6248,6254
 2016/09/05-09:30,6254,6257,6252,6257
 2016/09/05-09:45,6258,6265,6254,6256
 2016/09/05-10:00,6255,6262,6253,6262
 2016/09/05-10:15,6262,6265,6255,6261
 2016/09/05-10:45,6261,6268,6251,6253
 2016/09/05-11:00,6253,6258,6250,6254
 2016/09/05-11:15,6255,6260,6254,6258
 2016/09/05-11:30,6258,6262,6257,6261
 2016/09/05-13:45,6261,6266,6255,6258
 2016/09/05-14:00,6258,6263,6256,6260
 2016/09/05-14:15,6261,6262,6258,6260
 2016/09/05-14:30,6259,6261,6254,6255
 2016/09/05-14:45,6255,6259,6255,6256
 2016/09/05-15:00,6256,6259,6250,6252
 2016/09/06-21:15,6250,6254,6241,6252
 2016/09/06-21:30,6252,6260,6250,6256
 2016/09/06-21:45,6257,6258,6254,6254
 2016/09/06-22:00,6255,6259,6254,6257
 2016/09/06-22:15,6257,6259,6254,6256
 2016/09/06-22:30,6256,6257,6254,6255
 2016/09/06-22:45,6255,6259,6251,6258
 2016/09/06-23:00,6258,6258,6254,6257
 2016/09/06-23:15,6257,6257,6254,6255
 2016/09/06-23:30,6255,6256,6251,6256
 2016/09/06-09:15,6254,6261,6244,6249
 2016/09/06-09:30,6248,6252,6244,6245
 2016/09/06-09:45,6245,6247,6239,6244
 2016/09/06-10:00,6244,6245,6234,6239
 2016/09/06-10:15,6238,6240,6232,6237
 2016/09/06-10:45,6237,6240,6234,6236
 2016/09/06-11:00,6236,6239,6234,6238
 2016/09/06-11:15,6238,6239,6235,6238
 2016/09/06-11:30,6238,6239,6236,6239
 2016/09/06-13:45,6239,6241,6238,6239
 2016/09/06-14:00,6239,6239,6236,6238
 2016/09/06-14:15,6238,6242,6237,6242
 2016/09/06-14:30,6242,6246,6242,6245
 2016/09/06-14:45,6246,6246,6242,6245
 2016/09/06-15:00,6245,6245,6238,6242
 2016/09/07-21:15,6210,6222,6203,6218
 2016/09/07-21:30,6218,6220,6216,6217
 2016/09/07-21:45,6217,6221,6215,6218
 2016/09/07-22:00,6219,6222,6216,6220
 2016/09/07-22:15,6221,6222,6217,6218
 2016/09/07-22:30,6219,6233,6218,6230
 2016/09/07-22:45,6230,6235,6229,6234
 2016/09/07-23:00,6235,6239,6233,6234
 2016/09/07-23:15,6234,6234,6224,6227
 2016/09/07-23:30,6228,6237,6227,6236
 2016/09/07-09:15,6246,6263,6246,6256
 2016/09/07-09:30,6255,6258,6251,6252
 2016/09/07-09:45,6252,6255,6249,6252
 2016/09/07-10:00,6251,6265,6251,6260
 2016/09/07-10:15,6261,6262,6252,6253
 2016/09/07-10:45,6253,6257,6250,6252
 2016/09/07-11:00,6253,6256,6250,6253
 2016/09/07-11:15,6254,6257,6253,6254
 2016/09/07-11:30,6255,6259,6253,6256
 2016/09/07-13:45,6255,6258,6243,6248
 2016/09/07-14:00,6247,6251,6245,6246
 2016/09/07-14:15,6246,6260,6245,6260
 2016/09/07-14:30,6260,6261,6254,6260
 2016/09/07-14:45,6260,6260,6254,6254
 2016/09/07-15:00,6253,6257,6249,6251
 2016/09/08-21:15,6275,6279,6255,6257
 2016/09/08-21:30,6257,6258,6241,6241
 2016/09/08-21:45,6235,6243,6226,6237
 2016/09/08-22:00,6237,6246,6236,6242
 2016/09/08-22:15,6242,6247,6239,6241
 2016/09/08-22:30,6241,6245,6240,6241
 2016/09/08-22:45,6241,6243,6234,6234
 2016/09/08-23:00,6234,6236,6226,6229
 2016/09/08-23:15,6228,6230,6220,6222
 2016/09/08-23:30,6222,6223,6215,6219
 2016/09/08-09:15,6226,6229,6220,6221
 2016/09/08-09:30,6220,6226,6218,6222
 2016/09/08-09:45,6221,6223,6215,6218
 2016/09/08-10:00,6218,6228,6217,6224
 2016/09/08-10:15,6224,6231,6223,6227
 2016/09/08-10:45,6226,6227,6221,6225
 2016/09/08-11:00,6225,6233,6224,6229
 2016/09/08-11:15,6229,6232,6229,6230
 2016/09/08-11:30,6230,6232,6226,6226
 2016/09/08-13:45,6226,6233,6226,6232
 2016/09/08-14:00,6233,6233,6227,6229
 2016/09/08-14:15,6228,6231,6226,6229
 2016/09/08-14:30,6228,6230,6226,6228
 2016/09/08-14:45,6228,6233,6228,6229
 2016/09/08-15:00,6229,6230,6220,6227
 2016/09/09-21:15,6216,6231,6216,6221
 2016/09/09-21:30,6221,6229,6219,6227
 2016/09/09-21:45,6226,6240,6225,6231
 2016/09/09-22:00,6230,6234,6228,6230
 2016/09/09-22:15,6230,6231,6225,6226
 2016/09/09-22:30,6226,6231,6225,6228
 2016/09/09-22:45,6228,6231,6221,6221
 2016/09/09-23:00,6221,6225,6217,6225
 2016/09/09-23:15,6225,6233,6224,6232
 2016/09/09-23:30,6233,6233,6227,6228
 2016/09/09-09:15,6230,6233,6223,6227
 2016/09/09-09:30,6226,6231,6225,6230
 2016/09/09-09:45,6230,6230,6224,6228
 2016/09/09-10:00,6229,6233,6227,6231
 2016/09/09-10:15,6231,6232,6227,6229
 2016/09/09-10:45,6228,6230,6227,6230
 2016/09/09-11:00,6229,6230,6224,6225
 2016/09/09-11:15,6225,6229,6223,6226
 2016/09/09-11:30,6227,6229,6223,6228
 2016/09/09-13:45,6227,6231,6225,6227
 2016/09/09-14:00,6227,6227,6215,6221
 2016/09/09-14:15,6221,6227,6213,6225
 2016/09/09-14:30,6225,6226,6220,6222
 2016/09/09-14:45,6222,6230,6221,6228
 2016/09/09-15:00,6229,6231,6222,6231
 2016/09/12-21:15,6220,6226,6216,6225
 2016/09/12-21:30,6226,6249,6223,6242
 2016/09/12-21:45,6242,6249,6236,6240
 2016/09/12-22:00,6239,6242,6234,6238
 2016/09/12-22:15,6238,6240,6235,6238
 2016/09/12-22:30,6238,6239,6217,6220
 2016/09/12-22:45,6220,6220,6211,6219
 2016/09/12-23:00,6219,6233,6217,6228
 2016/09/12-23:15,6229,6232,6225,6229
 2016/09/12-23:30,6228,6237,6225,6235
 2016/09/12-09:15,6221,6231,6215,6223
 2016/09/12-09:30,6220,6224,6217,6219
 2016/09/12-09:45,6218,6219,6210,6217
 2016/09/12-10:00,6216,6217,6205,6205
 2016/09/12-10:15,6206,6215,6205,6210
 2016/09/12-10:45,6211,6214,6203,6214
 2016/09/12-11:00,6213,6215,6209,6212
 2016/09/12-11:15,6212,6245,6210,6237
 2016/09/12-11:30,6237,6240,6234,6240
 2016/09/12-13:45,6239,6241,6229,6231
 2016/09/12-14:00,6232,6233,6228,6231
 2016/09/12-14:15,6230,6237,6230,6232
 2016/09/12-14:30,6232,6239,6232,6237
 2016/09/12-14:45,6237,6238,6230,6232
 2016/09/12-15:00,6232,6239,6228,6230
 2016/09/13-21:15,6225,6229,6217,6221
 2016/09/13-21:30,6221,6225,6216,6221
 2016/09/13-21:45,6221,6221,6215,6218
 2016/09/13-22:00,6218,6228,6214,6224
 2016/09/13-22:15,6225,6232,6225,6229
 2016/09/13-22:30,6230,6230,6227,6230
 2016/09/13-22:45,6230,6237,6229,6235
 2016/09/13-23:00,6235,6242,6233,6239
 2016/09/13-23:15,6239,6240,6236,6238
 2016/09/13-23:30,6238,6261,6237,6259
 2016/09/13-09:15,6262,6292,6260,6291
 2016/09/13-09:30,6292,6325,6292,6319
 2016/09/13-09:45,6320,6322,6311,6316
 2016/09/13-10:00,6316,6319,6312,6317
 2016/09/13-10:15,6317,6330,6317,6319
 2016/09/13-10:45,6319,6328,6317,6321
 2016/09/13-11:00,6321,6328,6319,6324
 2016/09/13-11:15,6325,6327,6312,6320
 2016/09/13-11:30,6321,6322,6313,6317
 2016/09/13-13:45,6316,6317,6303,6314
 2016/09/13-14:00,6313,6322,6311,6322
 2016/09/13-14:15,6323,6327,6315,6321
 2016/09/13-14:30,6321,6336,6320,6328
 2016/09/13-14:45,6328,6330,6325,6329
 2016/09/13-15:00,6329,6335,6319,6320
 2016/09/14-21:15,6327,6329,6310,6315
 2016/09/14-21:30,6315,6322,6314,6314
 2016/09/14-21:45,6315,6318,6311,6315
 2016/09/14-22:00,6315,6316,6312,6313
 2016/09/14-22:15,6313,6320,6312,6318
 2016/09/14-22:30,6317,6320,6304,6306
 2016/09/14-22:45,6306,6309,6293,6309
 2016/09/14-23:00,6308,6314,6306,6309
 2016/09/14-23:15,6308,6312,6307,6308
 2016/09/14-23:30,6308,6312,6306,6312
 2016/09/14-09:15,6311,6318,6306,6311
 2016/09/14-09:30,6311,6312,6306,6312
 2016/09/14-09:45,6311,6315,6308,6311
 2016/09/14-10:00,6311,6311,6306,6307
 2016/09/14-10:15,6306,6311,6303,6310
 2016/09/14-10:45,6309,6313,6308,6311
 2016/09/14-11:00,6311,6313,6309,6311
 2016/09/14-11:15,6311,6322,6304,6309
 2016/09/14-11:30,6309,6313,6307,6310
 2016/09/14-13:45,6311,6324,6310,6317
 2016/09/14-14:00,6318,6326,6317,6325
 2016/09/14-14:15,6325,6326,6318,6320
 2016/09/14-14:30,6320,6320,6315,6319
 2016/09/14-14:45,6319,6323,6314,6322
 2016/09/14-15:00,6321,6323,6315,6323
 2016/09/19-09:15,6475,6479,6414,6440
 2016/09/19-09:30,6440,6446,6438,6443
 2016/09/19-09:45,6443,6448,6442,6445
 2016/09/19-10:00,6445,6446,6439,6441
 2016/09/19-10:15,6442,6443,6436,6441
 2016/09/19-10:45,6441,6443,6438,6442
 2016/09/19-11:00,6442,6442,6431,6440
 2016/09/19-11:15,6440,6443,6438,6440
 2016/09/19-11:30,6441,6443,6438,6441
 2016/09/19-13:45,6442,6442,6430,6432
 2016/09/19-14:00,6432,6444,6427,6441
 2016/09/19-14:15,6440,6443,6438,6440
 2016/09/19-14:30,6440,6440,6438,6440
 2016/09/19-14:45,6440,6441,6437,6439
 2016/09/19-15:00,6440,6441,6437,6437
 2016/09/20-21:15,6452,6463,6442,6444
 2016/09/20-21:30,6444,6451,6441,6448
 2016/09/20-21:45,6449,6449,6442,6443
 2016/09/20-22:00,6443,6446,6442,6442
 2016/09/20-22:15,6443,6443,6431,6433
 2016/09/20-22:30,6432,6443,6432,6435
 2016/09/20-22:45,6435,6437,6433,6435
 2016/09/20-23:00,6435,6436,6432,6435
 2016/09/20-23:15,6435,6441,6434,6437
 2016/09/20-23:30,6437,6443,6437,6437
 2016/09/20-09:15,6436,6441,6433,6436
 2016/09/20-09:30,6436,6442,6435,6440
 2016/09/20-09:45,6440,6443,6438,6442
 2016/09/20-10:00,6442,6443,6419,6424
 2016/09/20-10:15,6425,6433,6424,6427
 2016/09/20-10:45,6426,6433,6426,6431
 2016/09/20-11:00,6432,6434,6427,6433
 2016/09/20-11:15,6433,6438,6430,6437
 2016/09/20-11:30,6437,6439,6432,6438
 2016/09/20-13:45,6437,6440,6436,6439
 2016/09/20-14:00,6439,6449,6438,6441
 2016/09/20-14:15,6441,6444,6439,6443
 2016/09/20-14:30,6443,6443,6439,6441
 2016/09/20-14:45,6441,6442,6434,6436
 2016/09/20-15:00,6437,6437,6430,6432
 2016/09/21-21:15,6437,6456,6424,6454
 2016/09/21-21:30,6453,6454,6429,6434
 2016/09/21-21:45,6434,6438,6433,6435
 2016/09/21-22:00,6435,6442,6435,6441
 2016/09/21-22:15,6441,6444,6440,6441
 2016/09/21-22:30,6441,6442,6439,6442
 2016/09/21-22:45,6442,6444,6440,6441
 2016/09/21-23:00,6441,6444,6440,6443
 2016/09/21-23:15,6442,6445,6441,6442
 2016/09/21-23:30,6442,6443,6438,6441
 2016/09/21-09:15,6442,6452,6441,6447
 2016/09/21-09:30,6447,6462,6439,6450
 2016/09/21-09:45,6450,6450,6445,6446
 2016/09/21-10:00,6446,6458,6443,6457
 2016/09/21-10:15,6457,6464,6455,6456
 2016/09/21-10:45,6457,6457,6445,6448
 2016/09/21-11:00,6448,6456,6448,6455
 2016/09/21-11:15,6455,6455,6448,6452
 2016/09/21-11:30,6452,6453,6447,6450
 2016/09/21-13:45,6450,6455,6449,6454
 2016/09/21-14:00,6453,6486,6452,6464
 2016/09/21-14:15,6464,6473,6448,6451
 2016/09/21-14:30,6451,6451,6428,6435
 2016/09/21-14:45,6434,6436,6428,6431
 2016/09/21-15:00,6430,6431,6406,6412
 2016/09/22-21:15,6421,6426,6414,6420
 2016/09/22-21:30,6421,6423,6416,6419
 2016/09/22-21:45,6419,6424,6413,6417
 2016/09/22-22:00,6417,6420,6411,6415
 2016/09/22-22:15,6415,6418,6414,6416
 2016/09/22-22:30,6417,6422,6411,6413
 2016/09/22-22:45,6412,6417,6401,6402
 2016/09/22-23:00,6401,6406,6394,6397
 2016/09/22-23:15,6397,6405,6395,6404
 2016/09/22-23:30,6404,6406,6400,6405
 2016/09/22-09:15,6406,6431,6406,6426
 2016/09/22-09:30,6425,6438,6420,6435
 2016/09/22-09:45,6436,6440,6431,6433
 2016/09/22-10:00,6432,6446,6427,6444
 2016/09/22-10:15,6445,6503,6444,6503
 2016/09/22-10:45,6504,6527,6494,6509
 2016/09/22-11:00,6510,6517,6506,6509
 2016/09/22-11:15,6509,6520,6508,6510
 2016/09/22-11:30,6510,6513,6483,6499
 2016/09/22-13:45,6499,6503,6492,6493
 2016/09/22-14:00,6493,6493,6478,6480
 2016/09/22-14:15,6479,6487,6469,6481
 2016/09/22-14:30,6481,6485,6473,6474
 2016/09/22-14:45,6474,6479,6470,6476
 2016/09/22-15:00,6476,6477,6466,6473
 2016/09/23-21:15,6511,6523,6505,6518
 2016/09/23-21:30,6518,6522,6505,6506
 2016/09/23-21:45,6506,6512,6499,6501
 2016/09/23-22:00,6500,6508,6498,6504
 2016/09/23-22:15,6504,6510,6503,6506
 2016/09/23-22:30,6506,6507,6501,6506
 2016/09/23-22:45,6505,6510,6504,6509
 2016/09/23-23:00,6509,6516,6507,6512
 2016/09/23-23:15,6513,6515,6510,6512
 2016/09/23-23:30,6512,6513,6498,6498
 2016/09/23-09:15,6467,6478,6465,6475
 2016/09/23-09:30,6474,6477,6467,6469
 2016/09/23-09:45,6469,6477,6466,6472
 2016/09/23-10:00,6471,6481,6470,6476
 2016/09/23-10:15,6476,6478,6466,6469
 2016/09/23-10:45,6469,6474,6465,6466
 2016/09/23-11:00,6466,6472,6463,6472
 2016/09/23-11:15,6471,6474,6469,6471
 2016/09/23-11:30,6471,6476,6470,6471
 2016/09/23-13:45,6471,6491,6469,6478
 2016/09/23-14:00,6478,6489,6477,6485
 2016/09/23-14:15,6485,6486,6480,6483
 2016/09/23-14:30,6482,6488,6482,6485
 2016/09/23-14:45,6486,6494,6484,6490
 2016/09/23-15:00,6490,6499,6488,6499
 2016/09/27-21:15,6615,6647,6610,6647
 2016/09/27-21:30,6647,6649,6633,6635
 2016/09/27-21:45,6635,6637,6613,6620
 2016/09/27-22:00,6619,6622,6615,6616
 2016/09/27-22:15,6617,6631,6616,6631
 2016/09/27-22:30,6631,6632,6623,6623
 2016/09/27-22:45,6624,6639,6623,6635
 2016/09/27-23:00,6634,6641,6634,6636
 2016/09/27-23:15,6637,6655,6634,6649
 2016/09/27-23:30,6649,6666,6648,6664
 2016/09/27-09:15,6664,6680,6644,6648
 2016/09/27-09:30,6647,6662,6647,6658
 2016/09/27-09:45,6659,6664,6659,6660
 2016/09/27-10:00,6660,6672,6657,6669
 2016/09/27-10:15,6670,6685,6664,6684
 2016/09/27-10:45,6684,6684,6665,6676
 2016/09/27-11:00,6677,6688,6672,6680
 2016/09/27-11:15,6681,6686,6668,6672
 2016/09/27-11:30,6672,6673,6663,6672
 2016/09/27-13:45,6672,6682,6672,6679
 2016/09/27-14:00,6679,6684,6675,6682
 2016/09/27-14:15,6681,6683,6678,6679
 2016/09/27-14:30,6679,6689,6673,6681
 2016/09/27-14:45,6682,6693,6677,6683
 2016/09/27-15:00,6682,6683,6666,6673
 2016/09/28-21:15,6665,6667,6641,6642
 2016/09/28-21:30,6641,6655,6639,6647
 2016/09/28-21:45,6647,6652,6644,6648
 2016/09/28-22:00,6649,6671,6648,6664
 2016/09/28-22:15,6663,6669,6659,6665
 2016/09/28-22:30,6665,6668,6655,6658
 2016/09/28-22:45,6658,6668,6652,6667
 2016/09/28-23:00,6668,6670,6660,6664
 2016/09/28-23:15,6664,6668,6660,6662
 2016/09/28-23:30,6663,6673,6662,6668
 2016/09/28-09:15,6679,6695,6671,6691
 2016/09/28-09:30,6691,6692,6681,6685
 2016/09/28-09:45,6685,6698,6681,6688
 2016/09/28-10:00,6687,6693,6684,6685
 2016/09/28-10:15,6686,6687,6674,6678
 2016/09/28-10:45,6678,6680,6675,6678
 2016/09/28-11:00,6679,6679,6671,6678
 2016/09/28-11:15,6678,6688,6677,6683
 2016/09/28-11:30,6682,6691,6682,6690
 2016/09/28-13:45,6690,6692,6679,6682
 2016/09/28-14:00,6682,6687,6680,6685
 2016/09/28-14:15,6685,6690,6679,6683
 2016/09/28-14:30,6684,6689,6683,6687
 2016/09/28-14:45,6687,6695,6686,6689
 2016/09/28-15:00,6690,6721,6684,6710
 2016/09/29-21:15,6700,6708,6690,6692
 2016/09/29-21:30,6692,6696,6687,6693
 2016/09/29-21:45,6693,6703,6690,6701
 2016/09/29-22:00,6701,6725,6701,6721
 2016/09/29-22:15,6721,6735,6715,6735
 2016/09/29-22:30,6734,6746,6730,6740
 2016/09/29-22:45,6740,6744,6736,6743
 2016/09/29-23:00,6743,6744,6737,6741
 2016/09/29-23:15,6740,6741,6729,6729
 2016/09/29-23:30,6729,6739,6727,6739
 2016/09/29-09:15,6745,6765,6738,6750
 2016/09/29-09:30,6750,6751,6721,6736
 2016/09/29-09:45,6736,6742,6729,6735
 2016/09/29-10:00,6735,6737,6694,6706
 2016/09/29-10:15,6705,6705,6676,6682
 2016/09/29-10:45,6682,6698,6678,6693
 2016/09/29-11:00,6693,6702,6691,6694
 2016/09/29-11:15,6694,6699,6691,6697
 2016/09/29-11:30,6696,6698,6691,6698
 2016/09/29-13:45,6698,6706,6697,6700
 2016/09/29-14:00,6700,6704,6696,6698
 2016/09/29-14:15,6698,6703,6697,6699
 2016/09/29-14:30,6698,6707,6695,6700
 2016/09/29-14:45,6700,6705,6696,6699
 2016/09/29-15:00,6698,6707,6696,6698
 2016/09/30-21:15,6705,6705,6658,6676
 2016/09/30-21:30,6676,6684,6675,6680
 2016/09/30-21:45,6680,6712,6679,6707
 2016/09/30-22:00,6707,6723,6703,6710
 2016/09/30-22:15,6710,6717,6707,6711
 2016/09/30-22:30,6712,6716,6704,6712
 2016/09/30-22:45,6712,6712,6695,6699
 2016/09/30-23:00,6700,6709,6697,6706
 2016/09/30-23:15,6707,6709,6688,6690
 2016/09/30-23:30,6691,6705,6690,6701
 2016/09/30-09:15,6692,6692,6677,6683
 2016/09/30-09:30,6683,6689,6676,6683
 2016/09/30-09:45,6683,6696,6683,6687
 2016/09/30-10:00,6687,6704,6687,6702
 2016/09/30-10:15,6703,6704,6696,6699
 2016/09/30-10:45,6699,6708,6697,6704
 2016/09/30-11:00,6704,6706,6700,6703
 2016/09/30-11:15,6703,6712,6701,6708
 2016/09/30-11:30,6708,6709,6687,6688
 2016/09/30-13:45,6687,6693,6681,6693
 2016/09/30-14:00,6692,6695,6682,6692
 2016/09/30-14:15,6691,6692,6686,6688
 2016/09/30-14:30,6687,6691,6682,6687
 2016/09/30-14:45,6688,6694,6684,6689
 2016/09/30-15:00,6689,6718,6685,6716
 2016/10/10-09:15,6711,6723,6694,6706
 2016/10/10-09:30,6706,6710,6673,6677
 2016/10/10-09:45,6676,6687,6670,6679
 2016/10/10-10:00,6680,6685,6678,6680
 2016/10/10-10:15,6680,6682,6676,6678
 2016/10/10-10:45,6678,6687,6672,6682
 2016/10/10-11:00,6682,6691,6670,6676
 2016/10/10-11:15,6677,6684,6674,6677
 2016/10/10-11:30,6677,6684,6675,6679
 2016/10/10-13:45,6680,6681,6676,6678
 2016/10/10-14:00,6678,6684,6678,6679
 2016/10/10-14:15,6679,6683,6668,6679
 2016/10/10-14:30,6678,6689,6678,6686
 2016/10/10-14:45,6686,6715,6686,6711
 2016/10/10-15:00,6711,6731,6706,6730
 2016/10/11-21:15,6720,6729,6708,6713
 2016/10/11-21:30,6713,6713,6704,6708
 2016/10/11-21:45,6709,6723,6708,6711
 2016/10/11-22:00,6712,6722,6710,6712
 2016/10/11-22:15,6712,6719,6698,6700
 2016/10/11-22:30,6700,6700,6683,6687
 2016/10/11-22:45,6686,6687,6649,6651
 2016/10/11-23:00,6650,6663,6643,6647
 2016/10/11-23:15,6647,6654,6646,6650
 2016/10/11-23:30,6650,6660,6646,6650
 2016/10/11-09:15,6660,6660,6622,6637
 2016/10/11-09:30,6636,6640,6633,6637
 2016/10/11-09:45,6637,6657,6636,6646
 2016/10/11-10:00,6647,6654,6644,6646
 2016/10/11-10:15,6646,6654,6644,6648
 2016/10/11-10:45,6648,6662,6648,6656
 2016/10/11-11:00,6656,6662,6653,6656
 2016/10/11-11:15,6655,6671,6654,6655
 2016/10/11-11:30,6654,6657,6651,6651
 2016/10/11-13:45,6653,6665,6650,6664
 2016/10/11-14:00,6664,6668,6660,6664
 2016/10/11-14:15,6664,6666,6660,6661
 2016/10/11-14:30,6661,6661,6650,6659
 2016/10/11-14:45,6659,6663,6655,6658
 2016/10/11-15:00,6658,6660,6651,6658
 2016/10/12-21:15,6657,6662,6647,6659
 2016/10/12-21:30,6658,6664,6639,6650
 2016/10/12-21:45,6650,6685,6650,6681
 2016/10/12-22:00,6681,6687,6677,6683
 2016/10/12-22:15,6683,6684,6665,6671
 2016/10/12-22:30,6671,6679,6669,6673
 2016/10/12-22:45,6673,6676,6668,6675
 2016/10/12-23:00,6674,6684,6674,6675
 2016/10/12-23:15,6675,6683,6675,6678
 2016/10/12-23:30,6678,6679,6671,6675
 2016/10/12-09:15,6711,6711,6689,6690
 2016/10/12-09:30,6690,6691,6679,6689
 2016/10/12-09:45,6689,6693,6683,6684
 2016/10/12-10:00,6684,6689,6680,6684
 2016/10/12-10:15,6684,6688,6683,6685
 2016/10/12-10:45,6685,6689,6685,6688
 2016/10/12-11:00,6689,6691,6683,6685
 2016/10/12-11:15,6685,6688,6682,6685
 2016/10/12-11:30,6685,6688,6683,6686
 2016/10/12-13:45,6686,6691,6683,6684
 2016/10/12-14:00,6684,6685,6661,6678
 2016/10/12-14:15,6678,6695,6677,6687
 2016/10/12-14:30,6688,6694,6684,6688
 2016/10/12-14:45,6688,6689,6677,6681
 2016/10/12-15:00,6682,6697,6679,6693
 2016/10/13-21:15,6681,6687,6668,6674
 2016/10/13-21:30,6674,6681,6666,6676
 2016/10/13-21:45,6677,6680,6674,6675
 2016/10/13-22:00,6675,6689,6673,6684
 2016/10/13-22:15,6684,6692,6683,6687
 2016/10/13-22:30,6687,6689,6682,6687
 2016/10/13-22:45,6687,6718,6684,6710
 2016/10/13-23:00,6710,6742,6698,6735
 2016/10/13-23:15,6734,6748,6725,6744
 2016/10/13-23:30,6744,6757,6741,6746
 2016/10/13-09:15,6745,6745,6715,6725
 2016/10/13-09:30,6725,6733,6721,6731
 2016/10/13-09:45,6731,6734,6724,6731
 2016/10/13-10:00,6731,6743,6726,6741
 2016/10/13-10:15,6741,6742,6731,6737
 2016/10/13-10:45,6737,6737,6709,6719
 2016/10/13-11:00,6719,6729,6717,6727
 2016/10/13-11:15,6727,6740,6725,6738
 2016/10/13-11:30,6738,6750,6733,6748
 2016/10/13-13:45,6750,6767,6742,6750
 2016/10/13-14:00,6750,6754,6734,6734
 2016/10/13-14:15,6734,6744,6734,6743
 2016/10/13-14:30,6742,6748,6739,6742
 2016/10/13-14:45,6742,6751,6741,6746
 2016/10/13-15:00,6746,6749,6726,6735
 2016/10/14-21:15,6737,6739,6721,6732
 2016/10/14-21:30,6731,6736,6727,6733
 2016/10/14-21:45,6732,6734,6728,6729
 2016/10/14-22:00,6729,6734,6715,6733
 2016/10/14-22:15,6733,6749,6731,6744
 2016/10/14-22:30,6744,6746,6738,6743
 2016/10/14-22:45,6743,6746,6740,6740
 2016/10/14-23:00,6740,6741,6732,6739
 2016/10/14-23:15,6739,6740,6722,6728
 2016/10/14-23:30,6728,6735,6725,6734
 2016/10/14-09:15,6731,6731,6720,6724
 2016/10/14-09:30,6723,6726,6709,6722
 2016/10/14-09:45,6722,6725,6715,6718
 2016/10/14-10:00,6717,6726,6717,6724
 2016/10/14-10:15,6724,6726,6718,6723
 2016/10/14-10:45,6723,6727,6718,6724
 2016/10/14-11:00,6724,6726,6717,6719
 2016/10/14-11:15,6719,6738,6713,6734
 2016/10/14-11:30,6735,6736,6725,6725
 2016/10/14-13:45,6725,6731,6724,6730
 2016/10/14-14:00,6729,6742,6729,6735
 2016/10/14-14:15,6735,6739,6733,6738
 2016/10/14-14:30,6739,6741,6727,6732
 2016/10/14-14:45,6733,6749,6730,6742
 2016/10/14-15:00,6742,6746,6737,6740
 2016/10/17-21:15,6734,6734,6702,6712
 2016/10/17-21:30,6713,6725,6697,6724
 2016/10/17-21:45,6724,6740,6721,6728
 2016/10/17-22:00,6728,6732,6721,6726
 2016/10/17-22:15,6725,6734,6725,6727
 2016/10/17-22:30,6727,6734,6723,6725
 2016/10/17-22:45,6725,6743,6725,6730
 2016/10/17-23:00,6731,6736,6727,6734
 2016/10/17-23:15,6734,6737,6728,6736
 2016/10/17-23:30,6735,6778,6731,6774
 2016/10/17-09:15,6774,6814,6764,6771
 2016/10/17-09:30,6768,6791,6764,6786
 2016/10/17-09:45,6786,6800,6782,6784
 2016/10/17-10:00,6784,6793,6782,6786
 2016/10/17-10:15,6787,6801,6786,6796
 2016/10/17-10:45,6796,6800,6794,6797
 2016/10/17-11:00,6797,6811,6792,6795
 2016/10/17-11:15,6795,6798,6784,6793
 2016/10/17-11:30,6793,6799,6788,6797
 2016/10/17-13:45,6799,6799,6784,6793
 2016/10/17-14:00,6793,6797,6789,6796
 2016/10/17-14:15,6795,6799,6788,6790
 2016/10/17-14:30,6791,6794,6783,6790
 2016/10/17-14:45,6790,6796,6785,6794
 2016/10/17-15:00,6794,6796,6776,6786
 2016/10/18-21:15,6786,6801,6772,6787
 2016/10/18-21:30,6787,6793,6783,6791
 2016/10/18-21:45,6790,6798,6785,6788
 2016/10/18-22:00,6788,6788,6762,6764
 2016/10/18-22:15,6765,6776,6752,6753
 2016/10/18-22:30,6753,6762,6748,6758
 2016/10/18-22:45,6758,6768,6753,6762
 2016/10/18-23:00,6763,6765,6758,6765
 2016/10/18-23:15,6765,6770,6764,6769
 2016/10/18-23:30,6769,6777,6761,6774
 2016/10/18-09:15,6775,6782,6771,6777
 2016/10/18-09:30,6777,6788,6776,6785
 2016/10/18-09:45,6786,6787,6780,6781
 2016/10/18-10:00,6781,6794,6781,6790
 2016/10/18-10:15,6790,6794,6785,6791
 2016/10/18-10:45,6790,6792,6785,6788
 2016/10/18-11:00,6788,6789,6782,6784
 2016/10/18-11:15,6784,6788,6780,6783
 2016/10/18-11:30,6783,6788,6780,6783
 2016/10/18-13:45,6784,6791,6783,6788
 2016/10/18-14:00,6788,6795,6788,6793
 2016/10/18-14:15,6793,6804,6788,6794
 2016/10/18-14:30,6794,6796,6782,6789
 2016/10/18-14:45,6788,6794,6788,6789
 2016/10/18-15:00,6789,6797,6788,6796
 2016/10/19-21:15,6782,6789,6775,6787
 2016/10/19-21:30,6787,6793,6783,6791
 2016/10/19-21:45,6791,6794,6784,6790
 2016/10/19-22:00,6789,6792,6781,6782
 2016/10/19-22:15,6783,6784,6761,6771
 2016/10/19-22:30,6770,6780,6769,6776
 2016/10/19-22:45,6777,6789,6774,6784
 2016/10/19-23:00,6784,6790,6784,6788
 2016/10/19-23:15,6789,6792,6783,6788
 2016/10/19-23:30,6789,6792,6782,6787
 2016/10/19-09:15,6786,6797,6778,6781
 2016/10/19-09:30,6781,6783,6770,6773
 2016/10/19-09:45,6773,6778,6771,6777
 2016/10/19-10:00,6777,6780,6768,6770
 2016/10/19-10:15,6769,6778,6766,6774
 2016/10/19-10:45,6775,6775,6754,6762
 2016/10/19-11:00,6760,6764,6705,6710
 2016/10/19-11:15,6710,6726,6702,6719
 2016/10/19-11:30,6718,6721,6702,6711
 2016/10/19-13:45,6712,6735,6711,6735
 2016/10/19-14:00,6736,6744,6726,6729
 2016/10/19-14:15,6729,6739,6727,6736
 2016/10/19-14:30,6736,6741,6732,6736
 2016/10/19-14:45,6736,6738,6721,6721
 2016/10/19-15:00,6722,6727,6715,6725
 2016/10/20-21:15,6731,6734,6718,6726
 2016/10/20-21:30,6725,6741,6725,6733
 2016/10/20-21:45,6732,6737,6727,6728
 2016/10/20-22:00,6729,6734,6723,6725
 2016/10/20-22:15,6724,6735,6719,6723
 2016/10/20-22:30,6722,6733,6712,6728
 2016/10/20-22:45,6729,6732,6722,6728
 2016/10/20-23:00,6728,6732,6723,6730
 2016/10/20-23:15,6732,6736,6718,6724
 2016/10/20-23:30,6725,6743,6724,6738
 2016/10/20-09:15,6738,6740,6731,6738
 2016/10/20-09:30,6739,6747,6731,6736
 2016/10/20-09:45,6737,6739,6724,6725
 2016/10/20-10:00,6725,6738,6724,6737
 2016/10/20-10:15,6736,6738,6734,6738
 2016/10/20-10:45,6738,6739,6732,6736
 2016/10/20-11:00,6736,6737,6727,6734
 2016/10/20-11:15,6734,6736,6731,6731
 2016/10/20-11:30,6730,6733,6727,6732
 2016/10/20-13:45,6730,6733,6718,6728
 2016/10/20-14:00,6728,6729,6722,6723
 2016/10/20-14:15,6722,6723,6702,6710
 2016/10/20-14:30,6710,6722,6710,6718
 2016/10/20-14:45,6719,6720,6713,6717
 2016/10/20-15:00,6717,6724,6713,6715
 2016/10/21-21:15,6685,6696,6678,6679
 2016/10/21-21:30,6680,6694,6678,6691
 2016/10/21-21:45,6690,6697,6688,6694
 2016/10/21-22:00,6694,6709,6692,6706
 2016/10/21-22:15,6705,6715,6703,6713
 2016/10/21-22:30,6712,6714,6698,6700
 2016/10/21-22:45,6700,6707,6682,6702
 2016/10/21-23:00,6702,6706,6697,6705
 2016/10/21-23:15,6705,6710,6699,6710
 2016/10/21-23:30,6710,6720,6704,6718
 2016/10/21-09:15,6717,6724,6709,6710
 2016/10/21-09:30,6710,6715,6708,6712
 2016/10/21-09:45,6712,6714,6706,6714
 2016/10/21-10:00,6714,6717,6710,6711
 2016/10/21-10:15,6710,6714,6708,6713
 2016/10/21-10:45,6713,6716,6711,6715
 2016/10/21-11:00,6714,6716,6712,6713
 2016/10/21-11:15,6714,6715,6710,6711
 2016/10/21-11:30,6711,6716,6709,6714
 2016/10/21-13:45,6714,6714,6696,6707
 2016/10/21-14:00,6706,6707,6697,6699
 2016/10/21-14:15,6699,6709,6695,6703
 2016/10/21-14:30,6702,6705,6697,6699
 2016/10/21-14:45,6698,6718,6697,6711
 2016/10/21-15:00,6711,6722,6710,6714
 2016/10/24-21:15,6716,6738,6710,6735
 2016/10/24-21:30,6736,6737,6729,6733
 2016/10/24-21:45,6733,6736,6717,6729
 2016/10/24-22:00,6728,6731,6725,6730
 2016/10/24-22:15,6730,6732,6726,6731
 2016/10/24-22:30,6729,6749,6729,6744
 2016/10/24-22:45,6745,6746,6736,6743
 2016/10/24-23:00,6743,6754,6739,6750
 2016/10/24-23:15,6750,6753,6740,6744
 2016/10/24-23:30,6744,6764,6743,6759
 2016/10/24-09:15,6770,6818,6766,6802
 2016/10/24-09:30,6802,6850,6802,6835
 2016/10/24-09:45,6835,6852,6834,6838
 2016/10/24-10:00,6837,6852,6835,6851
 2016/10/24-10:15,6851,6857,6845,6850
 2016/10/24-10:45,6849,6855,6848,6854
 2016/10/24-11:00,6854,6856,6845,6851
 2016/10/24-11:15,6850,6878,6850,6873
 2016/10/24-11:30,6874,6891,6864,6889
 2016/10/24-13:45,6891,6900,6875,6876
 2016/10/24-14:00,6875,6905,6874,6898
 2016/10/24-14:15,6898,6900,6888,6898
 2016/10/24-14:30,6899,6900,6886,6892
 2016/10/24-14:45,6892,6899,6884,6887
 2016/10/24-15:00,6887,6891,6872,6877
 2016/10/25-21:15,6890,6894,6866,6871
 2016/10/25-21:30,6870,6882,6869,6880
 2016/10/25-21:45,6880,6882,6874,6874
 2016/10/25-22:00,6874,6904,6874,6885
 2016/10/25-22:15,6887,6889,6877,6880
 2016/10/25-22:30,6880,6885,6862,6868
 2016/10/25-22:45,6867,6869,6861,6862
 2016/10/25-23:00,6862,6872,6861,6869
 2016/10/25-23:15,6869,6878,6868,6874
 2016/10/25-23:30,6875,6877,6871,6873
 2016/10/25-09:15,6873,6892,6872,6880
 2016/10/25-09:30,6880,6890,6875,6887
 2016/10/25-09:45,6888,6889,6877,6882
 2016/10/25-10:00,6881,6882,6867,6870
 2016/10/25-10:15,6871,6877,6859,6866
 2016/10/25-10:45,6866,6872,6864,6868
 2016/10/25-11:00,6868,6870,6861,6869
 2016/10/25-11:15,6870,6872,6866,6869
 2016/10/25-11:30,6869,6884,6869,6878
 2016/10/25-13:45,6877,6891,6877,6883
 2016/10/25-14:00,6882,6889,6876,6889
 2016/10/25-14:15,6889,6898,6880,6886
 2016/10/25-14:30,6886,6888,6875,6879
 2016/10/25-14:45,6879,6889,6877,6885
 2016/10/25-15:00,6885,6903,6882,6900
 2016/10/26-21:15,6896,6910,6885,6888
 2016/10/26-21:30,6887,6899,6883,6897
 2016/10/26-21:45,6897,6930,6870,6884
 2016/10/26-22:00,6885,6893,6870,6879
 2016/10/26-22:15,6878,6886,6874,6875
 2016/10/26-22:30,6875,6878,6841,6851
 2016/10/26-22:45,6850,6858,6846,6847
 2016/10/26-23:00,6847,6851,6829,6842
 2016/10/26-23:15,6841,6866,6838,6861
 2016/10/26-23:30,6861,6862,6847,6849
 2016/10/26-09:15,6845,6856,6841,6850
 2016/10/26-09:30,6850,6856,6845,6848
 2016/10/26-09:45,6848,6849,6833,6843
 2016/10/26-10:00,6843,6843,6830,6842
 2016/10/26-10:15,6842,6850,6837,6848
 2016/10/26-10:45,6850,6854,6845,6853
 2016/10/26-11:00,6853,6857,6846,6847
 2016/10/26-11:15,6846,6853,6846,6851
 2016/10/26-11:30,6850,6854,6846,6847
 2016/10/26-13:45,6848,6867,6848,6866
 2016/10/26-14:00,6866,6882,6865,6877
 2016/10/26-14:15,6874,6885,6873,6875
 2016/10/26-14:30,6875,6881,6873,6880
 2016/10/26-14:45,6881,6888,6879,6885
 2016/10/26-15:00,6884,6896,6884,6890
 2016/10/27-21:15,6886,6910,6883,6894
 2016/10/27-21:30,6897,6900,6878,6881
 2016/10/27-21:45,6881,6886,6877,6885
 2016/10/27-22:00,6885,6886,6874,6879
 2016/10/27-22:15,6879,6892,6879,6888
 2016/10/27-22:30,6889,6891,6876,6883
 2016/10/27-22:45,6882,6900,6882,6897
 2016/10/27-23:00,6897,6899,6894,6897
 2016/10/27-23:15,6897,6902,6890,6892
 2016/10/27-23:30,6893,6901,6891,6893
 2016/10/27-09:15,6893,6893,6878,6879
 2016/10/27-09:30,6879,6884,6877,6881
 2016/10/27-09:45,6880,6881,6866,6874
 2016/10/27-10:00,6873,6886,6870,6884
 2016/10/27-10:15,6883,6887,6875,6886
 2016/10/27-10:45,6888,6895,6882,6885
 2016/10/27-11:00,6884,6885,6875,6877
 2016/10/27-11:15,6877,6879,6866,6870
 2016/10/27-11:30,6869,6869,6852,6866
 2016/10/27-13:45,6866,6867,6856,6865
 2016/10/27-14:00,6865,6875,6863,6866
 2016/10/27-14:15,6866,6870,6858,6862
 2016/10/27-14:30,6862,6870,6861,6864
 2016/10/27-14:45,6864,6866,6856,6862
 2016/10/27-15:00,6862,6866,6851,6858
 2016/10/28-21:15,6865,6868,6821,6842
 2016/10/28-21:30,6843,6846,6832,6840
 2016/10/28-21:45,6839,6847,6833,6837
 2016/10/28-22:00,6837,6845,6833,6843
 2016/10/28-22:15,6843,6851,6842,6848
 2016/10/28-22:30,6848,6857,6846,6853
 2016/10/28-22:45,6852,6855,6847,6848
 2016/10/28-23:00,6849,6857,6847,6852
 2016/10/28-23:15,6852,6857,6847,6850
 2016/10/28-23:30,6849,6876,6848,6872
 2016/10/28-09:15,6870,6877,6861,6865
 2016/10/28-09:30,6865,6886,6865,6884
 2016/10/28-09:45,6885,6885,6866,6870
 2016/10/28-10:00,6870,6872,6854,6858
 2016/10/28-10:15,6858,6860,6853,6854
 2016/10/28-10:45,6854,6859,6838,6839
 2016/10/28-11:00,6838,6844,6790,6794
 2016/10/28-11:15,6793,6805,6789,6797
 2016/10/28-11:30,6798,6801,6791,6794
 2016/10/28-13:45,6795,6808,6794,6803
 2016/10/28-14:00,6803,6808,6803,6806
 2016/10/28-14:15,6805,6828,6798,6826
 2016/10/28-14:30,6826,6828,6813,6819
 2016/10/28-14:45,6819,6820,6803,6804
 2016/10/28-15:00,6805,6821,6800,6819
 2016/10/31-21:15,6800,6811,6791,6808
 2016/10/31-21:30,6808,6819,6805,6811
 2016/10/31-21:45,6811,6823,6807,6820
 2016/10/31-22:00,6820,6821,6810,6813
 2016/10/31-22:15,6813,6819,6812,6814
 2016/10/31-22:30,6813,6815,6773,6788
 2016/10/31-22:45,6788,6807,6786,6805
 2016/10/31-23:00,6805,6816,6802,6810
 2016/10/31-23:15,6810,6813,6803,6806
 2016/10/31-23:30,6806,6814,6803,6810
 2016/10/31-09:15,6804,6820,6790,6792
 2016/10/31-09:30,6792,6802,6786,6798
 2016/10/31-09:45,6798,6806,6794,6806
 2016/10/31-10:00,6806,6812,6801,6811
 2016/10/31-10:15,6810,6813,6805,6810
 2016/10/31-10:45,6810,6811,6796,6806
 2016/10/31-11:00,6806,6809,6802,6808
 2016/10/31-11:15,6809,6810,6800,6802
 2016/10/31-11:30,6801,6805,6801,6802
 2016/10/31-13:45,6800,6804,6790,6793
 2016/10/31-14:00,6793,6797,6788,6794
 2016/10/31-14:15,6795,6797,6778,6787
 2016/10/31-14:30,6786,6793,6777,6789
 2016/10/31-14:45,6789,6790,6770,6778
 2016/10/31-15:00,6778,6779,6750,6760
 2016/11/01-21:15,6752,6756,6734,6753
 2016/11/01-21:30,6752,6755,6740,6744
 2016/11/01-21:45,6745,6747,6733,6740
 2016/11/01-22:00,6740,6744,6726,6730
 2016/11/01-22:15,6729,6734,6715,6731
 2016/11/01-22:30,6731,6740,6730,6736
 2016/11/01-22:45,6736,6737,6723,6731
 2016/11/01-23:00,6731,6735,6725,6729
 2016/11/01-23:15,6729,6744,6728,6740
 2016/11/01-23:30,6741,6741,6726,6729
 2016/11/01-09:15,6719,6725,6692,6705
 2016/11/01-09:30,6704,6717,6702,6711
 2016/11/01-09:45,6711,6721,6711,6714
 2016/11/01-10:00,6714,6718,6712,6716
 2016/11/01-10:15,6716,6737,6714,6735
 2016/11/01-10:45,6736,6738,6731,6735
 2016/11/01-11:00,6735,6737,6731,6732
 2016/11/01-11:15,6732,6733,6718,6724
 2016/11/01-11:30,6723,6729,6719,6728
 2016/11/01-13:45,6727,6740,6727,6740
 2016/11/01-14:00,6740,6743,6735,6737
 2016/11/01-14:15,6738,6744,6737,6740
 2016/11/01-14:30,6739,6757,6736,6755
 2016/11/01-14:45,6755,6757,6737,6745
 2016/11/01-15:00,6746,6753,6742,6747
 2016/11/02-21:15,6743,6776,6739,6763
 2016/11/02-21:30,6764,6767,6745,6749
 2016/11/02-21:45,6750,6761,6742,6753
 2016/11/02-22:00,6755,6756,6732,6737
 2016/11/02-22:15,6737,6743,6734,6740
 2016/11/02-22:30,6739,6752,6734,6747
 2016/11/02-22:45,6747,6753,6742,6749
 2016/11/02-23:00,6749,6757,6744,6750
 2016/11/02-23:15,6750,6751,6739,6744
 2016/11/02-23:30,6744,6748,6740,6746
 2016/11/02-09:15,6740,6740,6723,6728
 2016/11/02-09:30,6728,6730,6718,6719
 2016/11/02-09:45,6718,6726,6718,6721
 2016/11/02-10:00,6721,6721,6702,6712
 2016/11/02-10:15,6712,6726,6710,6726
 2016/11/02-10:45,6726,6734,6723,6725
 2016/11/02-11:00,6726,6728,6720,6723
 2016/11/02-11:15,6722,6731,6714,6725
 2016/11/02-11:30,6725,6747,6722,6744
 2016/11/02-13:45,6744,6758,6740,6758
 2016/11/02-14:00,6758,6766,6751,6755
 2016/11/02-14:15,6755,6763,6744,6751
 2016/11/02-14:30,6750,6759,6750,6759
 2016/11/02-14:45,6759,6764,6751,6759
 2016/11/02-15:00,6758,6761,6745,6746
 2016/11/03-21:15,6751,6771,6746,6769
 2016/11/03-21:30,6769,6769,6748,6751
 2016/11/03-21:45,6750,6751,6741,6747
 2016/11/03-22:00,6747,6752,6733,6741
 2016/11/03-22:15,6741,6749,6736,6747
 2016/11/03-22:30,6747,6754,6744,6752
 2016/11/03-22:45,6753,6760,6747,6755
 2016/11/03-23:00,6754,6761,6743,6758
 2016/11/03-23:15,6758,6765,6755,6756
 2016/11/03-23:30,6756,6768,6756,6767
 2016/11/03-09:15,6791,6811,6780,6803
 2016/11/03-09:30,6803,6804,6788,6797
 2016/11/03-09:45,6798,6800,6796,6799
 2016/11/03-10:00,6799,6802,6796,6797
 2016/11/03-10:15,6797,6799,6794,6798
 2016/11/03-10:45,6797,6807,6797,6805
 2016/11/03-11:00,6804,6806,6791,6799
 2016/11/03-11:15,6800,6803,6797,6801
 2016/11/03-11:30,6802,6817,6801,6812
 2016/11/03-13:45,6812,6835,6812,6833
 2016/11/03-14:00,6835,6854,6830,6845
 2016/11/03-14:15,6846,6849,6838,6841
 2016/11/03-14:30,6842,6845,6836,6837
 2016/11/03-14:45,6838,6842,6833,6842
 2016/11/03-15:00,6842,6850,6824,6825
 2016/11/04-21:15,6818,6826,6814,6818
 2016/11/04-21:30,6818,6818,6818,6818
 2016/11/04-21:45,6818,6818,6818,6818
 2016/11/04-22:00,6818,6818,6818,6818
 2016/11/04-22:15,6818,6818,6818,6818
 2016/11/04-22:30,6818,6818,6818,6818
 2016/11/04-22:45,6818,6818,6818,6818
 2016/11/04-23:00,6818,6818,6818,6818
 2016/11/04-23:15,6818,6818,6818,6818
 2016/11/04-23:30,6818,6829,6818,6829
 2016/11/04-09:15,6830,6838,6826,6833
 2016/11/04-09:30,6832,6836,6808,6812
 2016/11/04-09:45,6812,6821,6809,6816
 2016/11/04-10:00,6816,6820,6809,6819
 2016/11/04-10:15,6819,6820,6809,6811
 2016/11/04-10:45,6812,6812,6784,6796
 2016/11/04-11:00,6796,6797,6774,6781
 2016/11/04-11:15,6780,6786,6774,6781
 2016/11/04-11:30,6781,6787,6779,6781
 2016/11/04-13:45,6785,6797,6782,6790
 2016/11/04-14:00,6791,6792,6772,6778
 2016/11/04-14:15,6778,6787,6776,6779
 2016/11/04-14:30,6780,6782,6760,6760
 2016/11/04-14:45,6759,6765,6747,6751
 2016/11/04-15:00,6750,6753,6740,6744
 2016/11/07-21:15,6768,6775,6753,6771
 2016/11/07-21:30,6771,6774,6762,6768
 2016/11/07-21:45,6768,6793,6766,6791
 2016/11/07-22:00,6792,6796,6786,6787
 2016/11/07-22:15,6787,6790,6776,6776
 2016/11/07-22:30,6776,6785,6768,6781
 2016/11/07-22:45,6781,6787,6774,6787
 2016/11/07-23:00,6787,6788,6776,6779
 2016/11/07-23:15,6778,6780,6763,6763
 2016/11/07-23:30,6763,6775,6762,6775
 2016/11/07-09:15,6777,6790,6773,6786
 2016/11/07-09:30,6787,6788,6774,6779
 2016/11/07-09:45,6779,6781,6769,6778
 2016/11/07-10:00,6780,6780,6773,6775
 2016/11/07-10:15,6775,6775,6759,6762
 2016/11/07-10:45,6763,6778,6755,6775
 2016/11/07-11:00,6775,6775,6743,6753
 2016/11/07-11:15,6753,6760,6747,6757
 2016/11/07-11:30,6757,6767,6750,6767
 2016/11/07-13:45,6767,6792,6766,6789
 2016/11/07-14:00,6790,6796,6767,6775
 2016/11/07-14:15,6776,6784,6772,6774
 2016/11/07-14:30,6774,6780,6767,6767
 2016/11/07-14:45,6768,6768,6755,6759
 2016/11/07-15:00,6759,6775,6756,6774
 2016/11/08-21:15,6790,6829,6783,6817
 2016/11/08-21:30,6818,6864,6815,6847
 2016/11/08-21:45,6848,6859,6838,6840
 2016/11/08-22:00,6842,6862,6837,6860
 2016/11/08-22:15,6861,6879,6844,6867
 2016/11/08-22:30,6867,6869,6856,6863
 2016/11/08-22:45,6864,6867,6854,6863
 2016/11/08-23:00,6863,6878,6860,6871
 2016/11/08-23:15,6872,6888,6872,6884
 2016/11/08-23:30,6884,6886,6831,6836
 2016/11/08-09:15,6835,6845,6826,6831
 2016/11/08-09:30,6832,6834,6816,6824
 2016/11/08-09:45,6824,6836,6823,6832
 2016/11/08-10:00,6833,6843,6830,6843
 2016/11/08-10:15,6843,6846,6832,6836
 2016/11/08-10:45,6836,6850,6836,6844
 2016/11/08-11:00,6844,6852,6840,6843
 2016/11/08-11:15,6843,6847,6833,6845
 2016/11/08-11:30,6845,6866,6844,6865
 2016/11/08-13:45,6865,6869,6810,6810
 2016/11/08-14:00,6808,6808,6785,6803
 2016/11/08-14:15,6803,6817,6799,6807
 2016/11/08-14:30,6807,6820,6804,6807
 2016/11/08-14:45,6808,6811,6801,6807
 2016/11/08-15:00,6807,6808,6791,6795
 2016/11/09-21:15,6788,6792,6764,6789
 2016/11/09-21:30,6789,6814,6788,6808
 2016/11/09-21:45,6809,6813,6802,6804
 2016/11/09-22:00,6804,6818,6802,6809
 2016/11/09-22:15,6809,6816,6797,6811
 2016/11/09-22:30,6812,6818,6807,6814
 2016/11/09-22:45,6814,6817,6808,6811
 2016/11/09-23:00,6811,6828,6811,6820
 2016/11/09-23:15,6820,6823,6803,6809
 2016/11/09-23:30,6809,6813,6799,6808
 2016/11/09-09:15,6803,6812,6797,6810
 2016/11/09-09:30,6811,6816,6777,6786
 2016/11/09-09:45,6787,6788,6767,6774
 2016/11/09-10:00,6773,6787,6770,6784
 2016/11/09-10:15,6784,6788,6773,6788
 2016/11/09-10:45,6787,6802,6782,6794
 2016/11/09-11:00,6794,6802,6786,6789
 2016/11/09-11:15,6789,6791,6780,6785
 2016/11/09-11:30,6784,6791,6781,6786
 2016/11/09-13:45,6783,6786,6771,6784
 2016/11/09-14:00,6783,6792,6769,6773
 2016/11/09-14:15,6773,6787,6764,6770
 2016/11/09-14:30,6771,6779,6761,6772
 2016/11/09-14:45,6772,6782,6769,6774
 2016/11/09-15:00,6775,6782,6769,6775
 2016/11/10-21:15,6784,6815,6784,6810
 2016/11/10-21:30,6811,6820,6807,6817
 2016/11/10-21:45,6817,6820,6805,6807
 2016/11/10-22:00,6808,6814,6806,6814
 2016/11/10-22:15,6814,6824,6796,6807
 2016/11/10-22:30,6807,6812,6798,6806
 2016/11/10-22:45,6807,6819,6804,6808
 2016/11/10-23:00,6808,6813,6776,6797
 2016/11/10-23:15,6798,6818,6797,6815
 2016/11/10-23:30,6816,6818,6803,6814
 2016/11/10-09:15,6817,6848,6802,6837
 2016/11/10-09:30,6839,6841,6806,6819
 2016/11/10-09:45,6819,6824,6812,6817
 2016/11/10-10:00,6817,6819,6804,6813
 2016/11/10-10:15,6814,6816,6806,6812
 2016/11/10-10:45,6812,6831,6812,6823
 2016/11/10-11:00,6823,6828,6819,6824
 2016/11/10-11:15,6824,6830,6822,6826
 2016/11/10-11:30,6826,6830,6809,6812
 2016/11/10-13:45,6810,6824,6807,6822
 2016/11/10-14:00,6823,6826,6816,6822
 2016/11/10-14:15,6823,6842,6819,6826
 2016/11/10-14:30,6826,6828,6815,6821
 2016/11/10-14:45,6820,6838,6819,6828
 2016/11/10-15:00,6829,6832,6812,6816
 2016/11/11-21:15,6798,6807,6782,6791
 2016/11/11-21:30,6790,6809,6786,6807
 2016/11/11-21:45,6808,6812,6799,6806
 2016/11/11-22:00,6807,6808,6794,6805
 2016/11/11-22:15,6804,6810,6793,6800
 2016/11/11-22:30,6800,6804,6795,6801
 2016/11/11-22:45,6801,6802,6791,6797
 2016/11/11-23:00,6798,6804,6787,6802
 2016/11/11-23:15,6802,6805,6793,6797
 2016/11/11-23:30,6797,6856,6791,6848
 2016/11/11-09:15,6843,6910,6825,6908
 2016/11/11-09:30,6908,6938,6860,6889
 2016/11/11-09:45,6890,6895,6852,6863
 2016/11/11-10:00,6863,6874,6850,6858
 2016/11/11-10:15,6858,6858,6834,6852
 2016/11/11-10:45,6852,6872,6848,6867
 2016/11/11-11:00,6867,6874,6857,6861
 2016/11/11-11:15,6862,6866,6857,6865
 2016/11/11-11:30,6865,6884,6865,6881
 2016/11/11-13:45,6881,6893,6873,6885
 2016/11/11-14:00,6885,6888,6854,6856
 2016/11/11-14:15,6857,6858,6823,6834
 2016/11/11-14:30,6835,6837,6798,6811
 2016/11/11-14:45,6811,6824,6809,6814
 2016/11/11-15:00,6814,6827,6813,6823
 2016/11/14-09:15,6760,6779,6754,6760
 2016/11/14-09:30,6761,6770,6752,6760
 2016/11/14-09:45,6760,6776,6756,6776
 2016/11/14-10:00,6776,6798,6774,6788
 2016/11/14-10:15,6788,6814,6786,6804
 2016/11/14-10:45,6804,6812,6792,6795
 2016/11/14-11:00,6796,6836,6792,6836
 2016/11/14-11:15,6837,6847,6818,6820
 2016/11/14-11:30,6820,6824,6808,6810
 2016/11/14-13:45,6810,6821,6793,6796
 2016/11/14-14:00,6795,6805,6775,6779
 2016/11/14-14:15,6778,6785,6771,6778
 2016/11/14-14:30,6778,6818,6769,6817
 2016/11/14-14:45,6818,6831,6817,6821
 2016/11/14-15:00,6822,6829,6817,6829
 2016/11/15-21:15,6824,6892,6824,6870
 2016/11/15-21:30,6870,6882,6862,6880
 2016/11/15-21:45,6880,6900,6869,6884
 2016/11/15-22:00,6885,6906,6884,6889
 2016/11/15-22:15,6888,6899,6883,6890
 2016/11/15-22:30,6891,6894,6833,6841
 2016/11/15-22:45,6841,6854,6835,6840
 2016/11/15-23:00,6840,6846,6824,6840
 2016/11/15-23:15,6839,6846,6836,6839
 2016/11/15-23:30,6839,6841,6828,6837
 2016/11/15-09:15,6836,6849,6835,6843
 2016/11/15-09:30,6844,6848,6813,6817
 2016/11/15-09:45,6817,6837,6817,6835
 2016/11/15-10:00,6835,6842,6833,6839
 2016/11/15-10:15,6840,6840,6833,6835
 2016/11/15-10:45,6835,6839,6823,6828
 2016/11/15-11:00,6828,6834,6825,6834
 2016/11/15-11:15,6834,6856,6831,6853
 2016/11/15-11:30,6852,6863,6838,6845
 2016/11/15-13:45,6846,6848,6823,6844
 2016/11/15-14:00,6843,6850,6819,6829
 2016/11/15-14:15,6829,6839,6828,6836
 2016/11/15-14:30,6836,6850,6834,6846
 2016/11/15-14:45,6847,6856,6834,6845
 2016/11/15-15:00,6846,6855,6842,6852
 2016/11/16-21:15,6855,6875,6847,6865
 2016/11/16-21:30,6865,6865,6843,6844
 2016/11/16-21:45,6844,6856,6836,6837
 2016/11/16-22:00,6836,6848,6836,6843
 2016/11/16-22:15,6844,6847,6830,6835
 2016/11/16-22:30,6835,6842,6830,6838
 2016/11/16-22:45,6837,6855,6836,6844
 2016/11/16-23:00,6845,6851,6839,6846
 2016/11/16-23:15,6846,6850,6836,6837
 2016/11/16-23:30,6837,6842,6832,6833
 2016/11/16-09:15,6828,6831,6792,6796
 2016/11/16-09:30,6796,6808,6790,6808
 2016/11/16-09:45,6806,6808,6802,6802
 2016/11/16-10:00,6802,6805,6799,6805
 2016/11/16-10:15,6804,6804,6793,6798
 2016/11/16-10:45,6799,6814,6791,6809
 2016/11/16-11:00,6809,6815,6807,6807
 2016/11/16-11:15,6807,6811,6806,6807
 2016/11/16-11:30,6808,6810,6804,6805
 2016/11/16-13:45,6805,6818,6798,6813
 2016/11/16-14:00,6812,6813,6785,6799
 2016/11/16-14:15,6799,6810,6797,6804
 2016/11/16-14:30,6805,6807,6801,6802
 2016/11/16-14:45,6802,6810,6802,6805
 2016/11/16-15:00,6806,6820,6802,6818
 2016/11/17-21:15,6800,6800,6780,6787
 2016/11/17-21:30,6786,6790,6764,6777
 2016/11/17-21:45,6776,6796,6773,6782
 2016/11/17-22:00,6782,6784,6774,6781
 2016/11/17-22:15,6780,6780,6762,6775
 2016/11/17-22:30,6774,6776,6766,6773
 2016/11/17-22:45,6772,6777,6756,6768
 2016/11/17-23:00,6768,6778,6767,6772
 2016/11/17-23:15,6772,6775,6768,6774
 2016/11/17-23:30,6774,6780,6767,6770
 2016/11/17-09:15,6767,6773,6750,6767
 2016/11/17-09:30,6766,6770,6762,6767
 2016/11/17-09:45,6766,6766,6750,6752
 2016/11/17-10:00,6752,6759,6748,6754
 2016/11/17-10:15,6754,6762,6751,6759
 2016/11/17-10:45,6758,6758,6752,6754
 2016/11/17-11:00,6754,6757,6749,6754
 2016/11/17-11:15,6754,6766,6751,6760
 2016/11/17-11:30,6759,6764,6755,6760
 2016/11/17-13:45,6761,6776,6758,6769
 2016/11/17-14:00,6768,6772,6764,6764
 2016/11/17-14:15,6764,6774,6764,6769
 2016/11/17-14:30,6769,6776,6768,6772
 2016/11/17-14:45,6773,6779,6770,6772
 2016/11/17-15:00,6772,6780,6769,6779
 2016/11/18-21:15,6784,6790,6772,6772
 2016/11/18-21:30,6772,6784,6772,6777
 2016/11/18-21:45,6776,6779,6772,6777
 2016/11/18-22:00,6776,6804,6775,6794
 2016/11/18-22:15,6795,6802,6789,6792
 2016/11/18-22:30,6792,6795,6788,6793
 2016/11/18-22:45,6793,6798,6788,6792
 2016/11/18-23:00,6793,6802,6791,6794
 2016/11/18-23:15,6795,6799,6791,6794
 2016/11/18-23:30,6795,6798,6791,6795
 2016/11/18-09:15,6790,6790,6773,6781
 2016/11/18-09:30,6781,6784,6775,6779
 2016/11/18-09:45,6780,6783,6776,6780
 2016/11/18-10:00,6779,6781,6765,6775
 2016/11/18-10:15,6775,6778,6771,6773
 2016/11/18-10:45,6772,6777,6769,6774
 2016/11/18-11:00,6774,6776,6769,6775
 2016/11/18-11:15,6774,6780,6771,6776
 2016/11/18-11:30,6775,6779,6771,6774
 2016/11/18-13:45,6773,6773,6760,6761
 2016/11/18-14:00,6761,6769,6751,6764
 2016/11/18-14:15,6763,6766,6761,6763
 2016/11/18-14:30,6763,6786,6763,6784
 2016/11/18-14:45,6784,6797,6783,6795
 2016/11/18-15:00,6795,6799,6790,6797
 2016/11/21-21:15,6811,6833,6795,6799
 2016/11/21-21:30,6798,6804,6787,6795
 2016/11/21-21:45,6796,6804,6793,6794
 2016/11/21-22:00,6795,6798,6784,6789
 2016/11/21-22:15,6787,6791,6786,6788
 2016/11/21-22:30,6788,6799,6781,6794
 2016/11/21-22:45,6793,6795,6787,6791
 2016/11/21-23:00,6790,6794,6785,6790
 2016/11/21-23:15,6789,6790,6776,6787
 2016/11/21-23:30,6787,6787,6767,6770
 2016/11/21-09:15,6769,6791,6769,6788
 2016/11/21-09:30,6788,6793,6780,6786
 2016/11/21-09:45,6788,6816,6787,6808
 2016/11/21-10:00,6808,6814,6799,6811
 2016/11/21-10:15,6812,6819,6806,6815
 2016/11/21-10:45,6815,6820,6808,6818
 2016/11/21-11:00,6818,6850,6818,6848
 2016/11/21-11:15,6850,6876,6849,6865
 2016/11/21-11:30,6866,6871,6843,6869
 2016/11/21-13:45,6870,6874,6856,6857
 2016/11/21-14:00,6858,6867,6847,6863
 2016/11/21-14:15,6864,6870,6862,6867
 2016/11/21-14:30,6868,6869,6830,6845
 2016/11/21-14:45,6845,6847,6837,6844
 2016/11/21-15:00,6844,6846,6832,6841
 2016/11/22-21:15,6851,6860,6839,6848
 2016/11/22-21:30,6848,6857,6844,6848
 2016/11/22-21:45,6849,6855,6844,6854
 2016/11/22-22:00,6854,6880,6853,6868
 2016/11/22-22:15,6867,6883,6861,6878
 2016/11/22-22:30,6878,6885,6868,6872
 2016/11/22-22:45,6872,6874,6855,6868
 2016/11/22-23:00,6868,6875,6863,6874
 2016/11/22-23:15,6874,6875,6865,6869
 2016/11/22-23:30,6871,6880,6866,6875
 2016/11/22-09:15,6873,6892,6865,6869
 2016/11/22-09:30,6869,6882,6867,6881
 2016/11/22-09:45,6882,6885,6820,6845
 2016/11/22-10:00,6846,6848,6834,6839
 2016/11/22-10:15,6839,6849,6831,6845
 2016/11/22-10:45,6844,6849,6839,6845
 2016/11/22-11:00,6843,6845,6836,6843
 2016/11/22-11:15,6844,6852,6840,6848
 2016/11/22-11:30,6848,6850,6843,6848
 2016/11/22-13:45,6848,6864,6848,6862
 2016/11/22-14:00,6861,6863,6841,6842
 2016/11/22-14:15,6842,6851,6840,6850
 2016/11/22-14:30,6849,6852,6833,6842
 2016/11/22-14:45,6841,6848,6839,6845
 2016/11/22-15:00,6845,6865,6839,6865
 2016/11/23-21:15,6860,6872,6850,6852
 2016/11/23-21:30,6852,6855,6844,6852
 2016/11/23-21:45,6851,6854,6835,6846
 2016/11/23-22:00,6846,6849,6838,6845
 2016/11/23-22:15,6845,6852,6843,6850
 2016/11/23-22:30,6849,6854,6844,6846
 2016/11/23-22:45,6846,6847,6833,6842
 2016/11/23-23:00,6843,6851,6841,6846
 2016/11/23-23:15,6845,6846,6838,6844
 2016/11/23-23:30,6844,6852,6842,6850
 2016/11/23-09:15,6834,6834,6792,6797
 2016/11/23-09:30,6797,6797,6772,6791
 2016/11/23-09:45,6790,6795,6786,6786
 2016/11/23-10:00,6786,6795,6784,6792
 2016/11/23-10:15,6792,6800,6789,6797
 2016/11/23-10:45,6797,6799,6791,6796
 2016/11/23-11:00,6795,6797,6788,6791
 2016/11/23-11:15,6792,6802,6789,6800
 2016/11/23-11:30,6799,6800,6794,6799
 2016/11/23-13:45,6798,6803,6792,6802
 2016/11/23-14:00,6803,6803,6784,6788
 2016/11/23-14:15,6788,6790,6780,6787
 2016/11/23-14:30,6787,6793,6783,6789
 2016/11/23-14:45,6789,6793,6787,6793
 2016/11/23-15:00,6793,6802,6790,6799
 2016/11/24-21:15,6799,6810,6798,6805
 2016/11/24-21:30,6805,6811,6804,6807
 2016/11/24-21:45,6807,6808,6795,6796
 2016/11/24-22:00,6796,6802,6791,6801
 2016/11/24-22:15,6801,6801,6793,6798
 2016/11/24-22:30,6797,6822,6796,6822
 2016/11/24-22:45,6823,6845,6823,6837
 2016/11/24-23:00,6837,6840,6827,6834
 2016/11/24-23:15,6836,6843,6832,6835
 2016/11/24-23:30,6835,6850,6830,6850
 2016/11/24-09:15,6849,6849,6828,6832
 2016/11/24-09:30,6832,6836,6825,6833
 2016/11/24-09:45,6833,6842,6830,6835
 2016/11/24-10:00,6835,6840,6832,6836
 2016/11/24-10:15,6835,6872,6835,6861
 2016/11/24-10:45,6862,6865,6847,6850
 2016/11/24-11:00,6851,6865,6849,6859
 2016/11/24-11:15,6860,6863,6853,6857
 2016/11/24-11:30,6856,6905,6851,6902
 2016/11/24-13:45,6903,6956,6903,6926
 2016/11/24-14:00,6926,6950,6924,6950
 2016/11/24-14:15,6950,6952,6908,6926
 2016/11/24-14:30,6927,6938,6926,6934
 2016/11/24-14:45,6934,6938,6902,6915
 2016/11/24-15:00,6915,6929,6910,6923
 2016/11/25-21:15,6932,6986,6916,6975
 2016/11/25-21:30,6975,6982,6960,6968
 2016/11/25-21:45,6968,6971,6953,6965
 2016/11/25-22:00,6965,6978,6959,6960
 2016/11/25-22:15,6961,6966,6852,6886
 2016/11/25-22:30,6885,6906,6884,6902
 2016/11/25-22:45,6903,6911,6893,6904
 2016/11/25-23:00,6904,6909,6891,6901
 2016/11/25-23:15,6902,6904,6896,6902
 2016/11/25-23:30,6901,6905,6900,6903
 2016/11/25-09:15,6903,6917,6903,6917
 2016/11/25-09:30,6916,6917,6900,6901
 2016/11/25-09:45,6900,6913,6895,6900
 2016/11/25-10:00,6899,6904,6887,6888
 2016/11/25-10:15,6887,6897,6881,6895
 2016/11/25-10:45,6895,6896,6880,6892
 2016/11/25-11:00,6893,6897,6890,6897
 2016/11/25-11:15,6897,6911,6896,6906
 2016/11/25-11:30,6906,6914,6906,6910
 2016/11/25-13:45,6909,6923,6909,6913
 2016/11/25-14:00,6913,6943,6909,6927
 2016/11/25-14:15,6927,6935,6924,6927
 2016/11/25-14:30,6926,6934,6925,6931
 2016/11/25-14:45,6931,6945,6930,6944
 2016/11/25-15:00,6943,6953,6935,6952
 2016/11/28-21:15,6947,7003,6939,6987
 2016/11/28-21:30,6988,7002,6977,7000
 2016/11/28-21:45,7000,7002,6986,6992
 2016/11/28-22:00,6992,7025,6990,7021
 2016/11/28-22:15,7022,7043,7013,7030
 2016/11/28-22:30,7032,7037,7016,7021
 2016/11/28-22:45,7021,7091,7018,7088
 2016/11/28-23:00,7088,7093,7066,7067
 2016/11/28-23:15,7068,7078,7054,7067
 2016/11/28-23:30,7068,7093,7067,7087
 2016/11/28-09:15,7100,7170,7100,7123
 2016/11/28-09:30,7123,7127,7103,7120
 2016/11/28-09:45,7119,7143,7117,7139
 2016/11/28-10:00,7139,7153,7132,7142
 2016/11/28-10:15,7143,7159,7137,7159
 2016/11/28-10:45,7158,7207,7152,7207
 2016/11/28-11:00,7207,7207,7207,7207
 2016/11/28-11:15,7207,7207,7207,7207
 2016/11/28-11:30,7207,7207,7207,7207
 2016/11/28-13:45,7207,7207,7207,7207
 2016/11/28-14:00,7207,7207,7200,7207
 2016/11/28-14:15,7207,7207,7207,7207
 2016/11/28-14:30,7207,7207,7207,7207
 2016/11/28-14:45,7207,7207,7207,7207
 2016/11/28-15:00,7207,7207,7207,7207
 2016/11/29-21:15,7268,7274,7236,7255
 2016/11/29-21:30,7255,7265,7213,7231
 2016/11/29-21:45,7232,7233,7222,7231
 2016/11/29-22:00,7231,7231,7231,7231
 2016/11/29-22:15,7231,7231,7231,7231
 2016/11/29-22:30,7231,7231,7231,7231
 2016/11/29-22:45,7231,7231,7231,7231
 2016/11/29-23:00,7231,7231,7231,7231
 2016/11/29-23:15,7231,7231,7231,7231
 2016/11/29-23:30,7231,7287,7231,7287
 2016/11/29-09:15,7288,7292,7260,7283
 2016/11/29-09:30,7283,7297,7276,7292
 2016/11/29-09:45,7292,7302,7286,7290
 2016/11/29-10:00,7290,7294,7275,7275
 2016/11/29-10:15,7276,7291,7266,7291
 2016/11/29-10:45,7291,7298,7277,7286
 2016/11/29-11:00,7285,7297,7285,7290
 2016/11/29-11:15,7291,7313,7290,7309
 2016/11/29-11:30,7309,7309,7272,7299
 2016/11/29-13:45,7297,7297,7243,7282
 2016/11/29-14:00,7281,7282,7265,7273
 2016/11/29-14:15,7274,7275,7250,7268
 2016/11/29-14:30,7267,7275,7256,7271
 2016/11/29-14:45,7271,7286,7266,7271
 2016/11/29-15:00,7270,7284,7268,7270
 2016/11/30-21:15,7262,7262,7189,7208
 2016/11/30-21:30,7208,7222,7203,7214
 2016/11/30-21:45,7214,7219,7204,7213
 2016/11/30-22:00,7213,7236,7212,7220
 2016/11/30-22:15,7219,7219,7207,7215
 2016/11/30-22:30,7215,7215,7215,7215
 2016/11/30-22:45,7215,7215,7215,7215
 2016/11/30-23:00,7215,7215,7215,7215
 2016/11/30-23:15,7215,7215,7215,7215
 2016/11/30-23:30,7215,7215,7182,7182
 2016/11/30-09:15,7155,7191,7151,7179
 2016/11/30-09:30,7179,7196,7165,7194
 2016/11/30-09:45,7194,7197,7186,7195
 2016/11/30-10:00,7195,7196,7183,7186
 2016/11/30-10:15,7186,7225,7182,7207
 2016/11/30-10:45,7207,7228,7207,7214
 2016/11/30-11:00,7214,7219,7186,7190
 2016/11/30-11:15,7189,7195,7181,7185
 2016/11/30-11:30,7185,7185,7152,7152
 2016/11/30-13:45,7150,7165,7115,7153
 2016/11/30-14:00,7154,7179,7152,7157
 2016/11/30-14:15,7156,7174,7148,7165
 2016/11/30-14:30,7165,7174,7159,7164
 2016/11/30-14:45,7164,7171,7153,7165
 2016/11/30-15:00,7166,7180,7163,7180
 2016/12/01-21:15,7188,7229,7173,7179
 2016/12/01-21:30,7178,7181,7153,7169
 2016/12/01-21:45,7169,7173,7131,7146
 2016/12/01-22:00,7146,7165,7145,7156
 2016/12/01-22:15,7157,7162,7152,7156
 2016/12/01-22:30,7156,7161,7143,7153
 2016/12/01-22:45,7153,7163,7136,7146
 2016/12/01-23:00,7145,7156,7140,7151
 2016/12/01-23:15,7151,7157,7146,7148
 2016/12/01-23:30,7148,7152,7141,7148
 2016/12/01-09:15,7167,7175,7122,7136
 2016/12/01-09:30,7137,7143,7120,7139
 2016/12/01-09:45,7138,7142,7132,7136
 2016/12/01-10:00,7135,7136,7120,7128
 2016/12/01-10:15,7127,7134,7118,7121
 2016/12/01-10:45,7120,7129,7116,7121
 2016/12/01-11:00,7121,7125,7119,7120
 2016/12/01-11:15,7120,7123,7116,7121
 2016/12/01-11:30,7121,7122,7106,7117
 2016/12/01-13:45,7115,7132,7115,7126
 2016/12/01-14:00,7126,7142,7125,7138
 2016/12/01-14:15,7138,7140,7123,7125
 2016/12/01-14:30,7125,7133,7123,7129
 2016/12/01-14:45,7130,7134,7125,7125
 2016/12/01-15:00,7126,7137,7116,7135
 2016/12/02-21:15,7120,7166,7112,7128
 2016/12/02-21:30,7128,7132,7117,7121
 2016/12/02-21:45,7121,7130,7102,7113
 2016/12/02-22:00,7113,7118,7107,7112
 2016/12/02-22:15,7111,7118,7109,7114
 2016/12/02-22:30,7114,7115,7100,7103
 2016/12/02-22:45,7101,7109,7097,7097
 2016/12/02-23:00,7098,7098,7022,7023
 2016/12/02-23:15,7022,7042,6987,6997
 2016/12/02-23:30,6997,7009,6981,6990
 2016/12/02-09:15,6999,7009,6986,7003
 2016/12/02-09:30,7003,7009,6999,7003
 2016/12/02-09:45,7003,7010,6999,7004
 2016/12/02-10:00,7006,7006,6993,7001
 2016/12/02-10:15,7001,7002,6992,6997
 2016/12/02-10:45,6998,7008,6994,7004
 2016/12/02-11:00,7004,7005,6996,6999
 2016/12/02-11:15,6999,7003,6995,6999
 2016/12/02-11:30,6998,7000,6988,6992
 2016/12/02-13:45,6990,7013,6990,7008
 2016/12/02-14:00,7008,7037,7006,7036
 2016/12/02-14:15,7035,7040,7026,7033
 2016/12/02-14:30,7034,7038,7024,7031
 2016/12/02-14:45,7032,7052,7029,7051
 2016/12/02-15:00,7050,7066,7048,7057
 2016/12/05-21:15,7049,7049,7019,7023
 2016/12/05-21:30,7023,7059,7011,7050
 2016/12/05-21:45,7050,7061,7041,7049
 2016/12/05-22:00,7049,7049,7037,7042
 2016/12/05-22:15,7043,7050,7020,7025
 2016/12/05-22:30,7025,7033,7023,7030
 2016/12/05-22:45,7029,7030,7001,7006
 2016/12/05-23:00,7006,7020,7004,7007
 2016/12/05-23:15,7008,7017,7005,7016
 2016/12/05-23:30,7016,7024,7015,7019
 2016/12/05-09:15,7033,7045,7026,7039
 2016/12/05-09:30,7040,7047,7036,7041
 2016/12/05-09:45,7041,7058,7039,7054
 2016/12/05-10:00,7054,7077,7043,7068
 2016/12/05-10:15,7069,7072,7052,7063
 2016/12/05-10:45,7063,7064,7055,7062
 2016/12/05-11:00,7061,7064,7054,7061
 2016/12/05-11:15,7062,7065,7051,7055
 2016/12/05-11:30,7054,7060,7050,7053
 2016/12/05-13:45,7044,7045,6992,6993
 2016/12/05-14:00,6993,7008,6990,7003
 2016/12/05-14:15,7006,7009,7001,7005
 2016/12/05-14:30,7004,7035,7004,7033
 2016/12/05-14:45,7031,7050,7031,7037
 2016/12/05-15:00,7037,7045,7029,7037
 2016/12/06-21:15,7023,7058,7023,7046
 2016/12/06-21:30,7047,7051,7035,7044
 2016/12/06-21:45,7045,7048,7037,7044
 2016/12/06-22:00,7042,7045,7031,7044
 2016/12/06-22:15,7044,7044,7032,7036
 2016/12/06-22:30,7036,7043,7025,7039
 2016/12/06-22:45,7040,7049,7037,7049
 2016/12/06-23:00,7048,7066,7043,7065
 2016/12/06-23:15,7063,7068,7050,7053
 2016/12/06-23:30,7052,7053,7038,7049
 2016/12/06-09:15,7044,7046,7015,7017
 2016/12/06-09:30,7016,7020,6996,7007
 2016/12/06-09:45,7005,7012,7005,7009
 2016/12/06-10:00,7009,7018,7007,7016
 2016/12/06-10:15,7016,7024,7003,7003
 2016/12/06-10:45,7003,7013,7000,7013
 2016/12/06-11:00,7015,7026,7008,7019
 2016/12/06-11:15,7019,7021,7016,7019
 2016/12/06-11:30,7019,7021,7006,7012
 2016/12/06-13:45,7014,7019,7006,7015
 2016/12/06-14:00,7016,7017,7000,7000
 2016/12/06-14:15,7001,7013,6999,7012
 2016/12/06-14:30,7012,7017,7009,7011
 2016/12/06-14:45,7011,7014,7005,7006
 2016/12/06-15:00,7007,7012,7004,7005
 2016/12/07-21:15,7080,7096,7073,7086
 2016/12/07-21:30,7087,7095,7080,7093
 2016/12/07-21:45,7092,7132,7091,7128
 2016/12/07-22:00,7128,7143,7119,7141
 2016/12/07-22:15,7142,7143,7124,7127
 2016/12/07-22:30,7127,7136,7127,7130
 2016/12/07-22:45,7131,7149,7126,7148
 2016/12/07-23:00,7149,7175,7145,7174
 2016/12/07-23:15,7175,7176,7160,7164
 2016/12/07-23:30,7163,7175,7163,7166
 2016/12/07-09:15,7165,7178,7145,7158
 2016/12/07-09:30,7157,7161,7145,7157
 2016/12/07-09:45,7157,7167,7151,7164
 2016/12/07-10:00,7165,7180,7162,7180
 2016/12/07-10:15,7179,7180,7152,7162
 2016/12/07-10:45,7162,7172,7153,7162
 2016/12/07-11:00,7161,7175,7161,7173
 2016/12/07-11:15,7173,7175,7136,7147
 2016/12/07-11:30,7146,7147,7132,7142
 2016/12/07-13:45,7142,7146,7131,7145
 2016/12/07-14:00,7144,7145,7134,7143
 2016/12/07-14:15,7143,7148,7140,7148
 2016/12/07-14:30,7148,7156,7143,7146
 2016/12/07-14:45,7146,7150,7134,7148
 2016/12/07-15:00,7147,7149,7136,7144
 2016/12/08-21:15,7146,7152,7104,7130
 2016/12/08-21:30,7128,7157,7124,7152
 2016/12/08-21:45,7153,7162,7142,7147
 2016/12/08-22:00,7147,7153,7142,7148
 2016/12/08-22:15,7148,7156,7144,7150
 2016/12/08-22:30,7149,7155,7128,7134
 2016/12/08-22:45,7134,7154,7129,7150
 2016/12/08-23:00,7151,7151,7133,7134
 2016/12/08-23:15,7134,7138,7126,7131
 2016/12/08-23:30,7131,7138,7125,7135
 2016/12/08-09:15,7143,7158,7132,7147
 2016/12/08-09:30,7147,7163,7138,7143
 2016/12/08-09:45,7143,7173,7142,7172
 2016/12/08-10:00,7172,7182,7163,7170
 2016/12/08-10:15,7171,7176,7156,7158
 2016/12/08-10:45,7158,7165,7146,7153
 2016/12/08-11:00,7152,7165,7152,7160
 2016/12/08-11:15,7161,7168,7151,7156
 2016/12/08-11:30,7155,7157,7141,7146
 2016/12/08-13:45,7146,7146,7133,7141
 2016/12/08-14:00,7141,7145,7134,7137
 2016/12/08-14:15,7137,7141,7117,7129
 2016/12/08-14:30,7129,7129,7115,7121
 2016/12/08-14:45,7122,7127,7116,7123
 2016/12/08-15:00,7124,7125,7103,7122
 2016/12/09-21:15,7110,7110,7059,7080
 2016/12/09-21:30,7079,7087,7072,7079
 2016/12/09-21:45,7078,7080,7069,7073
 2016/12/09-22:00,7073,7085,7072,7083
 2016/12/09-22:15,7082,7083,7070,7074
 2016/12/09-22:30,7075,7075,7066,7068
 2016/12/09-22:45,7067,7075,7064,7066
 2016/12/09-23:00,7066,7073,7065,7069
 2016/12/09-23:15,7068,7087,7064,7087
 2016/12/09-23:30,7086,7089,7057,7068
 2016/12/09-09:15,7070,7085,7062,7073
 2016/12/09-09:30,7074,7078,7070,7074
 2016/12/09-09:45,7074,7080,7069,7075
 2016/12/09-10:00,7075,7087,7073,7082
 2016/12/09-10:15,7082,7082,7061,7065
 2016/12/09-10:45,7064,7074,7062,7067
 2016/12/09-11:00,7067,7071,7064,7065
 2016/12/09-11:15,7065,7077,7064,7075
 2016/12/09-11:30,7075,7104,7074,7091
 2016/12/09-13:45,7092,7097,7082,7087
 2016/12/09-14:00,7088,7090,7065,7068
 2016/12/09-14:15,7068,7074,7062,7072
 2016/12/09-14:30,7072,7073,7062,7068
 2016/12/09-14:45,7068,7072,7061,7072
 2016/12/09-15:00,7072,7083,7067,7079
 2016/12/12-21:15,7065,7092,7043,7083
 2016/12/12-21:30,7084,7096,7072,7075
 2016/12/12-21:45,7075,7082,7065,7078
 2016/12/12-22:00,7078,7079,7069,7078
 2016/12/12-22:15,7078,7082,7074,7079
 2016/12/12-22:30,7080,7087,7075,7086
 2016/12/12-22:45,7087,7092,7080,7090
 2016/12/12-23:00,7091,7094,7083,7087
 2016/12/12-23:15,7087,7092,7078,7078
 2016/12/12-23:30,7077,7078,7069,7074
 2016/12/12-09:15,7073,7120,7073,7093
 2016/12/12-09:30,7093,7126,7089,7124
 2016/12/12-09:45,7128,7148,7121,7132
 2016/12/12-10:00,7132,7143,7125,7135
 2016/12/12-10:15,7137,7142,7127,7130
 2016/12/12-10:45,7130,7137,7128,7136
 2016/12/12-11:00,7135,7150,7135,7140
 2016/12/12-11:15,7141,7155,7141,7143
 2016/12/12-11:30,7144,7160,7143,7159
 2016/12/12-13:45,7159,7171,7141,7145
 2016/12/12-14:00,7145,7148,7134,7139
 2016/12/12-14:15,7137,7148,7137,7143
 2016/12/12-14:30,7143,7148,7142,7146
 2016/12/12-14:45,7146,7153,7140,7141
 2016/12/12-15:00,7140,7142,7090,7105
 2016/12/13-21:15,7109,7116,7096,7107
 2016/12/13-21:30,7107,7128,7105,7124
 2016/12/13-21:45,7125,7145,7124,7140
 2016/12/13-22:00,7140,7148,7134,7135
 2016/12/13-22:15,7135,7138,7121,7132
 2016/12/13-22:30,7132,7145,7131,7142
 2016/12/13-22:45,7143,7144,7129,7134
 2016/12/13-23:00,7134,7137,7129,7134
 2016/12/13-23:15,7134,7139,7131,7131
 2016/12/13-23:30,7132,7134,7123,7130
 2016/12/13-09:15,7117,7124,7106,7107
 2016/12/13-09:30,7106,7114,7095,7113
 2016/12/13-09:45,7113,7113,7105,7108
 2016/12/13-10:00,7107,7113,7103,7105
 2016/12/13-10:15,7104,7111,7096,7107
 2016/12/13-10:45,7109,7111,7102,7106
 2016/12/13-11:00,7106,7107,7087,7092
 2016/12/13-11:15,7091,7096,7086,7091
 2016/12/13-11:30,7090,7095,7085,7090
 2016/12/13-13:45,7090,7093,7086,7088
 2016/12/13-14:00,7088,7089,7083,7087
 2016/12/13-14:15,7086,7094,7085,7093
 2016/12/13-14:30,7093,7095,7090,7091
 2016/12/13-14:45,7092,7108,7091,7108
 2016/12/13-15:00,7106,7119,7099,7119
 2016/12/14-21:15,7115,7126,7102,7106
 2016/12/14-21:30,7106,7107,7093,7101
 2016/12/14-21:45,7101,7105,7096,7099
 2016/12/14-22:00,7100,7104,7093,7097
 2016/12/14-22:15,7096,7108,7091,7108
 2016/12/14-22:30,7108,7109,7100,7104
 2016/12/14-22:45,7103,7107,7087,7093
 2016/12/14-23:00,7092,7093,7075,7078
 2016/12/14-23:15,7078,7080,6950,6995
 2016/12/14-23:30,6994,6994,6942,6981
 2016/12/14-09:15,6982,6997,6957,6989
 2016/12/14-09:30,6989,6993,6982,6990
 2016/12/14-09:45,6989,6989,6965,6974
 2016/12/14-10:00,6974,6974,6944,6945
 2016/12/14-10:15,6946,6962,6937,6957
 2016/12/14-10:45,6956,6956,6904,6915
 2016/12/14-11:00,6916,6939,6909,6930
 2016/12/14-11:15,6929,6930,6914,6925
 2016/12/14-11:30,6925,6938,6916,6925
 2016/12/14-13:45,6925,6953,6924,6948
 2016/12/14-14:00,6949,6952,6938,6947
 2016/12/14-14:15,6944,6949,6929,6936
 2016/12/14-14:30,6937,6949,6930,6935
 2016/12/14-14:45,6936,6942,6930,6933
 2016/12/14-15:00,6933,6935,6914,6925
 2016/12/15-21:15,6935,6939,6889,6898
 2016/12/15-21:30,6898,6912,6890,6896
 2016/12/15-21:45,6897,6915,6894,6912
 2016/12/15-22:00,6913,6926,6905,6923
 2016/12/15-22:15,6923,6935,6918,6927
 2016/12/15-22:30,6926,6933,6903,6912
 2016/12/15-22:45,6914,6919,6908,6915
 2016/12/15-23:00,6915,6916,6898,6903
 2016/12/15-23:15,6903,6912,6893,6910
 2016/12/15-23:30,6910,6914,6898,6901
 2016/12/15-09:15,6898,6922,6870,6902
 2016/12/15-09:30,6901,6917,6895,6911
 2016/12/15-09:45,6912,6914,6902,6906
 2016/12/15-10:00,6906,6908,6880,6885
 2016/12/15-10:15,6886,6898,6869,6896
 2016/12/15-10:45,6894,6898,6890,6897
 2016/12/15-11:00,6897,6907,6891,6907
 2016/12/15-11:15,6907,6915,6901,6911
 2016/12/15-11:30,6911,6919,6911,6914
 2016/12/15-13:45,6915,6929,6913,6922
 2016/12/15-14:00,6921,6923,6911,6913
 2016/12/15-14:15,6913,6918,6904,6913
 2016/12/15-14:30,6913,6916,6908,6910
 2016/12/15-14:45,6909,6911,6900,6908
 2016/12/15-15:00,6908,6916,6889,6893
 2016/12/16-21:15,6908,6914,6877,6893
 2016/12/16-21:30,6893,6895,6884,6889
 2016/12/16-21:45,6889,6897,6880,6887
 2016/12/16-22:00,6886,6922,6883,6920
 2016/12/16-22:15,6921,6931,6916,6926
 2016/12/16-22:30,6926,6933,6917,6925
 2016/12/16-22:45,6925,6926,6911,6919
 2016/12/16-23:00,6919,6922,6914,6919
 2016/12/16-23:15,6919,6923,6918,6919
 2016/12/16-23:30,6919,6936,6918,6924
 2016/12/16-09:15,6940,6960,6936,6949
 2016/12/16-09:30,6949,6960,6948,6955
 2016/12/16-09:45,6954,6958,6940,6941
 2016/12/16-10:00,6941,6946,6936,6938
 2016/12/16-10:15,6938,6945,6936,6943
 2016/12/16-10:45,6942,6945,6940,6941
 2016/12/16-11:00,6941,6948,6941,6946
 2016/12/16-11:15,6946,6950,6944,6945
 2016/12/16-11:30,6946,6947,6938,6942
 2016/12/16-13:45,6942,6947,6930,6938
 2016/12/16-14:00,6939,6942,6928,6937
 2016/12/16-14:15,6937,6942,6933,6941
 2016/12/16-14:30,6941,6947,6935,6944
 2016/12/16-14:45,6944,6944,6930,6931
 2016/12/16-15:00,6930,6946,6926,6926
 2016/12/19-21:15,6880,6885,6850,6871
 2016/12/19-21:30,6872,6874,6849,6858
 2016/12/19-21:45,6858,6872,6855,6872
 2016/12/19-22:00,6871,6875,6866,6867
 2016/12/19-22:15,6867,6869,6858,6862
 2016/12/19-22:30,6862,6872,6860,6868
 2016/12/19-22:45,6868,6877,6861,6867
 2016/12/19-23:00,6866,6868,6859,6862
 2016/12/19-23:15,6862,6862,6851,6857
 2016/12/19-23:30,6857,6862,6840,6850
 2016/12/19-09:15,6864,6878,6856,6873
 2016/12/19-09:30,6872,6880,6865,6868
 2016/12/19-09:45,6869,6870,6864,6869
 2016/12/19-10:00,6870,6876,6866,6874
 2016/12/19-10:15,6875,6876,6861,6867
 2016/12/19-10:45,6867,6873,6865,6868
 2016/12/19-11:00,6868,6870,6858,6859
 2016/12/19-11:15,6860,6863,6855,6862
 2016/12/19-11:30,6862,6873,6861,6870
 2016/12/19-13:45,6872,6872,6867,6869
 2016/12/19-14:00,6869,6871,6859,6863
 2016/12/19-14:15,6862,6868,6862,6863
 2016/12/19-14:30,6863,6869,6859,6864
 2016/12/19-14:45,6864,6891,6864,6874
 2016/12/19-15:00,6875,6881,6855,6864
 2016/12/20-21:15,6865,6887,6855,6871
 2016/12/20-21:30,6870,6874,6782,6823
 2016/12/20-21:45,6825,6827,6809,6812
 2016/12/20-22:00,6812,6817,6799,6804
 2016/12/20-22:15,6803,6809,6790,6792
 2016/12/20-22:30,6792,6804,6790,6795
 2016/12/20-22:45,6796,6801,6790,6790
 2016/12/20-23:00,6790,6803,6785,6797
 2016/12/20-23:15,6798,6816,6793,6806
 2016/12/20-23:30,6806,6809,6795,6800
 2016/12/20-09:15,6805,6806,6790,6793
 2016/12/20-09:30,6794,6800,6782,6792
 2016/12/20-09:45,6793,6797,6785,6793
 2016/12/20-10:00,6793,6794,6764,6776
 2016/12/20-10:15,6776,6783,6773,6777
 2016/12/20-10:45,6777,6789,6777,6783
 2016/12/20-11:00,6784,6791,6782,6787
 2016/12/20-11:15,6786,6801,6785,6790
 2016/12/20-11:30,6789,6790,6774,6774
 2016/12/20-13:45,6775,6775,6752,6760
 2016/12/20-14:00,6758,6760,6736,6737
 2016/12/20-14:15,6738,6765,6737,6756
 2016/12/20-14:30,6755,6759,6743,6752
 2016/12/20-14:45,6752,6762,6748,6756
 2016/12/20-15:00,6756,6758,6732,6748
 2016/12/21-21:15,6748,6774,6741,6758
 2016/12/21-21:30,6757,6762,6744,6751
 2016/12/21-21:45,6751,6756,6742,6752
 2016/12/21-22:00,6752,6759,6747,6756
 2016/12/21-22:15,6756,6766,6754,6757
 2016/12/21-22:30,6757,6757,6757,6757
 2016/12/21-22:45,6757,6757,6757,6757
 2016/12/21-23:00,6757,6757,6757,6757
 2016/12/21-23:15,6757,6757,6757,6757
 2016/12/21-23:30,6757,6763,6757,6763
 2016/12/21-09:15,6765,6772,6759,6762
 2016/12/21-09:30,6762,6770,6760,6768
 2016/12/21-09:45,6768,6769,6758,6760
 2016/12/21-10:00,6761,6771,6760,6768
 2016/12/21-10:15,6769,6782,6767,6769
 2016/12/21-10:45,6770,6773,6762,6770
 2016/12/21-11:00,6769,6772,6765,6768
 2016/12/21-11:15,6768,6770,6763,6763
 2016/12/21-11:30,6765,6770,6759,6769
 2016/12/21-13:45,6768,6769,6762,6768
 2016/12/21-14:00,6768,6772,6764,6766
 2016/12/21-14:15,6767,6767,6745,6755
 2016/12/21-14:30,6754,6755,6745,6749
 2016/12/21-14:45,6749,6765,6740,6762
 2016/12/21-15:00,6762,6767,6756,6759
 2016/12/22-21:15,6746,6754,6709,6740
 2016/12/22-21:30,6740,6765,6736,6761
 2016/12/22-21:45,6761,6790,6761,6778
 2016/12/22-22:00,6778,6798,6777,6786
 2016/12/22-22:15,6786,6793,6777,6784
 2016/12/22-22:30,6783,6791,6779,6787
 2016/12/22-22:45,6787,6790,6777,6781
 2016/12/22-23:00,6781,6787,6772,6774
 2016/12/22-23:15,6774,6781,6770,6775
 2016/12/22-23:30,6774,6793,6768,6789
 2016/12/22-09:15,6782,6789,6777,6783
 2016/12/22-09:30,6783,6787,6769,6769
 2016/12/22-09:45,6769,6774,6763,6765
 2016/12/22-10:00,6765,6770,6762,6766
 2016/12/22-10:15,6765,6774,6763,6771
 2016/12/22-10:45,6770,6775,6767,6771
 2016/12/22-11:00,6772,6773,6762,6769
 2016/12/22-11:15,6769,6771,6764,6767
 2016/12/22-11:30,6766,6772,6761,6766
 2016/12/22-13:45,6766,6768,6749,6756
 2016/12/22-14:00,6756,6766,6753,6764
 2016/12/22-14:15,6763,6770,6756,6770
 2016/12/22-14:30,6770,6787,6767,6774
 2016/12/22-14:45,6774,6780,6763,6764
 2016/12/22-15:00,6764,6770,6759,6766
 2016/12/23-21:15,6776,6777,6752,6757
 2016/12/23-21:30,6757,6766,6755,6762
 2016/12/23-21:45,6761,6763,6739,6750
 2016/12/23-22:00,6750,6756,6745,6749
 2016/12/23-22:15,6750,6761,6746,6750
 2016/12/23-22:30,6750,6794,6749,6775
 2016/12/23-22:45,6776,6779,6769,6776
 2016/12/23-23:00,6776,6776,6768,6773
 2016/12/23-23:15,6773,6779,6771,6774
 2016/12/23-23:30,6773,6779,6771,6776
 2016/12/23-09:15,6775,6775,6752,6753
 2016/12/23-09:30,6753,6760,6752,6752
 2016/12/23-09:45,6752,6762,6744,6759
 2016/12/23-10:00,6759,6766,6755,6756
 2016/12/23-10:15,6755,6758,6750,6752
 2016/12/23-10:45,6752,6761,6752,6758
 2016/12/23-11:00,6758,6761,6750,6756
 2016/12/23-11:15,6756,6778,6756,6770
 2016/12/23-11:30,6770,6781,6767,6770
 2016/12/23-13:45,6770,6770,6754,6756
 2016/12/23-14:00,6755,6760,6747,6760
 2016/12/23-14:15,6760,6769,6755,6763
 2016/12/23-14:30,6763,6778,6761,6768
 2016/12/23-14:45,6768,6785,6766,6782
 2016/12/23-15:00,6781,6787,6755,6767
 2016/12/26-21:15,6780,6859,6780,6811
 2016/12/26-21:30,6812,6813,6771,6777
 2016/12/26-21:45,6777,6786,6777,6780
 2016/12/26-22:00,6780,6782,6766,6772
 2016/12/26-22:15,6772,6781,6768,6776
 2016/12/26-22:30,6775,6780,6772,6779
 2016/12/26-22:45,6779,6779,6770,6774
 2016/12/26-23:00,6775,6785,6767,6784
 2016/12/26-23:15,6784,6788,6779,6779
 2016/12/26-23:30,6780,6786,6777,6778
 2016/12/26-09:15,6778,6779,6715,6736
 2016/12/26-09:30,6736,6744,6720,6720
 2016/12/26-09:45,6717,6721,6676,6691
 2016/12/26-10:00,6692,6692,6647,6658
 2016/12/26-10:15,6657,6672,6644,6647
 2016/12/26-10:45,6647,6669,6643,6664
 2016/12/26-11:00,6664,6665,6657,6662
 2016/12/26-11:15,6663,6680,6649,6678
 2016/12/26-11:30,6679,6693,6673,6688
 2016/12/26-13:45,6689,6692,6671,6678
 2016/12/26-14:00,6678,6688,6674,6681
 2016/12/26-14:15,6681,6686,6676,6681
 2016/12/26-14:30,6681,6686,6677,6680
 2016/12/26-14:45,6680,6684,6666,6675
 2016/12/26-15:00,6675,6696,6665,6687
 2016/12/27-21:15,6690,6703,6677,6700
 2016/12/27-21:30,6699,6699,6688,6692
 2016/12/27-21:45,6692,6695,6687,6692
 2016/12/27-22:00,6692,6694,6678,6693
 2016/12/27-22:15,6692,6694,6686,6690
 2016/12/27-22:30,6690,6691,6675,6685
 2016/12/27-22:45,6685,6690,6679,6686
 2016/12/27-23:00,6686,6689,6680,6683
 2016/12/27-23:15,6683,6685,6675,6681
 2016/12/27-23:30,6681,6693,6675,6687
 2016/12/27-09:15,6690,6697,6673,6682
 2016/12/27-09:30,6683,6712,6682,6710
 2016/12/27-09:45,6709,6716,6703,6706
 2016/12/27-10:00,6706,6716,6702,6713
 2016/12/27-10:15,6712,6714,6697,6705
 2016/12/27-10:45,6705,6715,6701,6705
 2016/12/27-11:00,6705,6707,6695,6705
 2016/12/27-11:15,6705,6715,6703,6712
 2016/12/27-11:30,6713,6745,6708,6745
 2016/12/27-13:45,6744,6751,6733,6735
 2016/12/27-14:00,6734,6739,6726,6737
 2016/12/27-14:15,6737,6739,6729,6734
 2016/12/27-14:30,6734,6735,6727,6730
 2016/12/27-14:45,6730,6756,6728,6751
 2016/12/27-15:00,6752,6764,6739,6741
 2016/12/28-21:15,6740,6745,6724,6736
 2016/12/28-21:30,6735,6737,6727,6731
 2016/12/28-21:45,6730,6732,6724,6731
 2016/12/28-22:00,6731,6743,6727,6740
 2016/12/28-22:15,6740,6743,6732,6733
 2016/12/28-22:30,6733,6742,6732,6739
 2016/12/28-22:45,6738,6741,6730,6733
 2016/12/28-23:00,6732,6732,6711,6723
 2016/12/28-23:15,6723,6739,6722,6737
 2016/12/28-23:30,6738,6754,6737,6749
 2016/12/28-09:15,6750,6755,6738,6740
 2016/12/28-09:30,6740,6755,6738,6755
 2016/12/28-09:45,6754,6768,6747,6765
 2016/12/28-10:00,6765,6776,6756,6776
 2016/12/28-10:15,6776,6777,6743,6751
 2016/12/28-10:45,6750,6753,6730,6733
 2016/12/28-11:00,6733,6739,6726,6735
 2016/12/28-11:15,6735,6741,6734,6735
 2016/12/28-11:30,6735,6737,6729,6735
 2016/12/28-13:45,6735,6742,6727,6739
 2016/12/28-14:00,6738,6740,6728,6728
 2016/12/28-14:15,6728,6730,6715,6729
 2016/12/28-14:30,6727,6733,6722,6730
 2016/12/28-14:45,6730,6731,6722,6725
 2016/12/28-15:00,6725,6730,6721,6727
 2016/12/29-21:15,6737,6747,6719,6725
 2016/12/29-21:30,6725,6735,6724,6734
 2016/12/29-21:45,6735,6738,6724,6730
 2016/12/29-22:00,6731,6735,6725,6726
 2016/12/29-22:15,6726,6738,6725,6738
 2016/12/29-22:30,6738,6746,6731,6741
 2016/12/29-22:45,6741,6741,6728,6736
 2016/12/29-23:00,6736,6745,6730,6736
 2016/12/29-23:15,6736,6743,6733,6740
 2016/12/29-23:30,6741,6753,6733,6736
 2016/12/29-09:15,6752,6786,6745,6779
 2016/12/29-09:30,6779,6813,6779,6811
 2016/12/29-09:45,6811,6815,6797,6807
 2016/12/29-10:00,6807,6822,6799,6817
 2016/12/29-10:15,6816,6821,6804,6817
 2016/12/29-10:45,6818,6826,6814,6814
 2016/12/29-11:00,6816,6819,6808,6813
 2016/12/29-11:15,6812,6830,6808,6814
 2016/12/29-11:30,6814,6825,6810,6825
 2016/12/29-13:45,6825,6829,6817,6822
 2016/12/29-14:00,6823,6833,6817,6827
 2016/12/29-14:15,6827,6828,6805,6814
 2016/12/29-14:30,6815,6817,6807,6809
 2016/12/29-14:45,6809,6813,6802,6810
 2016/12/29-15:00,6811,6813,6785,6787
 2016/12/30-21:15,6810,6826,6804,6820
 2016/12/30-21:30,6821,6846,6819,6838
 2016/12/30-21:45,6838,6843,6829,6840
 2016/12/30-22:00,6840,6846,6838,6843
 2016/12/30-22:15,6844,6846,6829,6834
 2016/12/30-22:30,6834,6837,6822,6826
 2016/12/30-22:45,6826,6827,6810,6819
 2016/12/30-23:00,6818,6828,6815,6822
 2016/12/30-23:15,6822,6827,6820,6824
 2016/12/30-23:30,6824,6826,6815,6821
 2016/12/30-09:15,6817,6823,6792,6800
 2016/12/30-09:30,6800,6813,6798,6811
 2016/12/30-09:45,6810,6816,6807,6815
 2016/12/30-10:00,6815,6824,6814,6824
 2016/12/30-10:15,6823,6838,6823,6837
 2016/12/30-10:45,6837,6841,6830,6833
 2016/12/30-11:00,6832,6848,6830,6837
 2016/12/30-11:15,6838,6840,6831,6832
 2016/12/30-11:30,6832,6838,6827,6838
 2016/12/30-13:45,6837,6839,6830,6831
 2016/12/30-14:00,6831,6831,6819,6829
 2016/12/30-14:15,6830,6835,6818,6823
 2016/12/30-14:30,6823,6830,6821,6829
 2016/12/30-14:45,6829,6832,6821,6827
 2016/12/30-15:00,6826,6828,6810,6826
 2017/01/03-09:15,6848,6848,6751,6787
 2017/01/03-09:30,6787,6799,6786,6794
 2017/01/03-09:45,6794,6796,6780,6786
 2017/01/03-10:00,6786,6793,6778,6781
 2017/01/03-10:15,6781,6785,6768,6778
 2017/01/03-10:45,6782,6784,6768,6784
 2017/01/03-11:00,6783,6788,6777,6782
 2017/01/03-11:15,6782,6785,6777,6781
 2017/01/03-11:30,6781,6781,6761,6763
 2017/01/03-13:45,6763,6765,6751,6758
 2017/01/03-14:00,6758,6759,6738,6739
 2017/01/03-14:15,6739,6739,6727,6734
 2017/01/03-14:30,6734,6743,6732,6737
 2017/01/03-14:45,6738,6741,6731,6733
 2017/01/03-15:00,6732,6743,6730,6739
 2017/01/04-21:15,6748,6761,6742,6751
 2017/01/04-21:30,6751,6779,6751,6775
 2017/01/04-21:45,6775,6777,6768,6772
 2017/01/04-22:00,6772,6787,6768,6783
 2017/01/04-22:15,6783,6788,6773,6777
 2017/01/04-22:30,6778,6784,6772,6783
 2017/01/04-22:45,6783,6783,6770,6775
 2017/01/04-23:00,6776,6784,6770,6781
 2017/01/04-23:15,6782,6794,6778,6786
 2017/01/04-23:30,6787,6791,6780,6782
 2017/01/04-09:15,6794,6830,6794,6816
 2017/01/04-09:30,6816,6824,6812,6818
 2017/01/04-09:45,6818,6824,6810,6811
 2017/01/04-10:00,6810,6816,6797,6812
 2017/01/04-10:15,6812,6821,6812,6819
 2017/01/04-10:45,6820,6827,6815,6818
 2017/01/04-11:00,6819,6828,6804,6819
 2017/01/04-11:15,6819,6827,6816,6821
 2017/01/04-11:30,6821,6840,6821,6839
 2017/01/04-13:45,6839,6842,6826,6828
 2017/01/04-14:00,6829,6835,6822,6831
 2017/01/04-14:15,6831,6835,6827,6828
 2017/01/04-14:30,6829,6832,6821,6824
 2017/01/04-14:45,6823,6828,6816,6826
 2017/01/04-15:00,6826,6829,6808,6808
 2017/01/05-21:15,6812,6826,6809,6813
 2017/01/05-21:30,6813,6820,6811,6817
 2017/01/05-21:45,6818,6846,6817,6823
 2017/01/05-22:00,6822,6826,6817,6819
 2017/01/05-22:15,6819,6825,6806,6812
 2017/01/05-22:30,6812,6813,6804,6809
 2017/01/05-22:45,6809,6818,6809,6816
 2017/01/05-23:00,6815,6828,6814,6817
 2017/01/05-23:15,6818,6821,6816,6820
 2017/01/05-23:30,6819,6820,6815,6817
 2017/01/05-09:15,6829,6858,6829,6851
 2017/01/05-09:30,6850,6861,6847,6848
 2017/01/05-09:45,6848,6864,6848,6855
 2017/01/05-10:00,6855,6857,6847,6855
 2017/01/05-10:15,6855,6875,6852,6868
 2017/01/05-10:45,6870,6871,6863,6864
 2017/01/05-11:00,6864,6866,6857,6864
 2017/01/05-11:15,6864,6867,6855,6864
 2017/01/05-11:30,6864,6870,6860,6869
 2017/01/05-13:45,6869,6880,6863,6867
 2017/01/05-14:00,6866,6874,6846,6851
 2017/01/05-14:15,6850,6855,6846,6850
 2017/01/05-14:30,6849,6853,6847,6849
 2017/01/05-14:45,6850,6856,6847,6853
 2017/01/05-15:00,6853,6853,6840,6847
 2017/01/06-21:15,6850,6850,6824,6841
 2017/01/06-21:30,6841,6854,6840,6849
 2017/01/06-21:45,6849,6851,6843,6844
 2017/01/06-22:00,6844,6847,6833,6833
 2017/01/06-22:15,6833,6841,6832,6839
 2017/01/06-22:30,6839,6840,6834,6839
 2017/01/06-22:45,6839,6845,6836,6839
 2017/01/06-23:00,6838,6840,6834,6836
 2017/01/06-23:15,6836,6844,6836,6843
 2017/01/06-23:30,6843,6848,6835,6837
 2017/01/06-09:15,6823,6827,6810,6820
 2017/01/06-09:30,6819,6820,6795,6797
 2017/01/06-09:45,6797,6798,6789,6794
 2017/01/06-10:00,6794,6799,6790,6798
 2017/01/06-10:15,6797,6805,6796,6801
 2017/01/06-10:45,6801,6802,6793,6794
 2017/01/06-11:00,6794,6797,6792,6793
 2017/01/06-11:15,6793,6797,6791,6793
 2017/01/06-11:30,6793,6796,6782,6784
 2017/01/06-13:45,6783,6785,6775,6776
 2017/01/06-14:00,6775,6782,6774,6775
 2017/01/06-14:15,6775,6787,6773,6782
 2017/01/06-14:30,6782,6787,6776,6784
 2017/01/06-14:45,6784,6786,6779,6782
 2017/01/06-15:00,6782,6795,6779,6791
 2017/01/09-21:15,6780,6790,6773,6784
 2017/01/09-21:30,6784,6798,6783,6794
 2017/01/09-21:45,6794,6808,6790,6802
 2017/01/09-22:00,6802,6802,6790,6795
 2017/01/09-22:15,6795,6798,6792,6795
 2017/01/09-22:30,6795,6800,6792,6794
 2017/01/09-22:45,6793,6794,6782,6789
 2017/01/09-23:00,6788,6794,6786,6790
 2017/01/09-23:15,6791,6797,6789,6789
 2017/01/09-23:30,6788,6795,6788,6791
 2017/01/09-09:15,6799,6829,6796,6826
 2017/01/09-09:30,6826,6827,6817,6827
 2017/01/09-09:45,6827,6833,6818,6824
 2017/01/09-10:00,6824,6826,6816,6823
 2017/01/09-10:15,6823,6826,6818,6823
 2017/01/09-10:45,6823,6826,6821,6825
 2017/01/09-11:00,6825,6857,6825,6854
 2017/01/09-11:15,6853,6865,6847,6852
 2017/01/09-11:30,6851,6855,6844,6848
 2017/01/09-13:45,6849,6850,6844,6850
 2017/01/09-14:00,6850,6857,6837,6842
 2017/01/09-14:15,6843,6846,6836,6840
 2017/01/09-14:30,6841,6846,6836,6839
 2017/01/09-14:45,6839,6843,6835,6842
 2017/01/09-15:00,6842,6847,6834,6836
 2017/01/10-21:15,6826,6827,6803,6807
 2017/01/10-21:30,6807,6817,6806,6810
 2017/01/10-21:45,6809,6814,6808,6813
 2017/01/10-22:00,6813,6815,6808,6813
 2017/01/10-22:15,6813,6822,6812,6817
 2017/01/10-22:30,6817,6832,6816,6825
 2017/01/10-22:45,6825,6828,6822,6823
 2017/01/10-23:00,6823,6824,6818,6820
 2017/01/10-23:15,6820,6827,6819,6825
 2017/01/10-23:30,6825,6831,6818,6821
 2017/01/10-09:15,6814,6815,6793,6794
 2017/01/10-09:30,6793,6798,6791,6793
 2017/01/10-09:45,6793,6797,6789,6792
 2017/01/10-10:00,6791,6797,6789,6792
 2017/01/10-10:15,6792,6802,6787,6797
 2017/01/10-10:45,6797,6800,6790,6790
 2017/01/10-11:00,6790,6802,6787,6793
 2017/01/10-11:15,6793,6799,6790,6797
 2017/01/10-11:30,6798,6805,6791,6799
 2017/01/10-13:45,6799,6809,6798,6805
 2017/01/10-14:00,6805,6825,6800,6818
 2017/01/10-14:15,6818,6822,6808,6815
 2017/01/10-14:30,6815,6816,6811,6811
 2017/01/10-14:45,6811,6820,6810,6820
 2017/01/10-15:00,6818,6822,6805,6811
 2017/01/11-21:15,6800,6821,6786,6820
 2017/01/11-21:30,6819,6834,6819,6823
 2017/01/11-21:45,6824,6831,6823,6826
 2017/01/11-22:00,6826,6832,6822,6832
 2017/01/11-22:15,6832,6850,6832,6841
 2017/01/11-22:30,6841,6841,6827,6833
 2017/01/11-22:45,6833,6845,6830,6843
 2017/01/11-23:00,6844,6847,6838,6845
 2017/01/11-23:15,6845,6849,6832,6837
 2017/01/11-23:30,6838,6849,6837,6840
 2017/01/11-09:15,6842,6855,6832,6842
 2017/01/11-09:30,6843,6915,6841,6909
 2017/01/11-09:45,6910,6917,6892,6893
 2017/01/11-10:00,6894,6909,6894,6909
 2017/01/11-10:15,6910,6912,6898,6907
 2017/01/11-10:45,6907,6908,6896,6904
 2017/01/11-11:00,6904,6910,6899,6908
 2017/01/11-11:15,6908,6916,6902,6904
 2017/01/11-11:30,6904,6910,6895,6910
 2017/01/11-13:45,6909,6913,6866,6878
 2017/01/11-14:00,6878,6898,6877,6895
 2017/01/11-14:15,6895,6897,6878,6881
 2017/01/11-14:30,6881,6887,6875,6876
 2017/01/11-14:45,6876,6882,6870,6879
 2017/01/11-15:00,6879,6880,6866,6870
 2017/01/12-21:15,6895,6904,6885,6895
 2017/01/12-21:30,6895,6902,6888,6895
 2017/01/12-21:45,6895,6902,6893,6896
 2017/01/12-22:00,6896,6899,6889,6898
 2017/01/12-22:15,6897,6908,6896,6907
 2017/01/12-22:30,6907,6912,6901,6903
 2017/01/12-22:45,6904,6906,6892,6896
 2017/01/12-23:00,6896,6898,6877,6881
 2017/01/12-23:15,6881,6887,6875,6881
 2017/01/12-23:30,6881,6883,6860,6863
 2017/01/12-09:15,6855,6866,6849,6866
 2017/01/12-09:30,6866,6873,6862,6869
 2017/01/12-09:45,6869,6870,6861,6870
 2017/01/12-10:00,6871,6871,6864,6867
 2017/01/12-10:15,6867,6875,6866,6869
 2017/01/12-10:45,6870,6873,6864,6865
 2017/01/12-11:00,6865,6866,6855,6858
 2017/01/12-11:15,6858,6873,6855,6865
 2017/01/12-11:30,6864,6868,6852,6853
 2017/01/12-13:45,6853,6862,6851,6862
 2017/01/12-14:00,6861,6863,6856,6857
 2017/01/12-14:15,6857,6868,6856,6865
 2017/01/12-14:30,6864,6877,6864,6872
 2017/01/12-14:45,6872,6872,6856,6857
 2017/01/12-15:00,6856,6861,6853,6856
 2017/01/13-21:15,6868,6890,6866,6882
 2017/01/13-21:30,6882,6884,6875,6877
 2017/01/13-21:45,6877,6879,6868,6875
 2017/01/13-22:00,6874,6877,6872,6876
 2017/01/13-22:15,6876,6880,6863,6863
 2017/01/13-22:30,6862,6867,6860,6866
 2017/01/13-22:45,6865,6877,6864,6875
 2017/01/13-23:00,6874,6879,6873,6877
 2017/01/13-23:15,6878,6879,6870,6873
 2017/01/13-23:30,6871,6881,6870,6880
 2017/01/13-09:15,6879,6887,6877,6878
 2017/01/13-09:30,6878,6883,6860,6864
 2017/01/13-09:45,6863,6869,6855,6860
 2017/01/13-10:00,6860,6869,6856,6867
 2017/01/13-10:15,6867,6874,6851,6855
 2017/01/13-10:45,6855,6859,6822,6832
 2017/01/13-11:00,6832,6834,6796,6797
 2017/01/13-11:15,6796,6812,6793,6808
 2017/01/13-11:30,6808,6823,6805,6819
 2017/01/13-13:45,6819,6821,6809,6812
 2017/01/13-14:00,6813,6814,6804,6805
 2017/01/13-14:15,6804,6817,6802,6812
 2017/01/13-14:30,6813,6822,6810,6815
 2017/01/13-14:45,6815,6824,6812,6819
 2017/01/13-15:00,6818,6822,6808,6818
 2017/01/16-21:15,6822,6838,6822,6834
 2017/01/16-21:30,6834,6837,6831,6836
 2017/01/16-21:45,6835,6836,6828,6831
 2017/01/16-22:00,6832,6833,6829,6831
 2017/01/16-22:15,6830,6835,6822,6822
 2017/01/16-22:30,6822,6828,6817,6821
 2017/01/16-22:45,6822,6827,6815,6827
 2017/01/16-23:00,6827,6830,6823,6829
 2017/01/16-23:15,6829,6837,6828,6834
 2017/01/16-23:30,6833,6843,6832,6841
 2017/01/16-09:15,6826,6844,6826,6841
 2017/01/16-09:30,6841,6876,6841,6867
 2017/01/16-09:45,6869,6883,6866,6872
 2017/01/16-10:00,6872,6881,6868,6881
 2017/01/16-10:15,6881,6884,6865,6875
 2017/01/16-10:45,6874,6878,6868,6871
 2017/01/16-11:00,6872,6885,6860,6879
 2017/01/16-11:15,6879,6891,6871,6871
 2017/01/16-11:30,6872,6877,6863,6866
 2017/01/16-13:45,6865,6868,6856,6864
 2017/01/16-14:00,6865,6866,6852,6858
 2017/01/16-14:15,6858,6861,6853,6857
 2017/01/16-14:30,6857,6862,6825,6827
 2017/01/16-14:45,6825,6842,6822,6840
 2017/01/16-15:00,6840,6847,6833,6837
 2017/01/17-21:15,6839,6855,6827,6851
 2017/01/17-21:30,6850,6853,6843,6849
 2017/01/17-21:45,6849,6851,6833,6838
 2017/01/17-22:00,6838,6841,6831,6838
 2017/01/17-22:15,6838,6842,6836,6839
 2017/01/17-22:30,6839,6841,6835,6838
 2017/01/17-22:45,6838,6849,6838,6842
 2017/01/17-23:00,6842,6847,6842,6846
 2017/01/17-23:15,6846,6846,6840,6843
 2017/01/17-23:30,6844,6852,6843,6849
 2017/01/17-09:15,6850,6855,6836,6840
 2017/01/17-09:30,6839,6843,6832,6840
 2017/01/17-09:45,6840,6840,6829,6834
 2017/01/17-10:00,6834,6842,6827,6835
 2017/01/17-10:15,6835,6846,6829,6837
 2017/01/17-10:45,6837,6840,6832,6838
 2017/01/17-11:00,6839,6839,6828,6831
 2017/01/17-11:15,6832,6832,6809,6815
 2017/01/17-11:30,6815,6816,6797,6798
 2017/01/17-13:45,6796,6809,6780,6804
 2017/01/17-14:00,6805,6811,6801,6804
 2017/01/17-14:15,6803,6807,6802,6804
 2017/01/17-14:30,6803,6813,6798,6811
 2017/01/17-14:45,6812,6820,6808,6814
 2017/01/17-15:00,6814,6830,6811,6827
 2017/01/18-21:15,6835,6850,6828,6840
 2017/01/18-21:30,6840,6842,6836,6838
 2017/01/18-21:45,6837,6839,6822,6828
 2017/01/18-22:00,6827,6834,6825,6827
 2017/01/18-22:15,6828,6833,6827,6827
 2017/01/18-22:30,6827,6839,6827,6837
 2017/01/18-22:45,6837,6843,6836,6842
 2017/01/18-23:00,6842,6876,6842,6876
 2017/01/18-23:15,6874,6903,6871,6880
 2017/01/18-23:30,6880,6885,6876,6881
 2017/01/18-09:15,6876,6877,6855,6864
 2017/01/18-09:30,6863,6865,6846,6850
 2017/01/18-09:45,6851,6865,6850,6862
 2017/01/18-10:00,6862,6866,6860,6863
 2017/01/18-10:15,6863,6873,6860,6869
 2017/01/18-10:45,6869,6871,6856,6860
 2017/01/18-11:00,6860,6865,6841,6853
 2017/01/18-11:15,6853,6862,6853,6853
 2017/01/18-11:30,6853,6862,6850,6857
 2017/01/18-13:45,6858,6863,6852,6858
 2017/01/18-14:00,6858,6866,6855,6859
 2017/01/18-14:15,6860,6863,6857,6859
 2017/01/18-14:30,6859,6862,6854,6858
 2017/01/18-14:45,6859,6873,6840,6871
 2017/01/18-15:00,6870,6878,6863,6869
 2017/01/19-21:15,6871,6876,6854,6860
 2017/01/19-21:30,6859,6867,6854,6865
 2017/01/19-21:45,6864,6868,6858,6865
 2017/01/19-22:00,6865,6875,6862,6865
 2017/01/19-22:15,6866,6867,6856,6858
 2017/01/19-22:30,6858,6859,6853,6853
 2017/01/19-22:45,6853,6863,6853,6863
 2017/01/19-23:00,6863,6866,6851,6855
 2017/01/19-23:15,6855,6861,6850,6857
 2017/01/19-23:30,6858,6861,6850,6854
 2017/01/19-09:15,6873,6884,6871,6877
 2017/01/19-09:30,6877,6884,6872,6884
 2017/01/19-09:45,6884,6892,6880,6884
 2017/01/19-10:00,6884,6905,6884,6905
 2017/01/19-10:15,6905,6954,6901,6949
 2017/01/19-10:45,6949,6972,6948,6970
 2017/01/19-11:00,6970,7000,6963,6995
 2017/01/19-11:15,6994,7001,6986,6993
 2017/01/19-11:30,6993,7003,6986,6994
 2017/01/19-13:45,6994,6995,6971,6975
 2017/01/19-14:00,6974,6989,6974,6986
 2017/01/19-14:15,6986,6992,6974,6979
 2017/01/19-14:30,6979,6990,6975,6986
 2017/01/19-14:45,6985,6988,6980,6986
 2017/01/19-15:00,6986,6998,6983,6991
 2017/01/20-21:15,7009,7025,6992,7024
 2017/01/20-21:30,7024,7024,6995,6997
 2017/01/20-21:45,6997,7001,6982,6991
 2017/01/20-22:00,6991,6993,6986,6988
 2017/01/20-22:15,6988,6991,6982,6986
 2017/01/20-22:30,6986,6992,6972,6983
 2017/01/20-22:45,6983,6985,6976,6976
 2017/01/20-23:00,6976,6987,6976,6982
 2017/01/20-23:15,6982,6985,6978,6982
 2017/01/20-23:30,6981,6986,6975,6979
 2017/01/20-09:15,6887,6887,6787,6862
 2017/01/20-09:30,6860,6867,6853,6857
 2017/01/20-09:45,6856,6864,6853,6858
 2017/01/20-10:00,6856,6859,6852,6853
 2017/01/20-10:15,6853,6862,6850,6860
 2017/01/20-10:45,6860,6862,6859,6861
 2017/01/20-11:00,6860,6862,6854,6855
 2017/01/20-11:15,6855,6859,6853,6857
 2017/01/20-11:30,6857,6859,6853,6856
 2017/01/20-13:45,6855,6874,6852,6873
 2017/01/20-14:00,6872,6895,6870,6893
 2017/01/20-14:15,6894,6894,6873,6875
 2017/01/20-14:30,6874,6882,6870,6879
 2017/01/20-14:45,6879,6884,6877,6882
 2017/01/20-15:00,6882,6883,6875,6880
 2017/01/23-21:15,6883,6892,6880,6883
 2017/01/23-21:30,6884,6890,6869,6875
 2017/01/23-21:45,6876,6881,6874,6875
 2017/01/23-22:00,6875,6880,6875,6880
 2017/01/23-22:15,6880,6893,6880,6893
 2017/01/23-22:30,6893,6896,6884,6888
 2017/01/23-22:45,6888,6895,6887,6887
 2017/01/23-23:00,6888,6892,6885,6885
 2017/01/23-23:15,6885,6892,6885,6891
 2017/01/23-23:30,6891,6903,6888,6900
 2017/01/23-09:15,6892,6923,6888,6922
 2017/01/23-09:30,6922,6940,6912,6928
 2017/01/23-09:45,6928,6929,6915,6918
 2017/01/23-10:00,6918,6918,6905,6915
 2017/01/23-10:15,6915,6916,6900,6906
 2017/01/23-10:45,6906,6908,6895,6900
 2017/01/23-11:00,6900,6916,6899,6910
 2017/01/23-11:15,6910,6913,6902,6905
 2017/01/23-11:30,6905,6911,6901,6909
 2017/01/23-13:45,6909,6909,6897,6901
 2017/01/23-14:00,6901,6908,6898,6903
 2017/01/23-14:15,6903,6907,6901,6902
 2017/01/23-14:30,6903,6910,6902,6906
 2017/01/23-14:45,6906,6913,6904,6908
 2017/01/23-15:00,6908,6919,6908,6917
 2017/01/24-21:15,6927,6929,6912,6912
 2017/01/24-21:30,6912,6923,6912,6922
 2017/01/24-21:45,6922,6924,6914,6916
 2017/01/24-22:00,6915,6928,6915,6922
 2017/01/24-22:15,6923,6929,6922,6924
 2017/01/24-22:30,6923,6924,6915,6915
 2017/01/24-22:45,6914,6924,6908,6914
 2017/01/24-23:00,6914,6924,6913,6920
 2017/01/24-23:15,6920,6923,6918,6920
 2017/01/24-23:30,6920,6924,6914,6921
 2017/01/24-09:15,6938,6950,6923,6949
 2017/01/24-09:30,6949,6988,6949,6982
 2017/01/24-09:45,6982,6984,6966,6969
 2017/01/24-10:00,6969,6974,6966,6970
 2017/01/24-10:15,6971,6974,6966,6973
 2017/01/24-10:45,6973,6978,6968,6969
 2017/01/24-11:00,6969,6980,6968,6975
 2017/01/24-11:15,6975,6979,6952,6956
 2017/01/24-11:30,6955,6966,6954,6965
 2017/01/24-13:45,6965,6967,6954,6956
 2017/01/24-14:00,6956,6961,6950,6952
 2017/01/24-14:15,6952,6953,6941,6945
 2017/01/24-14:30,6945,6947,6940,6944
 2017/01/24-14:45,6945,6950,6943,6949
 2017/01/24-15:00,6949,6965,6946,6954
 2017/01/25-21:15,6971,6975,6955,6963
 2017/01/25-21:30,6964,6966,6955,6962
 2017/01/25-21:45,6963,6964,6951,6956
 2017/01/25-22:00,6956,6959,6949,6950
 2017/01/25-22:15,6951,6961,6947,6953
 2017/01/25-22:30,6953,6955,6948,6950
 2017/01/25-22:45,6950,6957,6949,6955
 2017/01/25-23:00,6955,6963,6954,6957
 2017/01/25-23:15,6958,6962,6953,6953
 2017/01/25-23:30,6953,6958,6936,6945
 2017/01/25-09:15,6937,6945,6924,6932
 2017/01/25-09:30,6932,6938,6931,6936
 2017/01/25-09:45,6936,6945,6934,6942
 2017/01/25-10:00,6942,6944,6933,6935
 2017/01/25-10:15,6936,6943,6934,6938
 2017/01/25-10:45,6939,6946,6938,6943
 2017/01/25-11:00,6943,6957,6941,6952
 2017/01/25-11:15,6950,6963,6950,6958
 2017/01/25-11:30,6958,6970,6958,6968
 2017/01/25-13:45,6968,6973,6954,6954
 2017/01/25-14:00,6954,6960,6951,6957
 2017/01/25-14:15,6957,6959,6953,6953
 2017/01/25-14:30,6953,6958,6952,6954
 2017/01/25-14:45,6955,6959,6953,6956
 2017/01/25-15:00,6956,6966,6956,6956
 2017/01/26-21:15,6965,6975,6953,6968
 2017/01/26-21:30,6968,6974,6961,6968
 2017/01/26-21:45,6968,7019,6965,7001
 2017/01/26-22:00,7001,7002,6992,6998
 2017/01/26-22:15,6999,7001,6983,6983
 2017/01/26-22:30,6982,6985,6971,6977
 2017/01/26-22:45,6976,6980,6974,6979
 2017/01/26-23:00,6978,6983,6962,6967
 2017/01/26-23:15,6966,6970,6931,6940
 2017/01/26-23:30,6939,6945,6934,6940
 2017/01/26-09:15,6934,6948,6930,6946
 2017/01/26-09:30,6945,6955,6941,6953
 2017/01/26-09:45,6954,6956,6942,6942
 2017/01/26-10:00,6943,6947,6940,6942
 2017/01/26-10:15,6942,6946,6934,6934
 2017/01/26-10:45,6935,6942,6930,6939
 2017/01/26-11:00,6939,6939,6934,6939
 2017/01/26-11:15,6940,6943,6936,6938
 2017/01/26-11:30,6936,6943,6933,6938
 2017/01/26-13:45,6937,6940,6932,6936
 2017/01/26-14:00,6936,6936,6932,6933
 2017/01/26-14:15,6933,6936,6931,6935
 2017/01/26-14:30,6935,6936,6933,6934
 2017/01/26-14:45,6934,6939,6933,6937
 2017/01/26-15:00,6936,6941,6931,6933
 2017/02/03-09:15,6946,6951,6898,6901
 2017/02/03-09:30,6901,6913,6898,6902
 2017/02/03-09:45,6902,6907,6901,6904
 2017/02/03-10:00,6904,6915,6903,6909
 2017/02/03-10:15,6907,6911,6900,6906
 2017/02/03-10:45,6906,6907,6895,6898
 2017/02/03-11:00,6897,6903,6881,6881
 2017/02/03-11:15,6881,6889,6874,6883
 2017/02/03-11:30,6883,6883,6850,6867
 2017/02/03-13:45,6868,6886,6863,6883
 2017/02/03-14:00,6883,6928,6882,6928
 2017/02/03-14:15,6928,6938,6921,6923
 2017/02/03-14:30,6923,6932,6921,6923
 2017/02/03-14:45,6923,6925,6914,6918
 2017/02/03-15:00,6918,6945,6918,6941
 2017/02/06-21:15,6933,6940,6922,6930
 2017/02/06-21:30,6929,6938,6926,6928
 2017/02/06-21:45,6927,6932,6927,6929
 2017/02/06-22:00,6928,6930,6923,6927
 2017/02/06-22:15,6926,6931,6924,6929
 2017/02/06-22:30,6929,6930,6926,6928
 2017/02/06-22:45,6928,6934,6921,6923
 2017/02/06-23:00,6923,6925,6918,6920
 2017/02/06-23:15,6920,6935,6919,6932
 2017/02/06-23:30,6932,6950,6932,6949
 2017/02/06-09:15,6982,7005,6965,7003
 2017/02/06-09:30,7004,7010,6995,7006
 2017/02/06-09:45,7005,7007,6996,6998
 2017/02/06-10:00,6998,6999,6979,6988
 2017/02/06-10:15,6988,6989,6984,6987
 2017/02/06-10:45,6987,6990,6982,6988
 2017/02/06-11:00,6988,6993,6986,6989
 2017/02/06-11:15,6990,6991,6972,6973
 2017/02/06-11:30,6972,6973,6958,6966
 2017/02/06-13:45,6966,6975,6963,6974
 2017/02/06-14:00,6973,6981,6971,6977
 2017/02/06-14:15,6976,6977,6968,6974
 2017/02/06-14:30,6974,6982,6972,6973
 2017/02/06-14:45,6972,6973,6965,6971
 2017/02/06-15:00,6971,6972,6962,6963
 2017/02/07-21:15,6970,6980,6963,6970
 2017/02/07-21:30,6969,6971,6947,6968
 2017/02/07-21:45,6968,6971,6955,6963
 2017/02/07-22:00,6962,6968,6961,6964
 2017/02/07-22:15,6963,6967,6959,6963
 2017/02/07-22:30,6962,6968,6962,6966
 2017/02/07-22:45,6966,6976,6966,6971
 2017/02/07-23:00,6971,6977,6970,6973
 2017/02/07-23:15,6973,6973,6960,6969
 2017/02/07-23:30,6969,6975,6965,6965
 2017/02/07-09:15,6960,6960,6949,6956
 2017/02/07-09:30,6957,6963,6954,6956
 2017/02/07-09:45,6957,6964,6955,6960
 2017/02/07-10:00,6960,6962,6955,6961
 2017/02/07-10:15,6961,6963,6958,6962
 2017/02/07-10:45,6963,6988,6962,6978
 2017/02/07-11:00,6978,6983,6975,6979
 2017/02/07-11:15,6980,6985,6978,6981
 2017/02/07-11:30,6981,6982,6970,6972
 2017/02/07-13:45,6971,6975,6969,6972
 2017/02/07-14:00,6972,6981,6972,6976
 2017/02/07-14:15,6977,6983,6975,6978
 2017/02/07-14:30,6978,6980,6975,6976
 2017/02/07-14:45,6975,6981,6973,6979
 2017/02/07-15:00,6979,6981,6970,6972
 2017/02/08-21:15,6959,6965,6939,6946
 2017/02/08-21:30,6946,6950,6930,6932
 2017/02/08-21:45,6931,6939,6928,6937
 2017/02/08-22:00,6936,6937,6931,6931
 2017/02/08-22:15,6931,6934,6925,6932
 2017/02/08-22:30,6932,6938,6931,6935
 2017/02/08-22:45,6936,6938,6932,6937
 2017/02/08-23:00,6937,6947,6935,6944
 2017/02/08-23:15,6943,6948,6934,6934
 2017/02/08-23:30,6935,6942,6934,6942
 2017/02/08-09:15,6937,6937,6909,6921
 2017/02/08-09:30,6921,6921,6912,6919
 2017/02/08-09:45,6918,6921,6915,6920
 2017/02/08-10:00,6920,6924,6917,6918
 2017/02/08-10:15,6916,6918,6913,6916
 2017/02/08-10:45,6915,6926,6915,6922
 2017/02/08-11:00,6921,6929,6920,6921
 2017/02/08-11:15,6921,6925,6920,6923
 2017/02/08-11:30,6922,6923,6917,6918
 2017/02/08-13:45,6918,6928,6917,6924
 2017/02/08-14:00,6924,6925,6915,6918
 2017/02/08-14:15,6917,6927,6916,6925
 2017/02/08-14:30,6925,6928,6922,6926
 2017/02/08-14:45,6926,6934,6922,6924
 2017/02/08-15:00,6924,6956,6919,6947
 2017/02/09-21:15,6950,6964,6949,6963
 2017/02/09-21:30,6963,6964,6951,6955
 2017/02/09-21:45,6955,6958,6946,6950
 2017/02/09-22:00,6951,6955,6941,6948
 2017/02/09-22:15,6948,6949,6943,6947
 2017/02/09-22:30,6947,6950,6942,6949
 2017/02/09-22:45,6949,6953,6943,6949
 2017/02/09-23:00,6950,6952,6947,6950
 2017/02/09-23:15,6951,6952,6947,6948
 2017/02/09-23:30,6947,6949,6942,6944
 2017/02/09-09:15,6945,6950,6933,6939
 2017/02/09-09:30,6939,6941,6933,6936
 2017/02/09-09:45,6936,6946,6935,6945
 2017/02/09-10:00,6944,6945,6938,6938
 2017/02/09-10:15,6939,6943,6939,6942
 2017/02/09-10:45,6943,6944,6937,6944
 2017/02/09-11:00,6944,6955,6942,6952
 2017/02/09-11:15,6952,6953,6944,6945
 2017/02/09-11:30,6945,6949,6944,6948
 2017/02/09-13:45,6948,6951,6944,6945
 2017/02/09-14:00,6944,6946,6887,6887
 2017/02/09-14:15,6886,6906,6885,6894
 2017/02/09-14:30,6892,6903,6889,6902
 2017/02/09-14:45,6902,6905,6896,6897
 2017/02/09-15:00,6898,6902,6888,6896
 2017/02/10-21:15,6900,6912,6878,6884
 2017/02/10-21:30,6884,6915,6882,6906
 2017/02/10-21:45,6905,6908,6897,6899
 2017/02/10-22:00,6900,6908,6897,6906
 2017/02/10-22:15,6908,6913,6905,6910
 2017/02/10-22:30,6909,6913,6907,6910
 2017/02/10-22:45,6910,6915,6907,6910
 2017/02/10-23:00,6909,6912,6906,6911
 2017/02/10-23:15,6913,6913,6910,6913
 2017/02/10-23:30,6912,6917,6909,6913
 2017/02/10-09:15,6905,6907,6890,6891
 2017/02/10-09:30,6891,6902,6888,6896
 2017/02/10-09:45,6895,6904,6895,6903
 2017/02/10-10:00,6903,6903,6897,6900
 2017/02/10-10:15,6899,6903,6893,6902
 2017/02/10-10:45,6903,6909,6900,6905
 2017/02/10-11:00,6905,6905,6895,6897
 2017/02/10-11:15,6897,6903,6891,6900
 2017/02/10-11:30,6900,6904,6896,6899
 2017/02/10-13:45,6898,6915,6898,6910
 2017/02/10-14:00,6911,6912,6904,6910
 2017/02/10-14:15,6911,6914,6908,6913
 2017/02/10-14:30,6912,6925,6910,6915
 2017/02/10-14:45,6915,6917,6908,6908
 2017/02/10-15:00,6909,6911,6905,6909
 2017/02/13-21:15,6906,6917,6893,6901
 2017/02/13-21:30,6901,6904,6893,6902
 2017/02/13-21:45,6901,6910,6901,6907
 2017/02/13-22:00,6907,6913,6906,6908
 2017/02/13-22:15,6908,6913,6908,6909
 2017/02/13-22:30,6910,6912,6896,6901
 2017/02/13-22:45,6901,6925,6901,6915
 2017/02/13-23:00,6915,6918,6912,6915
 2017/02/13-23:15,6915,6917,6905,6910
 2017/02/13-23:30,6910,6917,6905,6910
 2017/02/13-09:15,6914,6923,6908,6912
 2017/02/13-09:30,6912,6985,6911,6974
 2017/02/13-09:45,6973,6977,6950,6962
 2017/02/13-10:00,6963,6980,6962,6978
 2017/02/13-10:15,6978,6988,6959,6965
 2017/02/13-10:45,6964,6973,6961,6968
 2017/02/13-11:00,6968,6971,6964,6970
 2017/02/13-11:15,6970,6980,6968,6979
 2017/02/13-11:30,6980,6982,6964,6968
 2017/02/13-13:45,6969,6976,6956,6956
 2017/02/13-14:00,6956,6957,6943,6947
 2017/02/13-14:15,6947,6955,6945,6954
 2017/02/13-14:30,6953,6959,6952,6955
 2017/02/13-14:45,6956,6960,6956,6957
 2017/02/13-15:00,6958,6963,6947,6952
 2017/02/14-21:15,6950,6969,6944,6966
 2017/02/14-21:30,6966,6971,6961,6966
 2017/02/14-21:45,6967,6969,6956,6957
 2017/02/14-22:00,6957,6968,6957,6964
 2017/02/14-22:15,6963,6970,6935,6935
 2017/02/14-22:30,6935,6942,6928,6933
 2017/02/14-22:45,6933,6937,6911,6918
 2017/02/14-23:00,6917,6923,6898,6898
 2017/02/14-23:15,6896,6912,6891,6906
 2017/02/14-23:30,6906,6911,6902,6904
 2017/02/14-09:15,6903,6915,6901,6912
 2017/02/14-09:30,6911,6912,6903,6910
 2017/02/14-09:45,6908,6909,6902,6906
 2017/02/14-10:00,6906,6909,6896,6905
 2017/02/14-10:15,6905,6918,6902,6913
 2017/02/14-10:45,6913,6923,6912,6917
 2017/02/14-11:00,6916,6917,6912,6913
 2017/02/14-11:15,6912,6919,6911,6915
 2017/02/14-11:30,6915,6917,6911,6912
 2017/02/14-13:45,6912,6916,6908,6911
 2017/02/14-14:00,6912,6918,6909,6918
 2017/02/14-14:15,6918,6922,6914,6915
 2017/02/14-14:30,6915,6918,6912,6915
 2017/02/14-14:45,6915,6918,6912,6916
 2017/02/14-15:00,6915,6920,6910,6915
 2017/02/15-21:15,6930,6945,6930,6938
 2017/02/15-21:30,6938,6955,6924,6952
 2017/02/15-21:45,6950,6952,6940,6945
 2017/02/15-22:00,6944,6948,6933,6948
 2017/02/15-22:15,6949,6956,6940,6942
 2017/02/15-22:30,6942,6945,6930,6937
 2017/02/15-22:45,6937,6940,6926,6928
 2017/02/15-23:00,6928,6935,6910,6910
 2017/02/15-23:15,6908,6914,6901,6911
 2017/02/15-23:30,6910,6912,6888,6888
 2017/02/15-09:15,6905,6920,6900,6917
 2017/02/15-09:30,6916,6918,6909,6914
 2017/02/15-09:45,6913,6917,6910,6911
 2017/02/15-10:00,6912,6916,6910,6912
 2017/02/15-10:15,6913,6916,6910,6915
 2017/02/15-10:45,6915,6915,6907,6908
 2017/02/15-11:00,6908,6915,6905,6913
 2017/02/15-11:15,6914,6915,6910,6910
 2017/02/15-11:30,6910,6913,6909,6909
 2017/02/15-13:45,6910,6910,6856,6862
 2017/02/15-14:00,6862,6874,6860,6865
 2017/02/15-14:15,6863,6873,6845,6857
 2017/02/15-14:30,6855,6864,6855,6859
 2017/02/15-14:45,6858,6863,6852,6852
 2017/02/15-15:00,6852,6855,6837,6837
 2017/02/16-21:15,6850,6860,6830,6832
 2017/02/16-21:30,6832,6864,6819,6859
 2017/02/16-21:45,6859,6865,6854,6858
 2017/02/16-22:00,6858,6860,6854,6858
 2017/02/16-22:15,6858,6867,6858,6862
 2017/02/16-22:30,6862,6863,6852,6854
 2017/02/16-22:45,6854,6862,6846,6862
 2017/02/16-23:00,6862,6884,6861,6869
 2017/02/16-23:15,6869,6871,6866,6867
 2017/02/16-23:30,6867,6871,6853,6860
 2017/02/16-09:15,6854,6859,6851,6857
 2017/02/16-09:30,6858,6862,6852,6860
 2017/02/16-09:45,6859,6860,6853,6856
 2017/02/16-10:00,6855,6857,6844,6856
 2017/02/16-10:15,6856,6861,6853,6860
 2017/02/16-10:45,6860,6861,6848,6853
 2017/02/16-11:00,6853,6853,6843,6850
 2017/02/16-11:15,6851,6856,6846,6847
 2017/02/16-11:30,6847,6854,6841,6851
 2017/02/16-13:45,6851,6868,6849,6859
 2017/02/16-14:00,6859,6860,6845,6848
 2017/02/16-14:15,6849,6849,6834,6840
 2017/02/16-14:30,6838,6841,6829,6833
 2017/02/16-14:45,6832,6842,6828,6831
 2017/02/16-15:00,6830,6841,6824,6837
 2017/02/17-21:15,6836,6844,6822,6831
 2017/02/17-21:30,6832,6839,6831,6836
 2017/02/17-21:45,6836,6842,6834,6837
 2017/02/17-22:00,6837,6840,6834,6837
 2017/02/17-22:15,6837,6844,6835,6837
 2017/02/17-22:30,6838,6840,6820,6825
 2017/02/17-22:45,6827,6833,6817,6827
 2017/02/17-23:00,6827,6829,6810,6825
 2017/02/17-23:15,6825,6832,6817,6826
 2017/02/17-23:30,6826,6829,6814,6819
 2017/02/17-09:15,6827,6844,6826,6839
 2017/02/17-09:30,6840,6849,6839,6841
 2017/02/17-09:45,6842,6843,6834,6837
 2017/02/17-10:00,6837,6840,6828,6828
 2017/02/17-10:15,6828,6834,6823,6829
 2017/02/17-10:45,6830,6860,6828,6855
 2017/02/17-11:00,6854,6857,6845,6850
 2017/02/17-11:15,6850,6851,6842,6844
 2017/02/17-11:30,6845,6849,6843,6844
 2017/02/17-13:45,6843,6850,6841,6845
 2017/02/17-14:00,6844,6851,6838,6845
 2017/02/17-14:15,6846,6854,6844,6848
 2017/02/17-14:30,6848,6854,6846,6851
 2017/02/17-14:45,6851,6864,6848,6860
 2017/02/17-15:00,6860,6861,6838,6840
 2017/02/20-21:15,6835,6839,6814,6832
 2017/02/20-21:30,6832,6836,6827,6832
 2017/02/20-21:45,6832,6836,6827,6830
 2017/02/20-22:00,6831,6832,6826,6828
 2017/02/20-22:15,6828,6834,6827,6833
 2017/02/20-22:30,6833,6861,6832,6847
 2017/02/20-22:45,6848,6856,6844,6854
 2017/02/20-23:00,6854,6867,6853,6860
 2017/02/20-23:15,6860,6868,6856,6858
 2017/02/20-23:30,6857,6865,6855,6864
 2017/02/20-09:15,6862,6870,6850,6862
 2017/02/20-09:30,6861,6865,6857,6864
 2017/02/20-09:45,6863,6864,6849,6854
 2017/02/20-10:00,6854,6855,6846,6849
 2017/02/20-10:15,6850,6856,6842,6853
 2017/02/20-10:45,6853,6855,6848,6849
 2017/02/20-11:00,6849,6851,6845,6845
 2017/02/20-11:15,6846,6855,6845,6854
 2017/02/20-11:30,6854,6862,6852,6855
 2017/02/20-13:45,6856,6860,6854,6857
 2017/02/20-14:00,6857,6858,6853,6853
 2017/02/20-14:15,6854,6858,6853,6856
 2017/02/20-14:30,6856,6856,6845,6845
 2017/02/20-14:45,6845,6846,6827,6834
 2017/02/20-15:00,6833,6844,6830,6837
 2017/02/21-21:15,6835,6876,6829,6870
 2017/02/21-21:30,6869,6901,6869,6880
 2017/02/21-21:45,6881,6882,6873,6876
 2017/02/21-22:00,6875,6882,6874,6882
 2017/02/21-22:15,6882,6885,6880,6882
 2017/02/21-22:30,6882,6884,6880,6883
 2017/02/21-22:45,6883,6886,6879,6882
 2017/02/21-23:00,6883,6883,6879,6882
 2017/02/21-23:15,6883,6886,6881,6884
 2017/02/21-23:30,6885,6890,6877,6880
 2017/02/21-09:15,6878,6885,6871,6872
 2017/02/21-09:30,6871,6879,6868,6872
 2017/02/21-09:45,6872,6874,6864,6872
 2017/02/21-10:00,6873,6873,6865,6867
 2017/02/21-10:15,6867,6873,6865,6871
 2017/02/21-10:45,6872,6873,6865,6867
 2017/02/21-11:00,6867,6870,6834,6836
 2017/02/21-11:15,6836,6843,6825,6832
 2017/02/21-11:30,6831,6837,6822,6825
 2017/02/21-13:45,6825,6837,6820,6829
 2017/02/21-14:00,6829,6841,6817,6830
 2017/02/21-14:15,6830,6834,6827,6832
 2017/02/21-14:30,6831,6835,6826,6833
 2017/02/21-14:45,6833,6855,6833,6846
 2017/02/21-15:00,6846,6848,6836,6843
 2017/02/22-21:15,6850,6853,6839,6844
 2017/02/22-21:30,6843,6843,6823,6828
 2017/02/22-21:45,6828,6846,6828,6842
 2017/02/22-22:00,6842,6846,6839,6843
 2017/02/22-22:15,6843,6849,6840,6845
 2017/02/22-22:30,6845,6848,6842,6847
 2017/02/22-22:45,6847,6848,6833,6836
 2017/02/22-23:00,6836,6848,6832,6843
 2017/02/22-23:15,6843,6845,6838,6839
 2017/02/22-23:30,6839,6846,6838,6842
 2017/02/22-09:15,6871,6874,6864,6870
 2017/02/22-09:30,6870,6873,6867,6870
 2017/02/22-09:45,6870,6877,6869,6872
 2017/02/22-10:00,6873,6886,6872,6880
 2017/02/22-10:15,6880,6885,6876,6879
 2017/02/22-10:45,6879,6881,6870,6871
 2017/02/22-11:00,6871,6875,6871,6872
 2017/02/22-11:15,6873,6874,6867,6869
 2017/02/22-11:30,6869,6869,6862,6866
 2017/02/22-13:45,6866,6869,6858,6864
 2017/02/22-14:00,6865,6869,6863,6867
 2017/02/22-14:15,6868,6870,6862,6864
 2017/02/22-14:30,6864,6867,6861,6863
 2017/02/22-14:45,6863,6864,6843,6848
 2017/02/22-15:00,6849,6863,6847,6861
 2017/02/23-21:15,6854,6879,6854,6876
 2017/02/23-21:30,6876,6878,6868,6871
 2017/02/23-21:45,6871,6877,6869,6869
 2017/02/23-22:00,6870,6873,6867,6871
 2017/02/23-22:15,6872,6876,6865,6868
 2017/02/23-22:30,6868,6868,6861,6866
 2017/02/23-22:45,6866,6868,6863,6863
 2017/02/23-23:00,6863,6873,6863,6872
 2017/02/23-23:15,6871,6873,6864,6868
 2017/02/23-23:30,6868,6868,6862,6868
 2017/02/23-09:15,6863,6867,6835,6837
 2017/02/23-09:30,6836,6842,6829,6835
 2017/02/23-09:45,6835,6840,6833,6838
 2017/02/23-10:00,6837,6841,6835,6837
 2017/02/23-10:15,6836,6839,6830,6831
 2017/02/23-10:45,6831,6837,6828,6834
 2017/02/23-11:00,6835,6847,6833,6844
 2017/02/23-11:15,6844,6846,6839,6840
 2017/02/23-11:30,6839,6843,6837,6837
 2017/02/23-13:45,6836,6847,6829,6836
 2017/02/23-14:00,6836,6845,6828,6840
 2017/02/23-14:15,6840,6862,6835,6850
 2017/02/23-14:30,6850,6854,6844,6845
 2017/02/23-14:45,6845,6846,6831,6833
 2017/02/23-15:00,6833,6868,6833,6865
 2017/02/24-21:15,6854,6863,6836,6838
 2017/02/24-21:30,6837,6840,6784,6788
 2017/02/24-21:45,6787,6794,6780,6792
 2017/02/24-22:00,6791,6796,6785,6793
 2017/02/24-22:15,6794,6800,6787,6789
 2017/02/24-22:30,6789,6792,6786,6791
 2017/02/24-22:45,6791,6791,6783,6783
 2017/02/24-23:00,6783,6794,6780,6787
 2017/02/24-23:15,6787,6792,6786,6787
 2017/02/24-23:30,6787,6793,6767,6790
 2017/02/24-09:15,6790,6798,6777,6795
 2017/02/24-09:30,6794,6805,6790,6790
 2017/02/24-09:45,6791,6801,6789,6799
 2017/02/24-10:00,6798,6805,6797,6801
 2017/02/24-10:15,6802,6803,6797,6799
 2017/02/24-10:45,6798,6800,6793,6795
 2017/02/24-11:00,6795,6801,6789,6790
 2017/02/24-11:15,6790,6792,6785,6790
 2017/02/24-11:30,6791,6800,6790,6795
 2017/02/24-13:45,6795,6796,6783,6785
 2017/02/24-14:00,6785,6789,6783,6786
 2017/02/24-14:15,6786,6793,6768,6792
 2017/02/24-14:30,6790,6801,6790,6791
 2017/02/24-14:45,6790,6797,6790,6792
 2017/02/24-15:00,6793,6807,6790,6791
 2017/02/27-21:15,6795,6799,6760,6764
 2017/02/27-21:30,6763,6794,6761,6769
 2017/02/27-21:45,6769,6780,6769,6774
 2017/02/27-22:00,6774,6778,6769,6776
 2017/02/27-22:15,6776,6776,6765,6773
 2017/02/27-22:30,6774,6776,6771,6774
 2017/02/27-22:45,6774,6779,6765,6767
 2017/02/27-23:00,6768,6770,6754,6766
 2017/02/27-23:15,6766,6775,6763,6774
 2017/02/27-23:30,6774,6785,6773,6774
 2017/02/27-09:15,6775,6788,6766,6779
 2017/02/27-09:30,6778,6779,6765,6771
 2017/02/27-09:45,6771,6773,6762,6766
 2017/02/27-10:00,6765,6777,6763,6776
 2017/02/27-10:15,6777,6779,6769,6771
 2017/02/27-10:45,6771,6775,6769,6773
 2017/02/27-11:00,6773,6773,6751,6756
 2017/02/27-11:15,6758,6764,6749,6759
 2017/02/27-11:30,6759,6764,6757,6760
 2017/02/27-13:45,6759,6765,6754,6760
 2017/02/27-14:00,6760,6762,6754,6760
 2017/02/27-14:15,6760,6776,6760,6774
 2017/02/27-14:30,6774,6781,6770,6779
 2017/02/27-14:45,6780,6781,6772,6777
 2017/02/27-15:00,6778,6785,6775,6783
 2017/02/28-21:15,6775,6792,6765,6768
 2017/02/28-21:30,6767,6772,6757,6770
 2017/02/28-21:45,6770,6771,6763,6766
 2017/02/28-22:00,6765,6767,6760,6763
 2017/02/28-22:15,6764,6778,6763,6772
 2017/02/28-22:30,6772,6775,6767,6767
 2017/02/28-22:45,6766,6770,6762,6764
 2017/02/28-23:00,6764,6772,6759,6760
 2017/02/28-23:15,6759,6763,6748,6756
 2017/02/28-23:30,6755,6762,6748,6759
 2017/02/28-09:15,6757,6765,6750,6763
 2017/02/28-09:30,6762,6770,6762,6763
 2017/02/28-09:45,6763,6765,6760,6760
 2017/02/28-10:00,6760,6760,6746,6754
 2017/02/28-10:15,6754,6757,6746,6752
 2017/02/28-10:45,6752,6757,6750,6751
 2017/02/28-11:00,6750,6760,6745,6751
 2017/02/28-11:15,6752,6754,6747,6749
 2017/02/28-11:30,6748,6758,6746,6754
 2017/02/28-13:45,6756,6763,6755,6758
 2017/02/28-14:00,6759,6760,6755,6757
 2017/02/28-14:15,6758,6760,6751,6755
 2017/02/28-14:30,6755,6758,6752,6754
 2017/02/28-14:45,6755,6758,6752,6755
 2017/02/28-15:00,6755,6761,6750,6755
 2017/03/01-21:15,6765,6813,6765,6779
 2017/03/01-21:30,6779,6781,6776,6778
 2017/03/01-21:45,6778,6782,6777,6779
 2017/03/01-22:00,6779,6785,6778,6783
 2017/03/01-22:15,6782,6786,6779,6782
 2017/03/01-22:30,6783,6788,6781,6784
 2017/03/01-22:45,6783,6787,6781,6781
 2017/03/01-23:00,6781,6788,6781,6785
 2017/03/01-23:15,6784,6800,6783,6800
 2017/03/01-23:30,6800,6804,6792,6795
 2017/03/01-09:15,6795,6799,6783,6793
 2017/03/01-09:30,6792,6795,6789,6789
 2017/03/01-09:45,6789,6796,6788,6794
 2017/03/01-10:00,6793,6797,6792,6796
 2017/03/01-10:15,6796,6802,6794,6802
 2017/03/01-10:45,6801,6804,6798,6798
 2017/03/01-11:00,6798,6802,6797,6802
 2017/03/01-11:15,6802,6803,6795,6799
 2017/03/01-11:30,6799,6800,6788,6800
 2017/03/01-13:45,6801,6812,6796,6812
 2017/03/01-14:00,6812,6816,6807,6815
 2017/03/01-14:15,6816,6822,6802,6813
 2017/03/01-14:30,6814,6836,6814,6835
 2017/03/01-14:45,6834,6839,6823,6826
 2017/03/01-15:00,6826,6841,6820,6836
 2017/03/02-21:15,6828,6846,6825,6827
 2017/03/02-21:30,6827,6828,6822,6825
 2017/03/02-21:45,6826,6826,6818,6820
 2017/03/02-22:00,6819,6826,6818,6823
 2017/03/02-22:15,6822,6832,6819,6831
 2017/03/02-22:30,6831,6831,6826,6828
 2017/03/02-22:45,6828,6834,6823,6831
 2017/03/02-23:00,6832,6835,6824,6827
 2017/03/02-23:15,6827,6832,6821,6823
 2017/03/02-23:30,6823,6828,6821,6826
 2017/03/02-09:15,6840,6849,6834,6847
 2017/03/02-09:30,6847,6849,6842,6849
 2017/03/02-09:45,6850,6855,6843,6846
 2017/03/02-10:00,6846,6846,6840,6842
 2017/03/02-10:15,6842,6844,6833,6835
 2017/03/02-10:45,6835,6837,6832,6834
 2017/03/02-11:00,6835,6839,6830,6834
 2017/03/02-11:15,6834,6844,6833,6839
 2017/03/02-11:30,6840,6840,6831,6834
 2017/03/02-13:45,6833,6834,6824,6828
 2017/03/02-14:00,6828,6838,6826,6836
 2017/03/02-14:15,6837,6839,6833,6837
 2017/03/02-14:30,6838,6838,6828,6830
 2017/03/02-14:45,6830,6836,6830,6835
 2017/03/02-15:00,6835,6838,6834,6834
 2017/03/03-21:15,6828,6829,6815,6819
 2017/03/03-21:30,6821,6826,6818,6822
 2017/03/03-21:45,6821,6824,6817,6822
 2017/03/03-22:00,6823,6826,6820,6822
 2017/03/03-22:15,6822,6825,6821,6824
 2017/03/03-22:30,6824,6824,6820,6823
 2017/03/03-22:45,6823,6824,6804,6808
 2017/03/03-23:00,6808,6813,6804,6805
 2017/03/03-23:15,6807,6812,6803,6810
 2017/03/03-23:30,6810,6813,6809,6812
 2017/03/03-09:15,6813,6835,6810,6830
 2017/03/03-09:30,6831,6836,6825,6826
 2017/03/03-09:45,6826,6832,6826,6830
 2017/03/03-10:00,6831,6841,6830,6840
 2017/03/03-10:15,6842,6845,6837,6842
 2017/03/03-10:45,6841,6890,6840,6881
 2017/03/03-11:00,6882,6893,6871,6883
 2017/03/03-11:15,6882,6894,6880,6890
 2017/03/03-11:30,6889,6904,6888,6900
 2017/03/03-13:45,6900,6914,6891,6905
 2017/03/03-14:00,6906,6909,6898,6904
 2017/03/03-14:15,6904,6907,6897,6900
 2017/03/03-14:30,6901,6905,6895,6899
 2017/03/03-14:45,6898,6901,6894,6899
 2017/03/03-15:00,6899,6918,6898,6916
 2017/03/06-21:15,6905,6909,6886,6892
 2017/03/06-21:30,6893,6904,6891,6896
 2017/03/06-21:45,6896,6898,6891,6894
 2017/03/06-22:00,6893,6896,6886,6892
 2017/03/06-22:15,6892,6895,6890,6893
 2017/03/06-22:30,6894,6895,6890,6892
 2017/03/06-22:45,6891,6893,6886,6890
 2017/03/06-23:00,6891,6895,6886,6891
 2017/03/06-23:15,6891,6891,6882,6888
 2017/03/06-23:30,6888,6888,6882,6884
 2017/03/06-09:15,6883,6896,6882,6894
 2017/03/06-09:30,6895,6897,6890,6895
 2017/03/06-09:45,6895,6903,6875,6880
 2017/03/06-10:00,6881,6887,6878,6881
 2017/03/06-10:15,6880,6882,6878,6879
 2017/03/06-10:45,6879,6881,6875,6880
 2017/03/06-11:00,6881,6884,6878,6882
 2017/03/06-11:15,6883,6888,6871,6878
 2017/03/06-11:30,6878,6880,6867,6873
 2017/03/06-13:45,6872,6879,6871,6879
 2017/03/06-14:00,6879,6882,6877,6880
 2017/03/06-14:15,6881,6890,6879,6880
 2017/03/06-14:30,6881,6882,6874,6876
 2017/03/06-14:45,6875,6879,6872,6874
 2017/03/06-15:00,6873,6887,6872,6885
 2017/03/07-21:15,6889,6896,6858,6868
 2017/03/07-21:30,6868,6870,6862,6870
 2017/03/07-21:45,6868,6872,6868,6869
 2017/03/07-22:00,6869,6877,6868,6875
 2017/03/07-22:15,6874,6875,6871,6873
 2017/03/07-22:30,6872,6877,6869,6872
 2017/03/07-22:45,6872,6874,6870,6872
 2017/03/07-23:00,6872,6874,6869,6872
 2017/03/07-23:15,6872,6874,6867,6870
 2017/03/07-23:30,6869,6874,6868,6871
 2017/03/07-09:15,6842,6866,6842,6862
 2017/03/07-09:30,6861,6863,6858,6859
 2017/03/07-09:45,6858,6867,6858,6863
 2017/03/07-10:00,6863,6869,6860,6861
 2017/03/07-10:15,6861,6862,6856,6860
 2017/03/07-10:45,6859,6862,6857,6861
 2017/03/07-11:00,6861,6862,6842,6843
 2017/03/07-11:15,6840,6850,6834,6847
 2017/03/07-11:30,6847,6848,6840,6842
 2017/03/07-13:45,6843,6843,6836,6841
 2017/03/07-14:00,6841,6842,6832,6838
 2017/03/07-14:15,6838,6842,6826,6829
 2017/03/07-14:30,6829,6829,6797,6800
 2017/03/07-14:45,6799,6805,6797,6802
 2017/03/07-15:00,6802,6808,6796,6806
 2017/03/08-21:15,6782,6787,6765,6776
 2017/03/08-21:30,6775,6782,6771,6773
 2017/03/08-21:45,6771,6775,6770,6773
 2017/03/08-22:00,6774,6776,6770,6770
 2017/03/08-22:15,6769,6773,6769,6769
 2017/03/08-22:30,6769,6776,6768,6775
 2017/03/08-22:45,6775,6775,6761,6761
 2017/03/08-23:00,6762,6764,6755,6755
 2017/03/08-23:15,6756,6762,6751,6754
 2017/03/08-23:30,6754,6755,6734,6745
 2017/03/08-09:15,6738,6738,6703,6719
 2017/03/08-09:30,6719,6727,6714,6718
 2017/03/08-09:45,6717,6718,6711,6715
 2017/03/08-10:00,6716,6718,6706,6706
 2017/03/08-10:15,6706,6716,6702,6715
 2017/03/08-10:45,6716,6724,6711,6722
 2017/03/08-11:00,6722,6725,6716,6720
 2017/03/08-11:15,6721,6740,6721,6740
 2017/03/08-11:30,6740,6740,6728,6734
 2017/03/08-13:45,6734,6743,6732,6740
 2017/03/08-14:00,6741,6741,6734,6734
 2017/03/08-14:15,6734,6735,6720,6724
 2017/03/08-14:30,6724,6739,6720,6739
 2017/03/08-14:45,6739,6753,6737,6740
 2017/03/08-15:00,6740,6742,6720,6723
 2017/03/09-21:15,6737,6737,6724,6728
 2017/03/09-21:30,6728,6740,6720,6733
 2017/03/09-21:45,6734,6735,6726,6727
 2017/03/09-22:00,6728,6731,6726,6728
 2017/03/09-22:15,6728,6728,6718,6725
 2017/03/09-22:30,6725,6725,6714,6718
 2017/03/09-22:45,6718,6725,6713,6716
 2017/03/09-23:00,6715,6722,6712,6714
 2017/03/09-23:15,6714,6722,6712,6714
 2017/03/09-23:30,6713,6717,6707,6710
 2017/03/09-09:15,6722,6748,6720,6740
 2017/03/09-09:30,6739,6741,6731,6736
 2017/03/09-09:45,6735,6753,6734,6749
 2017/03/09-10:00,6748,6768,6741,6768
 2017/03/09-10:15,6768,6788,6760,6784
 2017/03/09-10:45,6783,6784,6763,6763
 2017/03/09-11:00,6763,6771,6763,6766
 2017/03/09-11:15,6767,6775,6764,6766
 2017/03/09-11:30,6765,6768,6756,6767
 2017/03/09-13:45,6766,6768,6763,6766
 2017/03/09-14:00,6766,6767,6755,6758
 2017/03/09-14:15,6757,6766,6757,6761
 2017/03/09-14:30,6760,6770,6758,6768
 2017/03/09-14:45,6768,6772,6765,6769
 2017/03/09-15:00,6770,6779,6768,6771
 2017/03/10-21:15,6779,6781,6748,6751
 2017/03/10-21:30,6751,6751,6741,6748
 2017/03/10-21:45,6748,6748,6725,6732
 2017/03/10-22:00,6732,6738,6732,6735
 2017/03/10-22:15,6735,6739,6705,6720
 2017/03/10-22:30,6720,6735,6714,6734
 2017/03/10-22:45,6734,6744,6731,6734
 2017/03/10-23:00,6734,6737,6730,6736
 2017/03/10-23:15,6736,6743,6733,6735
 2017/03/10-23:30,6734,6735,6726,6735
 2017/03/10-09:15,6698,6719,6688,6719
 2017/03/10-09:30,6719,6725,6707,6708
 2017/03/10-09:45,6707,6711,6703,6706
 2017/03/10-10:00,6705,6715,6699,6709
 2017/03/10-10:15,6711,6719,6707,6708
 2017/03/10-10:45,6707,6710,6698,6701
 2017/03/10-11:00,6701,6717,6701,6706
 2017/03/10-11:15,6706,6711,6695,6703
 2017/03/10-11:30,6703,6710,6700,6701
 2017/03/10-13:45,6702,6717,6689,6710
 2017/03/10-14:00,6710,6728,6706,6721
 2017/03/10-14:15,6722,6724,6712,6716
 2017/03/10-14:30,6717,6770,6716,6758
 2017/03/10-14:45,6759,6765,6745,6752
 2017/03/10-15:00,6753,6763,6750,6758
 2017/03/13-21:15,6774,6774,6753,6764
 2017/03/13-21:30,6764,6765,6751,6755
 2017/03/13-21:45,6755,6803,6754,6795
 2017/03/13-22:00,6795,6816,6793,6802
 2017/03/13-22:15,6802,6804,6781,6781
 2017/03/13-22:30,6781,6788,6780,6782
 2017/03/13-22:45,6781,6782,6754,6758
 2017/03/13-23:00,6757,6762,6753,6760
 2017/03/13-23:15,6758,6762,6745,6758
 2017/03/13-23:30,6758,6768,6754,6762
 2017/03/13-09:15,6762,6792,6762,6768
 2017/03/13-09:30,6769,6773,6747,6762
 2017/03/13-09:45,6762,6762,6750,6756
 2017/03/13-10:00,6755,6755,6741,6749
 2017/03/13-10:15,6749,6789,6744,6775
 2017/03/13-10:45,6776,6779,6767,6773
 2017/03/13-11:00,6772,6774,6767,6772
 2017/03/13-11:15,6773,6780,6770,6774
 2017/03/13-11:30,6774,6780,6772,6777
 2017/03/13-13:45,6777,6787,6777,6780
 2017/03/13-14:00,6779,6781,6775,6779
 2017/03/13-14:15,6778,6784,6768,6769
 2017/03/13-14:30,6769,6774,6761,6765
 2017/03/13-14:45,6765,6775,6763,6775
 2017/03/13-15:00,6775,6775,6764,6769
 2017/03/14-21:15,6755,6768,6748,6763
 2017/03/14-21:30,6763,6768,6751,6759
 2017/03/14-21:45,6758,6765,6747,6761
 2017/03/14-22:00,6761,6763,6755,6758
 2017/03/14-22:15,6758,6761,6753,6755
 2017/03/14-22:30,6755,6760,6753,6758
 2017/03/14-22:45,6758,6785,6757,6776
 2017/03/14-23:00,6776,6777,6771,6774
 2017/03/14-23:15,6774,6777,6768,6775
 2017/03/14-23:30,6776,6788,6775,6784
 2017/03/14-09:15,6780,6786,6775,6778
 2017/03/14-09:30,6778,6790,6777,6788
 2017/03/14-09:45,6788,6803,6787,6797
 2017/03/14-10:00,6797,6802,6790,6797
 2017/03/14-10:15,6797,6800,6795,6799
 2017/03/14-10:45,6799,6799,6783,6786
 2017/03/14-11:00,6786,6792,6781,6788
 2017/03/14-11:15,6788,6793,6786,6790
 2017/03/14-11:30,6790,6795,6785,6788
 2017/03/14-13:45,6787,6788,6777,6782
 2017/03/14-14:00,6781,6786,6781,6785
 2017/03/14-14:15,6784,6787,6777,6778
 2017/03/14-14:30,6778,6786,6775,6784
 2017/03/14-14:45,6784,6784,6775,6779
 2017/03/14-15:00,6779,6792,6766,6766
 2017/03/15-21:15,6772,6772,6755,6767
 2017/03/15-21:30,6768,6786,6763,6782
 2017/03/15-21:45,6782,6801,6782,6786
 2017/03/15-22:00,6785,6786,6778,6784
 2017/03/15-22:15,6783,6792,6781,6790
 2017/03/15-22:30,6789,6796,6786,6791
 2017/03/15-22:45,6790,6797,6788,6791
 2017/03/15-23:00,6792,6829,6792,6828
 2017/03/15-23:15,6830,6839,6815,6816
 2017/03/15-23:30,6816,6827,6816,6824
 2017/03/15-09:15,6822,6822,6805,6808
 2017/03/15-09:30,6808,6813,6805,6813
 2017/03/15-09:45,6812,6814,6807,6810
 2017/03/15-10:00,6810,6813,6806,6811
 2017/03/15-10:15,6812,6819,6806,6808
 2017/03/15-10:45,6808,6814,6806,6812
 2017/03/15-11:00,6812,6815,6811,6815
 2017/03/15-11:15,6816,6827,6814,6825
 2017/03/15-11:30,6825,6832,6822,6827
 2017/03/15-13:45,6827,6829,6798,6802
 2017/03/15-14:00,6802,6810,6792,6805
 2017/03/15-14:15,6806,6813,6805,6808
 2017/03/15-14:30,6809,6815,6806,6811
 2017/03/15-14:45,6811,6819,6810,6813
 2017/03/15-15:00,6813,6818,6805,6809
 2017/03/16-21:15,6797,6827,6797,6823
 2017/03/16-21:30,6824,6828,6816,6819
 2017/03/16-21:45,6819,6824,6815,6819
 2017/03/16-22:00,6819,6820,6813,6815
 2017/03/16-22:15,6815,6817,6806,6812
 2017/03/16-22:30,6811,6822,6807,6817
 2017/03/16-22:45,6817,6818,6801,6803
 2017/03/16-23:00,6802,6808,6795,6802
 2017/03/16-23:15,6804,6806,6801,6805
 2017/03/16-23:30,6805,6812,6800,6807
 2017/03/16-09:15,6807,6821,6806,6811
 2017/03/16-09:30,6810,6818,6809,6817
 2017/03/16-09:45,6817,6820,6813,6814
 2017/03/16-10:00,6815,6816,6797,6797
 2017/03/16-10:15,6796,6796,6747,6747
 2017/03/16-10:45,6750,6750,6729,6736
 2017/03/16-11:00,6735,6735,6721,6723
 2017/03/16-11:15,6723,6739,6722,6735
 2017/03/16-11:30,6737,6737,6730,6732
 2017/03/16-13:45,6732,6737,6725,6732
 2017/03/16-14:00,6731,6734,6721,6723
 2017/03/16-14:15,6724,6732,6719,6732
 2017/03/16-14:30,6732,6745,6728,6739
 2017/03/16-14:45,6739,6745,6735,6738
 2017/03/16-15:00,6739,6747,6732,6741
 2017/03/17-21:15,6751,6764,6746,6760
 2017/03/17-21:30,6760,6762,6749,6754
 2017/03/17-21:45,6756,6756,6741,6743
 2017/03/17-22:00,6742,6753,6740,6749
 2017/03/17-22:15,6749,6755,6745,6746
 2017/03/17-22:30,6746,6751,6744,6750
 2017/03/17-22:45,6749,6749,6742,6747
 2017/03/17-23:00,6747,6748,6742,6744
 2017/03/17-23:15,6743,6743,6734,6737
 2017/03/17-23:30,6737,6740,6730,6735
 2017/03/17-09:15,6735,6754,6734,6749
 2017/03/17-09:30,6749,6756,6743,6746
 2017/03/17-09:45,6745,6752,6743,6751
 2017/03/17-10:00,6750,6756,6749,6753
 2017/03/17-10:15,6753,6760,6751,6755
 2017/03/17-10:45,6755,6759,6750,6754
 2017/03/17-11:00,6754,6754,6746,6751
 2017/03/17-11:15,6751,6752,6748,6751
 2017/03/17-11:30,6751,6756,6749,6754
 2017/03/17-13:45,6754,6755,6739,6741
 2017/03/17-14:00,6742,6744,6737,6741
 2017/03/17-14:15,6741,6745,6738,6744
 2017/03/17-14:30,6744,6745,6739,6742
 2017/03/17-14:45,6742,6751,6740,6750
 2017/03/17-15:00,6749,6752,6746,6749
 2017/03/20-21:15,6720,6727,6708,6723
 2017/03/20-21:30,6722,6734,6718,6727
 2017/03/20-21:45,6727,6728,6715,6718
 2017/03/20-22:00,6718,6719,6672,6676
 2017/03/20-22:15,6676,6686,6666,6666
 2017/03/20-22:30,6668,6671,6657,6665
 2017/03/20-22:45,6667,6674,6657,6662
 2017/03/20-23:00,6662,6665,6655,6658
 2017/03/20-23:15,6659,6666,6655,6660
 2017/03/20-23:30,6661,6665,6653,6661
 2017/03/20-09:15,6715,6742,6712,6735
 2017/03/20-09:30,6735,6736,6726,6732
 2017/03/20-09:45,6732,6757,6727,6754
 2017/03/20-10:00,6754,6766,6739,6741
 2017/03/20-10:15,6741,6745,6727,6732
 2017/03/20-10:45,6733,6737,6729,6735
 2017/03/20-11:00,6735,6739,6731,6736
 2017/03/20-11:15,6737,6738,6731,6733
 2017/03/20-11:30,6733,6739,6732,6734
 2017/03/20-13:45,6735,6744,6732,6732
 2017/03/20-14:00,6732,6735,6725,6733
 2017/03/20-14:15,6732,6739,6726,6737
 2017/03/20-14:30,6738,6742,6733,6733
 2017/03/20-14:45,6734,6740,6732,6734
 2017/03/20-15:00,6734,6737,6729,6736
 2017/03/21-21:15,6720,6720,6693,6699
 2017/03/21-21:30,6699,6702,6691,6700
 2017/03/21-21:45,6700,6700,6683,6686
 2017/03/21-22:00,6686,6691,6681,6687
 2017/03/21-22:15,6687,6689,6684,6685
 2017/03/21-22:30,6684,6693,6684,6689
 2017/03/21-22:45,6688,6693,6687,6692
 2017/03/21-23:00,6691,6701,6691,6697
 2017/03/21-23:15,6697,6714,6697,6704
 2017/03/21-23:30,6706,6706,6696,6698
 2017/03/21-09:15,6688,6688,6664,6664
 2017/03/21-09:30,6665,6676,6664,6675
 2017/03/21-09:45,6675,6676,6669,6670
 2017/03/21-10:00,6670,6676,6669,6674
 2017/03/21-10:15,6674,6679,6672,6676
 2017/03/21-10:45,6676,6680,6675,6677
 2017/03/21-11:00,6676,6680,6673,6674
 2017/03/21-11:15,6673,6693,6673,6687
 2017/03/21-11:30,6688,6697,6685,6686
 2017/03/21-13:45,6685,6691,6678,6686
 2017/03/21-14:00,6685,6693,6681,6688
 2017/03/21-14:15,6689,6690,6683,6685
 2017/03/21-14:30,6685,6690,6684,6686
 2017/03/21-14:45,6688,6689,6677,6679
 2017/03/21-15:00,6679,6682,6670,6672
 2017/03/22-21:15,6642,6642,6607,6618
 2017/03/22-21:30,6618,6627,6611,6625
 2017/03/22-21:45,6625,6630,6617,6621
 2017/03/22-22:00,6620,6623,6606,6609
 2017/03/22-22:15,6608,6619,6608,6617
 2017/03/22-22:30,6617,6622,6613,6615
 2017/03/22-22:45,6616,6625,6611,6619
 2017/03/22-23:00,6620,6628,6616,6619
 2017/03/22-23:15,6619,6627,6618,6622
 2017/03/22-23:30,6622,6639,6620,6629
 2017/03/22-09:15,6629,6629,6604,6607
 2017/03/22-09:30,6607,6618,6599,6611
 2017/03/22-09:45,6611,6616,6610,6615
 2017/03/22-10:00,6615,6627,6614,6622
 2017/03/22-10:15,6621,6687,6621,6677
 2017/03/22-10:45,6676,6676,6643,6653
 2017/03/22-11:00,6654,6658,6648,6657
 2017/03/22-11:15,6657,6669,6656,6663
 2017/03/22-11:30,6664,6673,6661,6665
 2017/03/22-13:45,6664,6671,6661,6662
 2017/03/22-14:00,6661,6665,6655,6659
 2017/03/22-14:15,6659,6661,6649,6651
 2017/03/22-14:30,6651,6659,6649,6655
 2017/03/22-14:45,6655,6655,6646,6648
 2017/03/22-15:00,6648,6664,6648,6662
 2017/03/23-21:15,6656,6668,6641,6642
 2017/03/23-21:30,6642,6652,6641,6649
 2017/03/23-21:45,6648,6672,6642,6667
 2017/03/23-22:00,6668,6670,6655,6662
 2017/03/23-22:15,6662,6663,6647,6653
 2017/03/23-22:30,6653,6659,6650,6657
 2017/03/23-22:45,6657,6667,6652,6655
 2017/03/23-23:00,6655,6668,6654,6668
 2017/03/23-23:15,6669,6671,6662,6663
 2017/03/23-23:30,6663,6668,6658,6666
 2017/03/23-09:15,6675,6686,6663,6686
 2017/03/23-09:30,6685,6686,6674,6675
 2017/03/23-09:45,6675,6680,6666,6670
 2017/03/23-10:00,6670,6670,6661,6666
 2017/03/23-10:15,6666,6667,6662,6664
 2017/03/23-10:45,6663,6671,6657,6668
 2017/03/23-11:00,6669,6669,6660,6662
 2017/03/23-11:15,6662,6663,6651,6657
 2017/03/23-11:30,6657,6658,6655,6656
 2017/03/23-13:45,6655,6662,6653,6657
 2017/03/23-14:00,6657,6658,6653,6653
 2017/03/23-14:15,6654,6654,6645,6650
 2017/03/23-14:30,6650,6654,6645,6652
 2017/03/23-14:45,6652,6658,6652,6658
 2017/03/23-15:00,6658,6658,6649,6653
 2017/03/24-21:15,6643,6665,6635,6657
 2017/03/24-21:30,6658,6672,6656,6665
 2017/03/24-21:45,6665,6670,6662,6666
 2017/03/24-22:00,6666,6678,6666,6674
 2017/03/24-22:15,6674,6677,6670,6673
 2017/03/24-22:30,6675,6683,6673,6679
 2017/03/24-22:45,6680,6682,6670,6673
 2017/03/24-23:00,6672,6681,6671,6677
 2017/03/24-23:15,6677,6677,6672,6673
 2017/03/24-23:30,6674,6681,6671,6676
 2017/03/24-09:15,6687,6697,6681,6685
 2017/03/24-09:30,6685,6689,6681,6687
 2017/03/24-09:45,6686,6690,6675,6678
 2017/03/24-10:00,6679,6680,6670,6674
 2017/03/24-10:15,6675,6677,6665,6668
 2017/03/24-10:45,6666,6674,6665,6670
 2017/03/24-11:00,6670,6674,6668,6672
 2017/03/24-11:15,6671,6676,6669,6670
 2017/03/24-11:30,6670,6674,6667,6670
 2017/03/24-13:45,6671,6680,6669,6678
 2017/03/24-14:00,6678,6680,6674,6677
 2017/03/24-14:15,6677,6679,6675,6676
 2017/03/24-14:30,6676,6681,6662,6665
 2017/03/24-14:45,6666,6666,6651,6655
 2017/03/24-15:00,6655,6656,6636,6642
 2017/03/27-21:15,6663,6672,6653,6655
 2017/03/27-21:30,6655,6656,6638,6645
 2017/03/27-21:45,6646,6652,6642,6648
 2017/03/27-22:00,6647,6649,6614,6618
 2017/03/27-22:15,6618,6631,6613,6630
 2017/03/27-22:30,6629,6632,6622,6624
 2017/03/27-22:45,6624,6629,6618,6620
 2017/03/27-23:00,6620,6625,6620,6621
 2017/03/27-23:15,6621,6625,6616,6617
 2017/03/27-23:30,6618,6628,6616,6625
 2017/03/27-09:15,6622,6640,6620,6630
 2017/03/27-09:30,6630,6630,6584,6590
 2017/03/27-09:45,6590,6604,6587,6598
 2017/03/27-10:00,6599,6623,6597,6614
 2017/03/27-10:15,6615,6629,6613,6619
 2017/03/27-10:45,6619,6676,6616,6639
 2017/03/27-11:00,6638,6641,6625,6628
 2017/03/27-11:15,6628,6642,6628,6641
 2017/03/27-11:30,6640,6646,6635,6640
 2017/03/27-13:45,6640,6642,6631,6635
 2017/03/27-14:00,6635,6641,6634,6637
 2017/03/27-14:15,6635,6640,6630,6633
 2017/03/27-14:30,6633,6636,6627,6629
 2017/03/27-14:45,6629,6633,6626,6631
 2017/03/27-15:00,6631,6644,6626,6641
 2017/03/28-21:15,6643,6658,6614,6618
 2017/03/28-21:30,6618,6624,6617,6622
 2017/03/28-21:45,6622,6631,6615,6624
 2017/03/28-22:00,6624,6626,6615,6616
 2017/03/28-22:15,6615,6631,6615,6629
 2017/03/28-22:30,6629,6635,6627,6628
 2017/03/28-22:45,6628,6632,6626,6630
 2017/03/28-23:00,6630,6632,6621,6623
 2017/03/28-23:15,6623,6628,6623,6626
 2017/03/28-23:30,6625,6627,6622,6625
 2017/03/28-09:15,6638,6652,6636,6637
 2017/03/28-09:30,6637,6646,6637,6643
 2017/03/28-09:45,6645,6654,6643,6648
 2017/03/28-10:00,6650,6651,6641,6642
 2017/03/28-10:15,6642,6643,6640,6642
 2017/03/28-10:45,6641,6643,6633,6633
 2017/03/28-11:00,6634,6635,6623,6628
 2017/03/28-11:15,6629,6629,6604,6619
 2017/03/28-11:30,6619,6621,6616,6620
 2017/03/28-13:45,6620,6621,6611,6611
 2017/03/28-14:00,6611,6614,6601,6601
 2017/03/28-14:15,6601,6613,6594,6611
 2017/03/28-14:30,6610,6620,6608,6608
 2017/03/28-14:45,6609,6613,6604,6613
 2017/03/28-15:00,6613,6620,6610,6616
 2017/03/29-21:15,6629,6629,6604,6608
 2017/03/29-21:30,6608,6613,6594,6603
 2017/03/29-21:45,6603,6610,6594,6607
 2017/03/29-22:00,6607,6609,6590,6596
 2017/03/29-22:15,6596,6615,6584,6609
 2017/03/29-22:30,6609,6617,6607,6611
 2017/03/29-22:45,6611,6615,6606,6613
 2017/03/29-23:00,6613,6639,6610,6621
 2017/03/29-23:15,6620,6630,6615,6627
 2017/03/29-23:30,6627,6635,6624,6632
 2017/03/29-09:15,6632,6632,6620,6623
 2017/03/29-09:30,6623,6628,6618,6626
 2017/03/29-09:45,6627,6629,6622,6622
 2017/03/29-10:00,6622,6624,6615,6617
 2017/03/29-10:15,6617,6618,6609,6618
 2017/03/29-10:45,6618,6618,6611,6613
 2017/03/29-11:00,6612,6613,6608,6612
 2017/03/29-11:15,6611,6617,6606,6616
 2017/03/29-11:30,6615,6620,6615,6618
 2017/03/29-13:45,6619,6620,6604,6606
 2017/03/29-14:00,6606,6610,6600,6606
 2017/03/29-14:15,6605,6605,6592,6600
 2017/03/29-14:30,6600,6609,6597,6607
 2017/03/29-14:45,6606,6612,6600,6608
 2017/03/29-15:00,6609,6613,6604,6609
 2017/03/30-21:15,6573,6586,6558,6567
 2017/03/30-21:30,6566,6568,6552,6559
 2017/03/30-21:45,6559,6562,6538,6538
 2017/03/30-22:00,6539,6546,6532,6535
 2017/03/30-22:15,6534,6546,6534,6545
 2017/03/30-22:30,6545,6549,6537,6539
 2017/03/30-22:45,6538,6551,6536,6537
 2017/03/30-23:00,6538,6539,6525,6537
 2017/03/30-23:15,6537,6549,6536,6546
 2017/03/30-23:30,6547,6567,6545,6553
 2017/03/30-09:15,6539,6539,6510,6511
 2017/03/30-09:30,6510,6514,6489,6493
 2017/03/30-09:45,6494,6497,6477,6484
 2017/03/30-10:00,6485,6495,6483,6491
 2017/03/30-10:15,6491,6499,6486,6494
 2017/03/30-10:45,6492,6504,6491,6503
 2017/03/30-11:00,6502,6503,6489,6492
 2017/03/30-11:15,6492,6502,6492,6498
 2017/03/30-11:30,6498,6507,6495,6504
 2017/03/30-13:45,6503,6504,6493,6499
 2017/03/30-14:00,6500,6505,6489,6490
 2017/03/30-14:15,6489,6499,6489,6495
 2017/03/30-14:30,6495,6505,6494,6499
 2017/03/30-14:45,6499,6504,6497,6501
 2017/03/30-15:00,6500,6530,6493,6524
 2017/03/31-21:15,6560,6585,6557,6582
 2017/03/31-21:30,6583,6584,6574,6584
 2017/03/31-21:45,6585,6591,6563,6563
 2017/03/31-22:00,6563,6576,6561,6575
 2017/03/31-22:15,6574,6574,6555,6560
 2017/03/31-22:30,6560,6563,6543,6554
 2017/03/31-22:45,6554,6562,6554,6558
 2017/03/31-23:00,6558,6573,6558,6569
 2017/03/31-23:15,6569,6585,6564,6583
 2017/03/31-23:30,6583,6595,6577,6582
 2017/03/31-09:15,6583,6583,6547,6553
 2017/03/31-09:30,6553,6589,6552,6579
 2017/03/31-09:45,6579,6585,6578,6582
 2017/03/31-10:00,6581,6583,6568,6569
 2017/03/31-10:15,6569,6575,6565,6574
 2017/03/31-10:45,6574,6579,6574,6579
 2017/03/31-11:00,6579,6579,6567,6568
 2017/03/31-11:15,6567,6576,6566,6571
 2017/03/31-11:30,6572,6577,6566,6575
 2017/03/31-13:45,6574,6577,6569,6570
 2017/03/31-14:00,6571,6576,6568,6572
 2017/03/31-14:15,6570,6580,6569,6571
 2017/03/31-14:30,6571,6575,6563,6568
 2017/03/31-14:45,6568,6590,6566,6590
 2017/03/31-15:00,6590,6599,6572,6573
 2017/04/05-09:15,6484,6543,6479,6520
 2017/04/05-09:30,6522,6530,6516,6529
 2017/04/05-09:45,6529,6536,6521,6528
 2017/04/05-10:00,6528,6528,6521,6521
 2017/04/05-10:15,6521,6525,6512,6516
 2017/04/05-10:45,6516,6518,6502,6508
 2017/04/05-11:00,6509,6516,6480,6513
 2017/04/05-11:15,6513,6517,6506,6517
 2017/04/05-11:30,6517,6532,6516,6531
 2017/04/05-13:45,6533,6564,6530,6557
 2017/04/05-14:00,6557,6585,6556,6583
 2017/04/05-14:15,6582,6589,6563,6575
 2017/04/05-14:30,6575,6598,6566,6586
 2017/04/05-14:45,6586,6639,6586,6617
 2017/04/05-15:00,6617,6624,6595,6602
 2017/04/06-21:15,6588,6612,6588,6611
 2017/04/06-21:30,6611,6617,6594,6606
 2017/04/06-21:45,6606,6607,6594,6597
 2017/04/06-22:00,6598,6598,6586,6592
 2017/04/06-22:15,6591,6603,6591,6597
 2017/04/06-22:30,6596,6607,6593,6598
 2017/04/06-22:45,6597,6602,6593,6600
 2017/04/06-23:00,6600,6602,6593,6597
 2017/04/06-23:15,6596,6601,6594,6600
 2017/04/06-23:30,6600,6614,6594,6602
 2017/04/06-09:15,6587,6587,6565,6576
 2017/04/06-09:30,6576,6580,6575,6578
 2017/04/06-09:45,6578,6590,6577,6590
 2017/04/06-10:00,6590,6598,6586,6597
 2017/04/06-10:15,6598,6599,6592,6594
 2017/04/06-10:45,6594,6595,6587,6592
 2017/04/06-11:00,6592,6596,6590,6593
 2017/04/06-11:15,6593,6599,6593,6597
 2017/04/06-11:30,6597,6605,6597,6599
 2017/04/06-13:45,6599,6609,6596,6604
 2017/04/06-14:00,6605,6607,6590,6592
 2017/04/06-14:15,6592,6601,6591,6594
 2017/04/06-14:30,6594,6595,6591,6595
 2017/04/06-14:45,6595,6600,6592,6597
 2017/04/06-15:00,6597,6597,6585,6592
 2017/04/07-21:15,6600,6648,6600,6639
 2017/04/07-21:30,6639,6640,6628,6634
 2017/04/07-21:45,6634,6654,6630,6647
 2017/04/07-22:00,6647,6649,6634,6640
 2017/04/07-22:15,6641,6645,6620,6628
 2017/04/07-22:30,6628,6632,6617,6621
 2017/04/07-22:45,6621,6623,6618,6620
 2017/04/07-23:00,6621,6625,6618,6620
 2017/04/07-23:15,6620,6624,6618,6620
 2017/04/07-23:30,6620,6621,6606,6611
 2017/04/07-09:15,6641,6641,6608,6630
 2017/04/07-09:30,6630,6637,6630,6634
 2017/04/07-09:45,6634,6648,6629,6647
 2017/04/07-10:00,6647,6653,6641,6650
 2017/04/07-10:15,6649,6657,6635,6641
 2017/04/07-10:45,6641,6641,6633,6637
 2017/04/07-11:00,6637,6641,6635,6635
 2017/04/07-11:15,6634,6635,6615,6618
 2017/04/07-11:30,6618,6626,6617,6624
 2017/04/07-13:45,6622,6626,6619,6625
 2017/04/07-14:00,6624,6625,6620,6623
 2017/04/07-14:15,6622,6623,6581,6590
 2017/04/07-14:30,6589,6600,6576,6582
 2017/04/07-14:45,6580,6596,6580,6588
 2017/04/07-15:00,6588,6603,6586,6596
 2017/04/10-21:15,6613,6629,6606,6629
 2017/04/10-21:30,6628,6633,6623,6627
 2017/04/10-21:45,6627,6639,6625,6637
 2017/04/10-22:00,6636,6637,6629,6635
 2017/04/10-22:15,6635,6637,6626,6632
 2017/04/10-22:30,6632,6637,6629,6636
 2017/04/10-22:45,6636,6645,6633,6641
 2017/04/10-23:00,6642,6654,6640,6643
 2017/04/10-23:15,6642,6645,6638,6645
 2017/04/10-23:30,6645,6648,6642,6647
 2017/04/10-09:15,6654,6692,6654,6672
 2017/04/10-09:30,6673,6714,6673,6712
 2017/04/10-09:45,6715,6723,6711,6722
 2017/04/10-10:00,6722,6732,6717,6728
 2017/04/10-10:15,6729,6736,6720,6723
 2017/04/10-10:45,6722,6724,6714,6715
 2017/04/10-11:00,6715,6719,6704,6707
 2017/04/10-11:15,6706,6711,6701,6710
 2017/04/10-11:30,6709,6710,6694,6696
 2017/04/10-13:45,6696,6707,6687,6706
 2017/04/10-14:00,6706,6707,6691,6694
 2017/04/10-14:15,6694,6699,6690,6693
 2017/04/10-14:30,6692,6697,6691,6693
 2017/04/10-14:45,6693,6694,6676,6686
 2017/04/10-15:00,6684,6695,6673,6683
 2017/04/11-21:15,6683,6688,6673,6676
 2017/04/11-21:30,6676,6694,6675,6690
 2017/04/11-21:45,6690,6702,6685,6695
 2017/04/11-22:00,6695,6700,6686,6697
 2017/04/11-22:15,6697,6699,6681,6685
 2017/04/11-22:30,6685,6686,6676,6680
 2017/04/11-22:45,6679,6686,6673,6676
 2017/04/11-23:00,6676,6682,6673,6679
 2017/04/11-23:15,6679,6691,6678,6689
 2017/04/11-23:30,6688,6691,6676,6685
 2017/04/11-09:15,6674,6693,6670,6689
 2017/04/11-09:30,6688,6696,6685,6694
 2017/04/11-09:45,6695,6707,6686,6693
 2017/04/11-10:00,6693,6699,6691,6697
 2017/04/11-10:15,6697,6703,6693,6701
 2017/04/11-10:45,6701,6702,6692,6695
 2017/04/11-11:00,6696,6698,6693,6696
 2017/04/11-11:15,6696,6705,6695,6702
 2017/04/11-11:30,6702,6713,6699,6704
 2017/04/11-13:45,6701,6709,6699,6706
 2017/04/11-14:00,6707,6709,6701,6704
 2017/04/11-14:15,6705,6717,6704,6713
 2017/04/11-14:30,6714,6721,6708,6709
 2017/04/11-14:45,6709,6714,6703,6705
 2017/04/11-15:00,6705,6707,6698,6704
 2017/04/12-21:15,6686,6694,6675,6676
 2017/04/12-21:30,6675,6680,6652,6654
 2017/04/12-21:45,6655,6662,6645,6661
 2017/04/12-22:00,6660,6665,6654,6654
 2017/04/12-22:15,6655,6661,6651,6652
 2017/04/12-22:30,6653,6661,6650,6654
 2017/04/12-22:45,6654,6659,6652,6655
 2017/04/12-23:00,6655,6657,6651,6657
 2017/04/12-23:15,6657,6712,6655,6692
 2017/04/12-23:30,6692,6727,6692,6722
 2017/04/12-09:15,6722,6744,6717,6719
 2017/04/12-09:30,6720,6723,6714,6719
 2017/04/12-09:45,6720,6720,6708,6718
 2017/04/12-10:00,6718,6733,6713,6728
 2017/04/12-10:15,6729,6732,6720,6723
 2017/04/12-10:45,6723,6727,6714,6714
 2017/04/12-11:00,6715,6720,6715,6718
 2017/04/12-11:15,6719,6723,6716,6717
 2017/04/12-11:30,6716,6717,6705,6709
 2017/04/12-13:45,6710,6716,6705,6707
 2017/04/12-14:00,6708,6714,6707,6713
 2017/04/12-14:15,6714,6722,6707,6708
 2017/04/12-14:30,6708,6716,6707,6716
 2017/04/12-14:45,6716,6720,6710,6719
 2017/04/12-15:00,6719,6727,6715,6726
 2017/04/13-21:15,6739,6740,6713,6718
 2017/04/13-21:30,6718,6721,6684,6688
 2017/04/13-21:45,6689,6695,6680,6680
 2017/04/13-22:00,6680,6690,6678,6685
 2017/04/13-22:15,6684,6690,6675,6680
 2017/04/13-22:30,6680,6692,6680,6691
 2017/04/13-22:45,6691,6692,6683,6687
 2017/04/13-23:00,6687,6698,6681,6688
 2017/04/13-23:15,6689,6695,6681,6681
 2017/04/13-23:30,6682,6692,6681,6691
 2017/04/13-09:15,6689,6695,6670,6694
 2017/04/13-09:30,6694,6710,6683,6703
 2017/04/13-09:45,6703,6703,6685,6686
 2017/04/13-10:00,6686,6693,6680,6684
 2017/04/13-10:15,6683,6698,6681,6696
 2017/04/13-10:45,6695,6697,6688,6689
 2017/04/13-11:00,6689,6701,6688,6700
 2017/04/13-11:15,6700,6718,6696,6710
 2017/04/13-11:30,6710,6712,6700,6710
 2017/04/13-13:45,6712,6716,6707,6713
 2017/04/13-14:00,6712,6748,6710,6729
 2017/04/13-14:15,6729,6732,6723,6726
 2017/04/13-14:30,6727,6729,6722,6723
 2017/04/13-14:45,6724,6729,6721,6726
 2017/04/13-15:00,6726,6736,6724,6734
 2017/04/14-21:15,6745,6772,6745,6761
 2017/04/14-21:30,6762,6765,6754,6756
 2017/04/14-21:45,6756,6758,6752,6752
 2017/04/14-22:00,6752,6764,6751,6764
 2017/04/14-22:15,6764,6765,6755,6756
 2017/04/14-22:30,6757,6762,6755,6757
 2017/04/14-22:45,6758,6766,6753,6760
 2017/04/14-23:00,6761,6769,6742,6747
 2017/04/14-23:15,6747,6749,6731,6739
 2017/04/14-23:30,6739,6744,6734,6742
 2017/04/14-09:15,6737,6740,6725,6730
 2017/04/14-09:30,6729,6733,6718,6719
 2017/04/14-09:45,6719,6731,6718,6726
 2017/04/14-10:00,6726,6731,6719,6720
 2017/04/14-10:15,6720,6729,6718,6724
 2017/04/14-10:45,6725,6725,6720,6721
 2017/04/14-11:00,6721,6748,6715,6731
 2017/04/14-11:15,6730,6739,6728,6736
 2017/04/14-11:30,6736,6737,6717,6721
 2017/04/14-13:45,6719,6726,6716,6724
 2017/04/14-14:00,6723,6732,6712,6732
 2017/04/14-14:15,6730,6732,6723,6725
 2017/04/14-14:30,6725,6726,6712,6713
 2017/04/14-14:45,6714,6719,6705,6715
 2017/04/14-15:00,6715,6735,6713,6724
 2017/04/17-21:15,6729,6760,6722,6735
 2017/04/17-21:30,6735,6736,6726,6729
 2017/04/17-21:45,6729,6733,6721,6729
 2017/04/17-22:00,6730,6743,6729,6737
 2017/04/17-22:15,6737,6739,6733,6735
 2017/04/17-22:30,6734,6737,6727,6730
 2017/04/17-22:45,6731,6737,6728,6731
 2017/04/17-23:00,6730,6746,6730,6739
 2017/04/17-23:15,6740,6743,6734,6739
 2017/04/17-23:30,6739,6750,6737,6749
 2017/04/17-09:15,6750,6754,6729,6750
 2017/04/17-09:30,6749,6777,6743,6773
 2017/04/17-09:45,6773,6775,6756,6758
 2017/04/17-10:00,6757,6760,6753,6758
 2017/04/17-10:15,6759,6760,6752,6754
 2017/04/17-10:45,6755,6758,6751,6752
 2017/04/17-11:00,6751,6755,6745,6752
 2017/04/17-11:15,6753,6753,6745,6750
 2017/04/17-11:30,6750,6763,6749,6761
 2017/04/17-13:45,6761,6761,6748,6753
 2017/04/17-14:00,6753,6765,6751,6760
 2017/04/17-14:15,6760,6764,6750,6755
 2017/04/17-14:30,6754,6764,6752,6760
 2017/04/17-14:45,6760,6766,6759,6760
 2017/04/17-15:00,6760,6790,6760,6787
 2017/04/18-21:15,6777,6795,6777,6789
 2017/04/18-21:30,6790,6801,6782,6794
 2017/04/18-21:45,6795,6801,6790,6796
 2017/04/18-22:00,6796,6801,6793,6799
 2017/04/18-22:15,6799,6801,6791,6795
 2017/04/18-22:30,6795,6796,6783,6786
 2017/04/18-22:45,6785,6789,6782,6787
 2017/04/18-23:00,6787,6790,6784,6787
 2017/04/18-23:15,6786,6794,6785,6792
 2017/04/18-23:30,6793,6799,6785,6797
 2017/04/18-09:15,6793,6803,6785,6797
 2017/04/18-09:30,6798,6809,6769,6771
 2017/04/18-09:45,6772,6777,6770,6773
 2017/04/18-10:00,6773,6776,6764,6769
 2017/04/18-10:15,6768,6772,6758,6758
 2017/04/18-10:45,6757,6762,6751,6760
 2017/04/18-11:00,6760,6768,6758,6759
 2017/04/18-11:15,6760,6768,6759,6767
 2017/04/18-11:30,6767,6767,6753,6754
 2017/04/18-13:45,6755,6762,6752,6760
 2017/04/18-14:00,6760,6780,6758,6769
 2017/04/18-14:15,6770,6772,6754,6759
 2017/04/18-14:30,6760,6766,6757,6764
 2017/04/18-14:45,6764,6768,6761,6762
 2017/04/18-15:00,6761,6773,6757,6767
 2017/04/19-09:15,6792,6800,6761,6764
 2017/04/19-09:30,6765,6765,6727,6738
 2017/04/19-09:45,6739,6796,6730,6761
 2017/04/19-10:00,6761,6786,6761,6779
 2017/04/19-10:15,6779,6780,6761,6768
 2017/04/19-10:45,6767,6773,6765,6772
 2017/04/19-11:00,6773,6773,6765,6768
 2017/04/19-11:15,6768,6776,6767,6773
 2017/04/19-11:30,6774,6776,6769,6773
 2017/04/19-13:45,6773,6774,6763,6766
 2017/04/19-14:00,6767,6787,6766,6782
 2017/04/19-14:15,6781,6793,6781,6789
 2017/04/19-14:30,6790,6794,6780,6785
 2017/04/19-14:45,6785,6795,6780,6791
 2017/04/19-15:00,6791,6802,6789,6801
 2017/04/20-21:15,6804,6817,6783,6789
 2017/04/20-21:30,6789,6793,6778,6782
 2017/04/20-21:45,6781,6795,6781,6792
 2017/04/20-22:00,6793,6795,6783,6785
 2017/04/20-22:15,6785,6788,6783,6785
 2017/04/20-22:30,6784,6789,6782,6787
 2017/04/20-22:45,6787,6792,6784,6788
 2017/04/20-23:00,6789,6789,6782,6786
 2017/04/20-23:15,6785,6792,6783,6792
 2017/04/20-23:30,6792,6795,6782,6786
 2017/04/20-09:15,6765,6774,6760,6764
 2017/04/20-09:30,6764,6765,6751,6761
 2017/04/20-09:45,6760,6762,6754,6758
 2017/04/20-10:00,6757,6761,6752,6758
 2017/04/20-10:15,6759,6770,6757,6765
 2017/04/20-10:45,6765,6767,6759,6760
 2017/04/20-11:00,6760,6767,6753,6763
 2017/04/20-11:15,6762,6763,6755,6759
 2017/04/20-11:30,6759,6780,6754,6775
 2017/04/20-13:45,6772,6780,6766,6779
 2017/04/20-14:00,6778,6785,6773,6779
 2017/04/20-14:15,6780,6783,6777,6781
 2017/04/20-14:30,6781,6785,6774,6775
 2017/04/20-14:45,6775,6790,6774,6787
 2017/04/20-15:00,6787,6795,6778,6787
 2017/04/21-21:15,6791,6795,6761,6765
 2017/04/21-21:30,6766,6767,6761,6765
 2017/04/21-21:45,6765,6771,6762,6767
 2017/04/21-22:00,6766,6770,6763,6766
 2017/04/21-22:15,6767,6778,6764,6767
 2017/04/21-22:30,6767,6776,6767,6773
 2017/04/21-22:45,6774,6785,6774,6782
 2017/04/21-23:00,6782,6783,6774,6775
 2017/04/21-23:15,6776,6782,6775,6781
 2017/04/21-23:30,6780,6788,6777,6786
 2017/04/21-09:15,6774,6787,6772,6786
 2017/04/21-09:30,6787,6792,6781,6787
 2017/04/21-09:45,6787,6788,6781,6786
 2017/04/21-10:00,6786,6804,6785,6792
 2017/04/21-10:15,6792,6797,6778,6783
 2017/04/21-10:45,6783,6787,6780,6787
 2017/04/21-11:00,6786,6790,6782,6785
 2017/04/21-11:15,6784,6790,6783,6786
 2017/04/21-11:30,6786,6789,6782,6786
 2017/04/21-13:45,6787,6796,6787,6794
 2017/04/21-14:00,6794,6801,6791,6792
 2017/04/21-14:15,6792,6793,6783,6787
 2017/04/21-14:30,6787,6792,6785,6791
 2017/04/21-14:45,6790,6792,6781,6784
 2017/04/21-15:00,6783,6785,6760,6763
 2017/04/24-21:15,6767,6768,6712,6736
 2017/04/24-21:30,6736,6738,6707,6712
 2017/04/24-21:45,6710,6711,6697,6709
 2017/04/24-22:00,6708,6709,6684,6687
 2017/04/24-22:15,6686,6686,6668,6684
 2017/04/24-22:30,6684,6706,6682,6695
 2017/04/24-22:45,6695,6698,6676,6697
 2017/04/24-23:00,6697,6699,6680,6680
 2017/04/24-23:15,6681,6688,6678,6687
 2017/04/24-23:30,6688,6707,6678,6679
 2017/04/24-09:15,6680,6692,6672,6683
 2017/04/24-09:30,6683,6684,6678,6679
 2017/04/24-09:45,6679,6681,6674,6678
 2017/04/24-10:00,6678,6680,6663,6665
 2017/04/24-10:15,6666,6671,6658,6667
 2017/04/24-10:45,6669,6673,6660,6661
 2017/04/24-11:00,6662,6665,6659,6660
 2017/04/24-11:15,6660,6668,6656,6668
 2017/04/24-11:30,6668,6677,6661,6676
 2017/04/24-13:45,6676,6680,6669,6672
 2017/04/24-14:00,6672,6672,6658,6660
 2017/04/24-14:15,6660,6663,6653,6656
 2017/04/24-14:30,6656,6674,6652,6669
 2017/04/24-14:45,6669,6680,6665,6676
 2017/04/24-15:00,6676,6679,6667,6670
 2017/04/25-21:15,6676,6685,6662,6667
 2017/04/25-21:30,6666,6668,6641,6643
 2017/04/25-21:45,6642,6648,6635,6642
 2017/04/25-22:00,6642,6652,6636,6648
 2017/04/25-22:15,6648,6656,6644,6647
 2017/04/25-22:30,6647,6651,6644,6646
 2017/04/25-22:45,6646,6650,6644,6645
 2017/04/25-23:00,6646,6658,6642,6653
 2017/04/25-23:15,6653,6668,6653,6659
 2017/04/25-23:30,6659,6663,6658,6662
 2017/04/25-09:15,6662,6672,6653,6659
 2017/04/25-09:30,6658,6659,6641,6642
 2017/04/25-09:45,6642,6652,6640,6649
 2017/04/25-10:00,6649,6653,6645,6648
 2017/04/25-10:15,6648,6663,6647,6658
 2017/04/25-10:45,6658,6675,6657,6668
 2017/04/25-11:00,6668,6686,6668,6672
 2017/04/25-11:15,6673,6674,6656,6659
 2017/04/25-11:30,6659,6664,6654,6659
 2017/04/25-13:45,6660,6664,6655,6656
 2017/04/25-14:00,6656,6662,6647,6651
 2017/04/25-14:15,6651,6655,6647,6649
 2017/04/25-14:30,6650,6656,6648,6648
 2017/04/25-14:45,6649,6661,6642,6643
 2017/04/25-15:00,6644,6647,6640,6641
 2017/04/26-21:15,6650,6664,6637,6660
 2017/04/26-21:30,6661,6665,6655,6656
 2017/04/26-21:45,6656,6661,6653,6656
 2017/04/26-22:00,6656,6658,6641,6645
 2017/04/26-22:15,6644,6649,6643,6645
 2017/04/26-22:30,6645,6653,6645,6650
 2017/04/26-22:45,6650,6659,6649,6657
 2017/04/26-23:00,6656,6668,6650,6663
 2017/04/26-23:15,6664,6672,6661,6666
 2017/04/26-23:30,6666,6669,6649,6652
 2017/04/26-09:15,6653,6660,6651,6658
 2017/04/26-09:30,6658,6660,6651,6653
 2017/04/26-09:45,6653,6660,6648,6660
 2017/04/26-10:00,6660,6663,6657,6659
 2017/04/26-10:15,6659,6660,6650,6651
 2017/04/26-10:45,6650,6659,6650,6657
 2017/04/26-11:00,6657,6661,6656,6659
 2017/04/26-11:15,6658,6666,6658,6662
 2017/04/26-11:30,6662,6667,6658,6665
 2017/04/26-13:45,6666,6675,6663,6675
 2017/04/26-14:00,6675,6684,6670,6678
 2017/04/26-14:15,6679,6680,6673,6674
 2017/04/26-14:30,6673,6675,6666,6666
 2017/04/26-14:45,6666,6670,6665,6667
 2017/04/26-15:00,6668,6668,6659,6661
 2017/04/27-21:15,6666,6668,6645,6648
 2017/04/27-21:30,6649,6649,6621,6631
 2017/04/27-21:45,6631,6660,6626,6654
 2017/04/27-22:00,6654,6655,6644,6649
 2017/04/27-22:15,6649,6657,6646,6650
 2017/04/27-22:30,6650,6657,6648,6654
 2017/04/27-22:45,6655,6674,6652,6670
 2017/04/27-23:00,6671,6674,6662,6665
 2017/04/27-23:15,6664,6666,6650,6653
 2017/04/27-23:30,6652,6660,6650,6658
 2017/04/27-09:15,6619,6633,6595,6608
 2017/04/27-09:30,6608,6618,6604,6614
 2017/04/27-09:45,6614,6616,6609,6610
 2017/04/27-10:00,6610,6614,6605,6607
 2017/04/27-10:15,6607,6611,6603,6606
 2017/04/27-10:45,6606,6616,6604,6611
 2017/04/27-11:00,6610,6611,6602,6604
 2017/04/27-11:15,6606,6608,6601,6608
 2017/04/27-11:30,6607,6612,6604,6604
 2017/04/27-13:45,6603,6605,6596,6604
 2017/04/27-14:00,6604,6612,6602,6605
 2017/04/27-14:15,6606,6607,6603,6607
 2017/04/27-14:30,6607,6608,6598,6599
 2017/04/27-14:45,6599,6607,6598,6605
 2017/04/27-15:00,6606,6613,6602,6609
 2017/04/28-21:15,6618,6623,6608,6613
 2017/04/28-21:30,6612,6613,6608,6611
 2017/04/28-21:45,6611,6616,6606,6609
 2017/04/28-22:00,6610,6614,6607,6610
 2017/04/28-22:15,6610,6613,6604,6605
 2017/04/28-22:30,6604,6609,6603,6608
 2017/04/28-22:45,6609,6609,6604,6604
 2017/04/28-23:00,6604,6606,6602,6605
 2017/04/28-23:15,6605,6612,6603,6610
 2017/04/28-23:30,6610,6614,6606,6611
 2017/04/28-09:15,6610,6628,6608,6627
 2017/04/28-09:30,6627,6628,6620,6624
 2017/04/28-09:45,6624,6626,6614,6614
 2017/04/28-10:00,6614,6621,6613,6616
 2017/04/28-10:15,6616,6618,6613,6615
 2017/04/28-10:45,6615,6622,6615,6619
 2017/04/28-11:00,6620,6621,6615,6617
 2017/04/28-11:15,6617,6620,6614,6620
 2017/04/28-11:30,6620,6621,6616,6620
 2017/04/28-13:45,6620,6624,6601,6606
 2017/04/28-14:00,6605,6608,6599,6605
 2017/04/28-14:15,6606,6613,6590,6609
 2017/04/28-14:30,6609,6610,6599,6601
 2017/04/28-14:45,6601,6609,6600,6605
 2017/04/28-15:00,6605,6608,6600,6600
 2017/05/02-09:15,6642,6662,6638,6647
 2017/05/02-09:30,6647,6655,6644,6654
 2017/05/02-09:45,6654,6656,6648,6651
 2017/05/02-10:00,6652,6675,6651,6670
 2017/05/02-10:15,6671,6705,6667,6695
 2017/05/02-10:45,6690,6691,6679,6682
 2017/05/02-11:00,6682,6695,6680,6691
 2017/05/02-11:15,6693,6702,6690,6694
 2017/05/02-11:30,6694,6696,6685,6689
 2017/05/02-13:45,6689,6690,6683,6684
 2017/05/02-14:00,6684,6688,6683,6685
 2017/05/02-14:15,6685,6690,6683,6685
 2017/05/02-14:30,6686,6692,6685,6692
 2017/05/02-14:45,6691,6698,6689,6697
 2017/05/02-15:00,6696,6699,6681,6691
 2017/05/03-21:15,6682,6693,6679,6682
 2017/05/03-21:30,6681,6682,6672,6672
 2017/05/03-21:45,6673,6677,6668,6677
 2017/05/03-22:00,6676,6682,6674,6677
 2017/05/03-22:15,6677,6677,6672,6673
 2017/05/03-22:30,6674,6679,6671,6679
 2017/05/03-22:45,6679,6686,6676,6686
 2017/05/03-23:00,6686,6689,6685,6686
 2017/05/03-23:15,6686,6687,6683,6686
 2017/05/03-23:30,6686,6692,6684,6688
 2017/05/03-09:15,6676,6685,6673,6677
 2017/05/03-09:30,6678,6682,6671,6673
 2017/05/03-09:45,6672,6678,6671,6678
 2017/05/03-10:00,6677,6685,6677,6680
 2017/05/03-10:15,6680,6682,6678,6680
 2017/05/03-10:45,6680,6681,6677,6679
 2017/05/03-11:00,6678,6681,6674,6676
 2017/05/03-11:15,6675,6678,6673,6676
 2017/05/03-11:30,6676,6679,6675,6677
 2017/05/03-13:45,6678,6679,6656,6660
 2017/05/03-14:00,6659,6664,6656,6657
 2017/05/03-14:15,6657,6662,6653,6661
 2017/05/03-14:30,6661,6664,6659,6659
 2017/05/03-14:45,6659,6661,6657,6659
 2017/05/03-15:00,6660,6662,6655,6658
 2017/05/04-21:15,6655,6671,6645,6658
 2017/05/04-21:30,6658,6664,6656,6659
 2017/05/04-21:45,6659,6669,6654,6661
 2017/05/04-22:00,6662,6665,6656,6657
 2017/05/04-22:15,6657,6665,6657,6664
 2017/05/04-22:30,6663,6678,6660,6670
 2017/05/04-22:45,6669,6676,6666,6675
 2017/05/04-23:00,6676,6680,6673,6674
 2017/05/04-23:15,6675,6695,6675,6694
 2017/05/04-23:30,6695,6752,6695,6746
 2017/05/04-09:15,6743,6744,6713,6729
 2017/05/04-09:30,6729,6732,6722,6729
 2017/05/04-09:45,6728,6733,6722,6731
 2017/05/04-10:00,6732,6743,6729,6739
 2017/05/04-10:15,6738,6740,6731,6735
 2017/05/04-10:45,6736,6736,6725,6731
 2017/05/04-11:00,6731,6733,6724,6731
 2017/05/04-11:15,6731,6735,6727,6727
 2017/05/04-11:30,6728,6735,6723,6732
 2017/05/04-13:45,6731,6737,6727,6736
 2017/05/04-14:00,6735,6738,6726,6730
 2017/05/04-14:15,6730,6736,6728,6734
 2017/05/04-14:30,6734,6736,6716,6720
 2017/05/04-14:45,6720,6726,6704,6725
 2017/05/04-15:00,6726,6735,6722,6733
 2017/05/05-21:15,6717,6717,6686,6689
 2017/05/05-21:30,6688,6693,6677,6678
 2017/05/05-21:45,6679,6690,6677,6689
 2017/05/05-22:00,6689,6689,6683,6687
 2017/05/05-22:15,6687,6695,6686,6690
 2017/05/05-22:30,6689,6689,6672,6684
 2017/05/05-22:45,6685,6695,6685,6691
 2017/05/05-23:00,6691,6692,6680,6683
 2017/05/05-23:15,6683,6687,6680,6683
 2017/05/05-23:30,6682,6685,6663,6664
 2017/05/05-09:15,6663,6674,6656,6667
 2017/05/05-09:30,6667,6668,6654,6659
 2017/05/05-09:45,6660,6668,6658,6667
 2017/05/05-10:00,6668,6679,6666,6670
 2017/05/05-10:15,6670,6674,6669,6674
 2017/05/05-10:45,6673,6674,6667,6669
 2017/05/05-11:00,6669,6672,6668,6672
 2017/05/05-11:15,6671,6672,6662,6663
 2017/05/05-11:30,6663,6666,6660,6661
 2017/05/05-13:45,6661,6670,6659,6669
 2017/05/05-14:00,6668,6670,6653,6655
 2017/05/05-14:15,6656,6665,6653,6657
 2017/05/05-14:30,6658,6663,6655,6660
 2017/05/05-14:45,6660,6662,6657,6658
 2017/05/05-15:00,6658,6670,6656,6667
 2017/05/08-21:15,6685,6707,6683,6684
 2017/05/08-21:30,6685,6685,6676,6682
 2017/05/08-21:45,6682,6688,6679,6682
 2017/05/08-22:00,6681,6684,6676,6678
 2017/05/08-22:15,6678,6682,6677,6678
 2017/05/08-22:30,6678,6684,6678,6680
 2017/05/08-22:45,6680,6684,6679,6683
 2017/05/08-23:00,6682,6692,6682,6689
 2017/05/08-23:15,6690,6692,6687,6689
 2017/05/08-23:30,6690,6695,6681,6686
 2017/05/08-09:15,6685,6690,6663,6669
 2017/05/08-09:30,6670,6672,6633,6638
 2017/05/08-09:45,6637,6642,6623,6633
 2017/05/08-10:00,6634,6641,6628,6628
 2017/05/08-10:15,6627,6646,6625,6645
 2017/05/08-10:45,6645,6647,6639,6640
 2017/05/08-11:00,6641,6642,6634,6634
 2017/05/08-11:15,6634,6644,6634,6637
 2017/05/08-11:30,6638,6645,6637,6643
 2017/05/08-13:45,6642,6646,6637,6642
 2017/05/08-14:00,6641,6646,6639,6641
 2017/05/08-14:15,6642,6646,6632,6641
 2017/05/08-14:30,6641,6643,6632,6637
 2017/05/08-14:45,6637,6642,6635,6640
 2017/05/08-15:00,6642,6643,6635,6636
 2017/05/09-21:15,6628,6638,6614,6634
 2017/05/09-21:30,6636,6646,6634,6643
 2017/05/09-21:45,6644,6645,6638,6642
 2017/05/09-22:00,6642,6645,6640,6644
 2017/05/09-22:15,6645,6655,6644,6650
 2017/05/09-22:30,6650,6650,6644,6646
 2017/05/09-22:45,6646,6652,6645,6648
 2017/05/09-23:00,6647,6653,6645,6649
 2017/05/09-23:15,6649,6651,6646,6646
 2017/05/09-23:30,6647,6650,6644,6648
 2017/05/09-09:15,6649,6669,6648,6657
 2017/05/09-09:30,6658,6662,6652,6659
 2017/05/09-09:45,6658,6662,6656,6659
 2017/05/09-10:00,6659,6662,6658,6660
 2017/05/09-10:15,6661,6661,6640,6641
 2017/05/09-10:45,6641,6643,6636,6641
 2017/05/09-11:00,6641,6647,6640,6645
 2017/05/09-11:15,6644,6647,6642,6643
 2017/05/09-11:30,6643,6646,6642,6643
 2017/05/09-13:45,6643,6644,6634,6643
 2017/05/09-14:00,6644,6657,6641,6649
 2017/05/09-14:15,6648,6651,6646,6647
 2017/05/09-14:30,6646,6650,6642,6643
 2017/05/09-14:45,6643,6646,6641,6643
 2017/05/09-15:00,6643,6654,6642,6646
 2017/05/10-21:15,6663,6669,6649,6657
 2017/05/10-21:30,6657,6661,6651,6652
 2017/05/10-21:45,6652,6653,6636,6641
 2017/05/10-22:00,6641,6646,6638,6642
 2017/05/10-22:15,6641,6644,6638,6639
 2017/05/10-22:30,6639,6643,6628,6642
 2017/05/10-22:45,6642,6655,6641,6653
 2017/05/10-23:00,6655,6655,6649,6650
 2017/05/10-23:15,6650,6653,6647,6649
 2017/05/10-23:30,6648,6651,6640,6643
 2017/05/10-09:15,6642,6648,6610,6616
 2017/05/10-09:30,6616,6624,6612,6618
 2017/05/10-09:45,6619,6625,6616,6621
 2017/05/10-10:00,6621,6624,6616,6616
 2017/05/10-10:15,6617,6620,6613,6616
 2017/05/10-10:45,6615,6621,6615,6620
 2017/05/10-11:00,6620,6623,6615,6618
 2017/05/10-11:15,6618,6630,6615,6627
 2017/05/10-11:30,6629,6633,6626,6628
 2017/05/10-13:45,6629,6632,6621,6622
 2017/05/10-14:00,6622,6627,6620,6623
 2017/05/10-14:15,6624,6625,6616,6618
 2017/05/10-14:30,6617,6634,6617,6631
 2017/05/10-14:45,6631,6635,6628,6630
 2017/05/10-15:00,6630,6638,6622,6627
 2017/05/11-21:15,6641,6651,6631,6634
 2017/05/11-21:30,6635,6638,6629,6636
 2017/05/11-21:45,6635,6646,6635,6642
 2017/05/11-22:00,6642,6659,6636,6655
 2017/05/11-22:15,6655,6668,6650,6656
 2017/05/11-22:30,6657,6675,6655,6661
 2017/05/11-22:45,6661,6666,6655,6658
 2017/05/11-23:00,6658,6664,6656,6664
 2017/05/11-23:15,6664,6665,6659,6661
 2017/05/11-23:30,6661,6669,6656,6668
 2017/05/11-09:15,6672,6678,6664,6665
 2017/05/11-09:30,6665,6668,6661,6667
 2017/05/11-09:45,6667,6673,6663,6666
 2017/05/11-10:00,6665,6698,6665,6685
 2017/05/11-10:15,6683,6692,6677,6679
 2017/05/11-10:45,6679,6686,6679,6681
 2017/05/11-11:00,6681,6687,6681,6687
 2017/05/11-11:15,6687,6691,6683,6683
 2017/05/11-11:30,6683,6685,6676,6677
 2017/05/11-13:45,6677,6678,6671,6673
 2017/05/11-14:00,6674,6674,6661,6667
 2017/05/11-14:15,6666,6679,6665,6670
 2017/05/11-14:30,6669,6675,6669,6674
 2017/05/11-14:45,6675,6678,6668,6674
 2017/05/11-15:00,6674,6674,6661,6667
 2017/05/12-21:15,6654,6666,6653,6660
 2017/05/12-21:30,6659,6662,6655,6659
 2017/05/12-21:45,6659,6662,6657,6659
 2017/05/12-22:00,6658,6661,6645,6645
 2017/05/12-22:15,6645,6652,6643,6649
 2017/05/12-22:30,6649,6650,6640,6645
 2017/05/12-22:45,6644,6650,6644,6646
 2017/05/12-23:00,6646,6648,6643,6648
 2017/05/12-23:15,6648,6651,6647,6648
 2017/05/12-23:30,6648,6655,6646,6653
 2017/05/12-09:15,6652,6652,6643,6646
 2017/05/12-09:30,6647,6650,6638,6645
 2017/05/12-09:45,6644,6648,6640,6643
 2017/05/12-10:00,6642,6644,6626,6628
 2017/05/12-10:15,6628,6636,6625,6632
 2017/05/12-10:45,6633,6637,6630,6635
 2017/05/12-11:00,6635,6639,6630,6634
 2017/05/12-11:15,6634,6641,6634,6636
 2017/05/12-11:30,6636,6638,6635,6635
 2017/05/12-13:45,6636,6644,6632,6640
 2017/05/12-14:00,6640,6644,6639,6639
 2017/05/12-14:15,6639,6641,6636,6638
 2017/05/12-14:30,6639,6647,6636,6640
 2017/05/12-14:45,6640,6643,6637,6640
 2017/05/12-15:00,6642,6658,6640,6653
 2017/05/15-21:15,6648,6680,6648,6674
 2017/05/15-21:30,6675,6675,6662,6666
 2017/05/15-21:45,6667,6671,6656,6661
 2017/05/15-22:00,6660,6663,6654,6660
 2017/05/15-22:15,6659,6663,6659,6662
 2017/05/15-22:30,6661,6668,6659,6662
 2017/05/15-22:45,6661,6662,6651,6658
 2017/05/15-23:00,6658,6663,6657,6663
 2017/05/15-23:15,6663,6671,6661,6668
 2017/05/15-23:30,6668,6675,6665,6675
 2017/05/15-09:15,6664,6706,6664,6697
 2017/05/15-09:30,6697,6702,6684,6689
 2017/05/15-09:45,6690,6693,6686,6689
 2017/05/15-10:00,6688,6692,6684,6692
 2017/05/15-10:15,6692,6695,6685,6691
 2017/05/15-10:45,6690,6693,6689,6691
 2017/05/15-11:00,6690,6692,6681,6690
 2017/05/15-11:15,6691,6694,6685,6686
 2017/05/15-11:30,6687,6691,6683,6690
 2017/05/15-13:45,6689,6691,6684,6686
 2017/05/15-14:00,6686,6690,6684,6687
 2017/05/15-14:15,6688,6690,6686,6687
 2017/05/15-14:30,6686,6692,6685,6692
 2017/05/15-14:45,6692,6694,6687,6688
 2017/05/15-15:00,6688,6692,6675,6687
 2017/05/16-21:15,6722,6729,6701,6709
 2017/05/16-21:30,6709,6710,6695,6697
 2017/05/16-21:45,6698,6702,6692,6697
 2017/05/16-22:00,6697,6702,6694,6695
 2017/05/16-22:15,6694,6697,6686,6691
 2017/05/16-22:30,6690,6692,6689,6690
 2017/05/16-22:45,6691,6692,6688,6688
 2017/05/16-23:00,6689,6692,6687,6689
 2017/05/16-23:15,6689,6694,6688,6690
 2017/05/16-23:30,6691,6710,6691,6707
 2017/05/16-09:15,6701,6701,6684,6687
 2017/05/16-09:30,6686,6689,6683,6686
 2017/05/16-09:45,6687,6688,6672,6673
 2017/05/16-10:00,6673,6684,6670,6678
 2017/05/16-10:15,6678,6686,6677,6685
 2017/05/16-10:45,6685,6685,6681,6684
 2017/05/16-11:00,6684,6687,6678,6680
 2017/05/16-11:15,6680,6691,6680,6685
 2017/05/16-11:30,6685,6689,6683,6687
 2017/05/16-13:45,6688,6701,6687,6697
 2017/05/16-14:00,6697,6700,6691,6693
 2017/05/16-14:15,6694,6697,6691,6693
 2017/05/16-14:30,6694,6696,6688,6696
 2017/05/16-14:45,6696,6698,6692,6695
 2017/05/16-15:00,6695,6700,6692,6692
 2017/05/17-21:15,6708,6713,6695,6699
 2017/05/17-21:30,6699,6705,6696,6697
 2017/05/17-21:45,6697,6702,6693,6696
 2017/05/17-22:00,6697,6703,6696,6701
 2017/05/17-22:15,6702,6709,6700,6705
 2017/05/17-22:30,6706,6707,6700,6706
 2017/05/17-22:45,6706,6708,6703,6705
 2017/05/17-23:00,6706,6707,6704,6706
 2017/05/17-23:15,6706,6708,6693,6697
 2017/05/17-23:30,6697,6701,6696,6699
 2017/05/17-09:15,6708,6723,6703,6720
 2017/05/17-09:30,6720,6733,6719,6731
 2017/05/17-09:45,6731,6733,6723,6726
 2017/05/17-10:00,6726,6729,6713,6718
 2017/05/17-10:15,6719,6723,6715,6721
 2017/05/17-10:45,6722,6726,6719,6724
 2017/05/17-11:00,6724,6727,6722,6725
 2017/05/17-11:15,6725,6740,6725,6739
 2017/05/17-11:30,6738,6739,6727,6737
 2017/05/17-13:45,6736,6739,6729,6737
 2017/05/17-14:00,6737,6751,6728,6732
 2017/05/17-14:15,6732,6738,6730,6737
 2017/05/17-14:30,6736,6739,6735,6735
 2017/05/17-14:45,6735,6743,6734,6741
 2017/05/17-15:00,6741,6750,6734,6746
 2017/05/18-21:15,6755,6761,6745,6752
 2017/05/18-21:30,6752,6760,6752,6759
 2017/05/18-21:45,6759,6759,6735,6737
 2017/05/18-22:00,6737,6741,6734,6738
 2017/05/18-22:15,6738,6739,6721,6725
 2017/05/18-22:30,6723,6730,6722,6728
 2017/05/18-22:45,6729,6737,6727,6735
 2017/05/18-23:00,6734,6735,6726,6727
 2017/05/18-23:15,6726,6736,6725,6729
 2017/05/18-23:30,6729,6735,6728,6732
 2017/05/18-09:15,6749,6749,6729,6736
 2017/05/18-09:30,6736,6747,6735,6742
 2017/05/18-09:45,6742,6760,6739,6756
 2017/05/18-10:00,6756,6763,6750,6755
 2017/05/18-10:15,6755,6757,6750,6750
 2017/05/18-10:45,6751,6753,6746,6746
 2017/05/18-11:00,6747,6748,6725,6731
 2017/05/18-11:15,6731,6735,6728,6733
 2017/05/18-11:30,6733,6737,6731,6733
 2017/05/18-13:45,6733,6740,6730,6733
 2017/05/18-14:00,6733,6738,6731,6733
 2017/05/18-14:15,6733,6734,6722,6732
 2017/05/18-14:30,6731,6732,6723,6728
 2017/05/18-14:45,6727,6729,6709,6712
 2017/05/18-15:00,6712,6729,6701,6717
 2017/05/19-21:15,6681,6715,6675,6709
 2017/05/19-21:30,6709,6714,6703,6712
 2017/05/19-21:45,6713,6713,6706,6708
 2017/05/19-22:00,6708,6711,6707,6709
 2017/05/19-22:15,6709,6717,6704,6716
 2017/05/19-22:30,6717,6727,6714,6726
 2017/05/19-22:45,6726,6742,6725,6728
 2017/05/19-23:00,6730,6735,6726,6730
 2017/05/19-23:15,6730,6740,6729,6737
 2017/05/19-23:30,6736,6739,6732,6737
 2017/05/19-09:15,6730,6736,6724,6728
 2017/05/19-09:30,6729,6729,6712,6714
 2017/05/19-09:45,6714,6721,6712,6718
 2017/05/19-10:00,6717,6724,6713,6724
 2017/05/19-10:15,6724,6728,6721,6722
 2017/05/19-10:45,6722,6725,6719,6721
 2017/05/19-11:00,6721,6731,6718,6728
 2017/05/19-11:15,6728,6731,6726,6727
 2017/05/19-11:30,6726,6728,6723,6724
 2017/05/19-13:45,6725,6734,6724,6728
 2017/05/19-14:00,6729,6737,6728,6736
 2017/05/19-14:15,6737,6742,6728,6733
 2017/05/19-14:30,6733,6738,6733,6736
 2017/05/19-14:45,6737,6738,6732,6735
 2017/05/19-15:00,6736,6743,6731,6734
 2017/05/22-21:15,6750,6761,6739,6759
 2017/05/22-21:30,6758,6761,6753,6754
 2017/05/22-21:45,6754,6765,6752,6760
 2017/05/22-22:00,6761,6762,6735,6740
 2017/05/22-22:15,6739,6746,6732,6738
 2017/05/22-22:30,6738,6755,6736,6748
 2017/05/22-22:45,6748,6749,6741,6743
 2017/05/22-23:00,6742,6751,6734,6742
 2017/05/22-23:15,6742,6745,6738,6743
 2017/05/22-23:30,6744,6746,6740,6740
 2017/05/22-09:15,6744,6756,6742,6756
 2017/05/22-09:30,6756,6757,6748,6753
 2017/05/22-09:45,6753,6763,6753,6755
 2017/05/22-10:00,6755,6756,6729,6746
 2017/05/22-10:15,6746,6748,6742,6748
 2017/05/22-10:45,6749,6779,6697,6697
 2017/05/22-11:00,6699,6711,6654,6670
 2017/05/22-11:15,6671,6696,6669,6690
 2017/05/22-11:30,6690,6698,6687,6697
 2017/05/22-13:45,6696,6724,6694,6708
 2017/05/22-14:00,6709,6713,6702,6709
 2017/05/22-14:15,6709,6713,6705,6709
 2017/05/22-14:30,6709,6710,6695,6695
 2017/05/22-14:45,6695,6705,6694,6701
 2017/05/22-15:00,6701,6704,6678,6680
 2017/05/23-21:15,6690,6694,6677,6687
 2017/05/23-21:30,6688,6692,6681,6692
 2017/05/23-21:45,6692,6697,6687,6690
 2017/05/23-22:00,6691,6691,6686,6688
 2017/05/23-22:15,6687,6692,6686,6689
 2017/05/23-22:30,6689,6695,6686,6687
 2017/05/23-22:45,6687,6691,6687,6689
 2017/05/23-23:00,6689,6693,6689,6691
 2017/05/23-23:15,6691,6694,6689,6691
 2017/05/23-23:30,6691,6696,6687,6688
 2017/05/23-09:15,6688,6695,6681,6688
 2017/05/23-09:30,6688,6688,6677,6682
 2017/05/23-09:45,6683,6692,6673,6690
 2017/05/23-10:00,6691,6691,6686,6687
 2017/05/23-10:15,6687,6691,6686,6690
 2017/05/23-10:45,6689,6690,6683,6688
 2017/05/23-11:00,6687,6697,6686,6692
 2017/05/23-11:15,6692,6695,6691,6695
 2017/05/23-11:30,6695,6701,6691,6697
 2017/05/23-13:45,6706,6714,6696,6703
 2017/05/23-14:00,6704,6705,6693,6695
 2017/05/23-14:15,6695,6703,6695,6699
 2017/05/23-14:30,6699,6707,6699,6704
 2017/05/23-14:45,6703,6709,6702,6707
 2017/05/23-15:00,6707,6716,6700,6703
 2017/05/24-21:15,6700,6703,6687,6688
 2017/05/24-21:30,6688,6692,6684,6689
 2017/05/24-21:45,6689,6693,6688,6690
 2017/05/24-22:00,6688,6696,6686,6690
 2017/05/24-22:15,6690,6692,6687,6691
 2017/05/24-22:30,6691,6701,6691,6694
 2017/05/24-22:45,6695,6699,6692,6696
 2017/05/24-23:00,6695,6701,6695,6699
 2017/05/24-23:15,6699,6699,6694,6695
 2017/05/24-23:30,6696,6699,6693,6696
 2017/05/24-09:15,6680,6680,6659,6662
 2017/05/24-09:30,6663,6668,6655,6664
 2017/05/24-09:45,6663,6670,6662,6667
 2017/05/24-10:00,6668,6688,6664,6682
 2017/05/24-10:15,6682,6685,6676,6681
 2017/05/24-10:45,6681,6681,6674,6675
 2017/05/24-11:00,6676,6678,6671,6671
 2017/05/24-11:15,6671,6674,6659,6661
 2017/05/24-11:30,6661,6668,6659,6666
 2017/05/24-13:45,6666,6673,6662,6670
 2017/05/24-14:00,6669,6670,6662,6664
 2017/05/24-14:15,6664,6673,6663,6668
 2017/05/24-14:30,6669,6669,6660,6662
 2017/05/24-14:45,6663,6671,6661,6669
 2017/05/24-15:00,6668,6669,6662,6662
 2017/05/25-21:15,6649,6683,6641,6665
 2017/05/25-21:30,6665,6674,6663,6672
 2017/05/25-21:45,6673,6677,6665,6667
 2017/05/25-22:00,6668,6672,6667,6669
 2017/05/25-22:15,6668,6673,6666,6667
 2017/05/25-22:30,6668,6671,6666,6667
 2017/05/25-22:45,6667,6669,6665,6667
 2017/05/25-23:00,6667,6673,6667,6672
 2017/05/25-23:15,6671,6671,6663,6664
 2017/05/25-23:30,6665,6670,6662,6669
 2017/05/25-09:15,6677,6680,6655,6658
 2017/05/25-09:30,6658,6658,6650,6654
 2017/05/25-09:45,6655,6671,6650,6663
 2017/05/25-10:00,6662,6673,6661,6666
 2017/05/25-10:15,6666,6668,6664,6668
 2017/05/25-10:45,6667,6670,6664,6665
 2017/05/25-11:00,6666,6667,6664,6664
 2017/05/25-11:15,6664,6667,6660,6662
 2017/05/25-11:30,6662,6667,6660,6666
 2017/05/25-13:45,6665,6669,6664,6668
 2017/05/25-14:00,6666,6673,6666,6671
 2017/05/25-14:15,6671,6678,6665,6666
 2017/05/25-14:30,6666,6668,6663,6667
 2017/05/25-14:45,6667,6669,6665,6665
 2017/05/25-15:00,6665,6672,6660,6661
 2017/05/26-21:15,6660,6664,6630,6642
 2017/05/26-21:30,6642,6659,6637,6653
 2017/05/26-21:45,6652,6653,6644,6644
 2017/05/26-22:00,6645,6648,6644,6647
 2017/05/26-22:15,6647,6647,6643,6645
 2017/05/26-22:30,6645,6649,6644,6649
 2017/05/26-22:45,6648,6650,6646,6649
 2017/05/26-23:00,6648,6653,6648,6650
 2017/05/26-23:15,6650,6653,6648,6650
 2017/05/26-23:30,6648,6652,6646,6649
 2017/05/26-09:15,6648,6652,6645,6649
 2017/05/26-09:30,6650,6660,6647,6656
 2017/05/26-09:45,6656,6659,6648,6650
 2017/05/26-10:00,6649,6652,6642,6644
 2017/05/26-10:15,6645,6647,6644,6645
 2017/05/26-10:45,6645,6646,6642,6644
 2017/05/26-11:00,6644,6652,6644,6652
 2017/05/26-11:15,6652,6655,6650,6654
 2017/05/26-11:30,6655,6658,6652,6654
 2017/05/26-13:45,6654,6656,6652,6653
 2017/05/26-14:00,6653,6655,6651,6652
 2017/05/26-14:15,6652,6652,6648,6649
 2017/05/26-14:30,6649,6652,6647,6650
 2017/05/26-14:45,6650,6651,6644,6645
 2017/05/26-15:00,6644,6649,6644,6645
 2017/06/01-21:15,6555,6565,6521,6549
 2017/06/01-21:30,6550,6550,6536,6541
 2017/06/01-21:45,6541,6545,6538,6545
 2017/06/01-22:00,6544,6547,6540,6542
 2017/06/01-22:15,6541,6544,6538,6540
 2017/06/01-22:30,6539,6543,6538,6543
 2017/06/01-22:45,6542,6545,6541,6543
 2017/06/01-23:00,6542,6543,6539,6543
 2017/06/01-23:15,6542,6543,6539,6540
 2017/06/01-23:30,6541,6547,6538,6545
 2017/06/01-09:15,6546,6561,6543,6557
 2017/06/01-09:30,6558,6563,6556,6562
 2017/06/01-09:45,6562,6574,6556,6564
 2017/06/01-10:00,6565,6567,6562,6563
 2017/06/01-10:15,6563,6568,6562,6566
 2017/06/01-10:45,6567,6570,6564,6566
 2017/06/01-11:00,6565,6569,6564,6568
 2017/06/01-11:15,6567,6577,6566,6574
 2017/06/01-11:30,6574,6578,6567,6576
 2017/06/01-13:45,6575,6580,6572,6579
 2017/06/01-14:00,6580,6599,6579,6591
 2017/06/01-14:15,6591,6593,6576,6577
 2017/06/01-14:30,6576,6583,6576,6578
 2017/06/01-14:45,6579,6584,6577,6584
 2017/06/01-15:00,6583,6587,6574,6586
 2017/06/02-21:15,6578,6584,6572,6577
 2017/06/02-21:30,6577,6585,6574,6581
 2017/06/02-21:45,6581,6584,6575,6583
 2017/06/02-22:00,6583,6588,6577,6578
 2017/06/02-22:15,6578,6582,6573,6580
 2017/06/02-22:30,6579,6580,6572,6576
 2017/06/02-22:45,6577,6579,6569,6572
 2017/06/02-23:00,6572,6582,6569,6581
 2017/06/02-23:15,6581,6585,6580,6583
 2017/06/02-23:30,6583,6590,6577,6587
 2017/06/02-09:15,6574,6575,6560,6572
 2017/06/02-09:30,6572,6575,6567,6568
 2017/06/02-09:45,6569,6575,6569,6575
 2017/06/02-10:00,6575,6575,6568,6569
 2017/06/02-10:15,6568,6572,6565,6567
 2017/06/02-10:45,6567,6568,6560,6561
 2017/06/02-11:00,6561,6563,6556,6558
 2017/06/02-11:15,6557,6558,6553,6556
 2017/06/02-11:30,6556,6560,6554,6560
 2017/06/02-13:45,6559,6566,6557,6562
 2017/06/02-14:00,6562,6564,6560,6562
 2017/06/02-14:15,6561,6567,6560,6563
 2017/06/02-14:30,6564,6565,6562,6564
 2017/06/02-14:45,6564,6574,6562,6571
 2017/06/02-15:00,6571,6585,6569,6585
 2017/06/05-21:15,6588,6599,6577,6582
 2017/06/05-21:30,6582,6589,6581,6587
 2017/06/05-21:45,6587,6593,6585,6590
 2017/06/05-22:00,6591,6593,6584,6590
 2017/06/05-22:15,6591,6630,6589,6622
 2017/06/05-22:30,6623,6625,6612,6613
 2017/06/05-22:45,6614,6622,6610,6620
 2017/06/05-23:00,6619,6623,6614,6615
 2017/06/05-23:15,6616,6616,6610,6612
 2017/06/05-23:30,6612,6613,6592,6597
 2017/06/05-09:15,6584,6585,6557,6564
 2017/06/05-09:30,6563,6566,6559,6564
 2017/06/05-09:45,6563,6563,6555,6557
 2017/06/05-10:00,6557,6560,6548,6551
 2017/06/05-10:15,6550,6555,6548,6548
 2017/06/05-10:45,6548,6555,6547,6552
 2017/06/05-11:00,6552,6560,6552,6558
 2017/06/05-11:15,6559,6564,6554,6559
 2017/06/05-11:30,6560,6565,6557,6559
 2017/06/05-13:45,6559,6559,6555,6557
 2017/06/05-14:00,6557,6564,6556,6560
 2017/06/05-14:15,6560,6563,6560,6561
 2017/06/05-14:30,6562,6567,6561,6562
 2017/06/05-14:45,6562,6565,6561,6561
 2017/06/05-15:00,6562,6565,6560,6562
 2017/06/06-21:15,6573,6578,6562,6564
 2017/06/06-21:30,6564,6568,6556,6563
 2017/06/06-21:45,6563,6564,6553,6560
 2017/06/06-22:00,6560,6587,6560,6578
 2017/06/06-22:15,6577,6583,6575,6576
 2017/06/06-22:30,6576,6582,6575,6582
 2017/06/06-22:45,6582,6583,6576,6578
 2017/06/06-23:00,6578,6583,6576,6581
 2017/06/06-23:15,6580,6580,6577,6577
 2017/06/06-23:30,6578,6586,6577,6579
 2017/06/06-09:15,6571,6586,6571,6575
 2017/06/06-09:30,6575,6579,6558,6560
 2017/06/06-09:45,6560,6563,6554,6557
 2017/06/06-10:00,6557,6557,6546,6551
 2017/06/06-10:15,6551,6553,6542,6542
 2017/06/06-10:45,6542,6547,6540,6544
 2017/06/06-11:00,6544,6555,6543,6546
 2017/06/06-11:15,6544,6548,6536,6547
 2017/06/06-11:30,6547,6552,6546,6548
 2017/06/06-13:45,6550,6562,6550,6560
 2017/06/06-14:00,6560,6577,6556,6568
 2017/06/06-14:15,6568,6574,6566,6566
 2017/06/06-14:30,6567,6575,6564,6572
 2017/06/06-14:45,6573,6575,6571,6573
 2017/06/06-15:00,6574,6576,6568,6574
 2017/06/07-21:15,6568,6575,6557,6569
 2017/06/07-21:30,6568,6582,6566,6576
 2017/06/07-21:45,6576,6581,6575,6579
 2017/06/07-22:00,6579,6580,6573,6577
 2017/06/07-22:15,6577,6580,6575,6578
 2017/06/07-22:30,6577,6579,6575,6577
 2017/06/07-22:45,6577,6579,6575,6575
 2017/06/07-23:00,6575,6577,6570,6571
 2017/06/07-23:15,6572,6579,6570,6579
 2017/06/07-23:30,6579,6598,6577,6593
 2017/06/07-09:15,6593,6611,6592,6604
 2017/06/07-09:30,6604,6610,6598,6601
 2017/06/07-09:45,6601,6608,6599,6604
 2017/06/07-10:00,6605,6606,6600,6603
 2017/06/07-10:15,6603,6609,6598,6604
 2017/06/07-10:45,6603,6609,6602,6605
 2017/06/07-11:00,6605,6608,6603,6605
 2017/06/07-11:15,6605,6607,6603,6607
 2017/06/07-11:30,6607,6609,6603,6609
 2017/06/07-13:45,6608,6609,6598,6601
 2017/06/07-14:00,6601,6608,6600,6605
 2017/06/07-14:15,6604,6616,6604,6608
 2017/06/07-14:30,6609,6611,6604,6606
 2017/06/07-14:45,6606,6609,6604,6608
 2017/06/07-15:00,6609,6612,6603,6611
 2017/06/08-21:15,6610,6618,6605,6617
 2017/06/08-21:30,6618,6620,6615,6619
 2017/06/08-21:45,6620,6622,6610,6614
 2017/06/08-22:00,6614,6616,6609,6611
 2017/06/08-22:15,6610,6611,6604,6607
 2017/06/08-22:30,6607,6614,6604,6606
 2017/06/08-22:45,6605,6606,6594,6600
 2017/06/08-23:00,6600,6605,6591,6599
 2017/06/08-23:15,6598,6603,6598,6599
 2017/06/08-23:30,6599,6604,6596,6599
 2017/06/08-09:15,6608,6613,6605,6608
 2017/06/08-09:30,6610,6612,6608,6611
 2017/06/08-09:45,6612,6615,6608,6609
 2017/06/08-10:00,6609,6610,6602,6603
 2017/06/08-10:15,6603,6607,6602,6604
 2017/06/08-10:45,6604,6606,6601,6604
 2017/06/08-11:00,6605,6610,6603,6608
 2017/06/08-11:15,6608,6614,6605,6612
 2017/06/08-11:30,6612,6615,6611,6614
 2017/06/08-13:45,6616,6639,6613,6626
 2017/06/08-14:00,6626,6628,6614,6618
 2017/06/08-14:15,6618,6618,6613,6615
 2017/06/08-14:30,6614,6616,6609,6615
 2017/06/08-14:45,6616,6618,6614,6616
 2017/06/08-15:00,6616,6628,6615,6626
 2017/06/09-21:15,6619,6633,6619,6628
 2017/06/09-21:30,6629,6630,6622,6626
 2017/06/09-21:45,6626,6629,6624,6629
 2017/06/09-22:00,6629,6639,6628,6630
 2017/06/09-22:15,6630,6631,6627,6629
 2017/06/09-22:30,6629,6631,6625,6629
 2017/06/09-22:45,6629,6632,6628,6632
 2017/06/09-23:00,6632,6638,6632,6638
 2017/06/09-23:15,6638,6645,6638,6641
 2017/06/09-23:30,6641,6645,6638,6642
 2017/06/09-09:15,6648,6662,6648,6661
 2017/06/09-09:30,6662,6667,6658,6663
 2017/06/09-09:45,6664,6670,6661,6664
 2017/06/09-10:00,6662,6679,6661,6679
 2017/06/09-10:15,6679,6680,6667,6673
 2017/06/09-10:45,6673,6673,6664,6665
 2017/06/09-11:00,6665,6668,6664,6665
 2017/06/09-11:15,6666,6668,6660,6667
 2017/06/09-11:30,6668,6669,6664,6664
 2017/06/09-13:45,6664,6673,6664,6670
 2017/06/09-14:00,6670,6672,6667,6672
 2017/06/09-14:15,6672,6683,6670,6682
 2017/06/09-14:30,6681,6682,6674,6676
 2017/06/09-14:45,6676,6679,6674,6678
 2017/06/09-15:00,6678,6681,6674,6679
 2017/06/12-21:15,6661,6672,6661,6667
 2017/06/12-21:30,6667,6668,6660,6663
 2017/06/12-21:45,6663,6667,6660,6665
 2017/06/12-22:00,6665,6671,6665,6670
 2017/06/12-22:15,6670,6672,6668,6669
 2017/06/12-22:30,6669,6670,6666,6669
 2017/06/12-22:45,6668,6670,6668,6668
 2017/06/12-23:00,6668,6670,6667,6668
 2017/06/12-23:15,6667,6670,6661,6664
 2017/06/12-23:30,6665,6670,6664,6667
 2017/06/12-09:15,6658,6668,6655,6664
 2017/06/12-09:30,6665,6665,6655,6656
 2017/06/12-09:45,6656,6658,6651,6652
 2017/06/12-10:00,6652,6656,6652,6655
 2017/06/12-10:15,6655,6657,6654,6657
 2017/06/12-10:45,6657,6658,6652,6654
 2017/06/12-11:00,6655,6657,6654,6656
 2017/06/12-11:15,6655,6657,6654,6656
 2017/06/12-11:30,6656,6658,6654,6657
 2017/06/12-13:45,6657,6657,6650,6655
 2017/06/12-14:00,6655,6660,6652,6658
 2017/06/12-14:15,6657,6662,6655,6657
 2017/06/12-14:30,6657,6660,6656,6659
 2017/06/12-14:45,6660,6661,6656,6658
 2017/06/12-15:00,6658,6659,6642,6647
 2017/06/13-21:15,6651,6656,6622,6626
 2017/06/13-21:30,6624,6633,6620,6630
 2017/06/13-21:45,6630,6632,6624,6627
 2017/06/13-22:00,6627,6629,6621,6622
 2017/06/13-22:15,6622,6628,6616,6625
 2017/06/13-22:30,6625,6625,6612,6618
 2017/06/13-22:45,6619,6623,6615,6617
 2017/06/13-23:00,6617,6620,6610,6610
 2017/06/13-23:15,6610,6618,6609,6613
 2017/06/13-23:30,6612,6616,6606,6606
 2017/06/13-09:15,6606,6614,6604,6610
 2017/06/13-09:30,6610,6616,6606,6615
 2017/06/13-09:45,6615,6620,6613,6618
 2017/06/13-10:00,6618,6622,6616,6619
 2017/06/13-10:15,6620,6620,6616,6618
 2017/06/13-10:45,6620,6621,6615,6617
 2017/06/13-11:00,6617,6618,6613,6613
 2017/06/13-11:15,6613,6613,6606,6612
 2017/06/13-11:30,6612,6612,6608,6610
 2017/06/13-13:45,6611,6612,6602,6602
 2017/06/13-14:00,6601,6603,6585,6586
 2017/06/13-14:15,6587,6598,6585,6594
 2017/06/13-14:30,6594,6595,6590,6592
 2017/06/13-14:45,6592,6597,6591,6595
 2017/06/13-15:00,6595,6608,6593,6605
 2017/06/14-21:15,6606,6616,6591,6595
 2017/06/14-21:30,6595,6601,6593,6595
 2017/06/14-21:45,6595,6606,6594,6605
 2017/06/14-22:00,6605,6610,6604,6610
 2017/06/14-22:15,6611,6615,6602,6607
 2017/06/14-22:30,6608,6610,6607,6610
 2017/06/14-22:45,6610,6611,6606,6610
 2017/06/14-23:00,6610,6611,6606,6606
 2017/06/14-23:15,6606,6609,6605,6606
 2017/06/14-23:30,6606,6608,6600,6604
 2017/06/14-09:15,6596,6600,6581,6588
 2017/06/14-09:30,6588,6594,6587,6594
 2017/06/14-09:45,6592,6598,6592,6595
 2017/06/14-10:00,6595,6596,6591,6591
 2017/06/14-10:15,6591,6595,6587,6593
 2017/06/14-10:45,6594,6596,6591,6591
 2017/06/14-11:00,6591,6593,6582,6583
 2017/06/14-11:15,6583,6589,6581,6586
 2017/06/14-11:30,6586,6592,6584,6588
 2017/06/14-13:45,6589,6602,6588,6599
 2017/06/14-14:00,6599,6600,6595,6595
 2017/06/14-14:15,6595,6606,6587,6600
 2017/06/14-14:30,6601,6605,6597,6603
 2017/06/14-14:45,6604,6604,6601,6604
 2017/06/14-15:00,6604,6611,6603,6611
 2017/06/15-21:15,6598,6605,6595,6598
 2017/06/15-21:30,6599,6604,6595,6599
 2017/06/15-21:45,6599,6609,6597,6607
 2017/06/15-22:00,6607,6635,6606,6630
 2017/06/15-22:15,6630,6634,6620,6621
 2017/06/15-22:30,6621,6625,6616,6616
 2017/06/15-22:45,6617,6617,6611,6613
 2017/06/15-23:00,6612,6618,6608,6615
 2017/06/15-23:15,6614,6622,6613,6617
 2017/06/15-23:30,6616,6623,6614,6620
 2017/06/15-09:15,6618,6619,6606,6607
 2017/06/15-09:30,6606,6614,6606,6610
 2017/06/15-09:45,6609,6613,6608,6612
 2017/06/15-10:00,6612,6617,6603,6607
 2017/06/15-10:15,6607,6607,6603,6606
 2017/06/15-10:45,6605,6608,6602,6608
 2017/06/15-11:00,6609,6611,6607,6611
 2017/06/15-11:15,6610,6614,6608,6614
 2017/06/15-11:30,6613,6614,6608,6609
 2017/06/15-13:45,6609,6614,6608,6614
 2017/06/15-14:00,6614,6614,6607,6607
 2017/06/15-14:15,6607,6621,6606,6617
 2017/06/15-14:30,6618,6620,6611,6613
 2017/06/15-14:45,6612,6614,6602,6603
 2017/06/15-15:00,6603,6607,6592,6598
 2017/06/16-21:15,6600,6603,6549,6557
 2017/06/16-21:30,6557,6572,6555,6566
 2017/06/16-21:45,6566,6574,6566,6571
 2017/06/16-22:00,6571,6571,6562,6563
 2017/06/16-22:15,6562,6573,6558,6569
 2017/06/16-22:30,6569,6577,6569,6576
 2017/06/16-22:45,6576,6594,6575,6584
 2017/06/16-23:00,6584,6585,6578,6579
 2017/06/16-23:15,6578,6585,6578,6585
 2017/06/16-23:30,6585,6588,6583,6586
 2017/06/16-09:15,6586,6587,6575,6575
 2017/06/16-09:30,6575,6578,6572,6573
 2017/06/16-09:45,6572,6574,6566,6573
 2017/06/16-10:00,6573,6592,6568,6588
 2017/06/16-10:15,6589,6605,6585,6597
 2017/06/16-10:45,6597,6597,6583,6584
 2017/06/16-11:00,6585,6589,6582,6588
 2017/06/16-11:15,6588,6589,6579,6582
 2017/06/16-11:30,6582,6586,6579,6584
 2017/06/16-13:45,6585,6589,6584,6586
 2017/06/16-14:00,6586,6586,6573,6576
 2017/06/16-14:15,6576,6576,6570,6573
 2017/06/16-14:30,6572,6575,6570,6574
 2017/06/16-14:45,6574,6580,6571,6577
 2017/06/16-15:00,6577,6579,6570,6574
 2017/06/19-21:15,6571,6585,6562,6580
 2017/06/19-21:30,6581,6583,6576,6576
 2017/06/19-21:45,6576,6580,6575,6578
 2017/06/19-22:00,6578,6580,6568,6572
 2017/06/19-22:15,6571,6573,6567,6573
 2017/06/19-22:30,6572,6573,6563,6565
 2017/06/19-22:45,6565,6567,6548,6557
 2017/06/19-23:00,6555,6556,6525,6528
 2017/06/19-23:15,6528,6532,6513,6529
 2017/06/19-23:30,6530,6532,6519,6520
 2017/06/19-09:15,6520,6524,6500,6504
 2017/06/19-09:30,6504,6516,6502,6513
 2017/06/19-09:45,6512,6521,6510,6514
 2017/06/19-10:00,6513,6516,6506,6513
 2017/06/19-10:15,6513,6518,6510,6512
 2017/06/19-10:45,6512,6538,6512,6534
 2017/06/19-11:00,6534,6545,6532,6536
 2017/06/19-11:15,6536,6542,6534,6540
 2017/06/19-11:30,6540,6545,6538,6544
 2017/06/19-13:45,6544,6545,6531,6531
 2017/06/19-14:00,6532,6536,6530,6535
 2017/06/19-14:15,6536,6540,6525,6536
 2017/06/19-14:30,6537,6541,6534,6536
 2017/06/19-14:45,6536,6540,6536,6538
 2017/06/19-15:00,6539,6542,6530,6532
 2017/06/20-21:15,6531,6539,6518,6519
 2017/06/20-21:30,6520,6532,6520,6531
 2017/06/20-21:45,6531,6538,6531,6538
 2017/06/20-22:00,6538,6545,6535,6543
 2017/06/20-22:15,6542,6544,6540,6541
 2017/06/20-22:30,6541,6555,6541,6548
 2017/06/20-22:45,6548,6550,6544,6545
 2017/06/20-23:00,6545,6550,6545,6548
 2017/06/20-23:15,6548,6550,6538,6540
 2017/06/20-23:30,6541,6549,6540,6547
 2017/06/20-09:15,6549,6551,6541,6542
 2017/06/20-09:30,6542,6546,6541,6543
 2017/06/20-09:45,6542,6543,6537,6540
 2017/06/20-10:00,6540,6541,6532,6534
 2017/06/20-10:15,6534,6539,6534,6535
 2017/06/20-10:45,6535,6546,6535,6541
 2017/06/20-11:00,6541,6544,6540,6543
 2017/06/20-11:15,6543,6548,6541,6548
 2017/06/20-11:30,6547,6549,6543,6547
 2017/06/20-13:45,6548,6552,6546,6551
 2017/06/20-14:00,6552,6564,6551,6556
 2017/06/20-14:15,6556,6563,6549,6550
 2017/06/20-14:30,6549,6552,6545,6547
 2017/06/20-14:45,6547,6549,6546,6548
 2017/06/20-15:00,6549,6549,6535,6537
 2017/06/21-21:15,6530,6551,6526,6547
 2017/06/21-21:30,6546,6550,6544,6548
 2017/06/21-21:45,6548,6559,6540,6553
 2017/06/21-22:00,6553,6554,6540,6543
 2017/06/21-22:15,6543,6543,6534,6541
 2017/06/21-22:30,6540,6545,6537,6542
 2017/06/21-22:45,6542,6543,6537,6539
 2017/06/21-23:00,6539,6542,6538,6541
 2017/06/21-23:15,6541,6541,6537,6539
 2017/06/21-23:30,6540,6542,6539,6542
 2017/06/21-09:15,6548,6555,6543,6554
 2017/06/21-09:30,6554,6559,6553,6555
 2017/06/21-09:45,6554,6555,6553,6553
 2017/06/21-10:00,6553,6555,6549,6551
 2017/06/21-10:15,6551,6554,6547,6551
 2017/06/21-10:45,6550,6552,6548,6551
 2017/06/21-11:00,6552,6553,6549,6552
 2017/06/21-11:15,6552,6554,6550,6553
 2017/06/21-11:30,6553,6554,6544,6546
 2017/06/21-13:45,6546,6547,6543,6544
 2017/06/21-14:00,6544,6545,6539,6545
 2017/06/21-14:15,6545,6547,6543,6545
 2017/06/21-14:30,6545,6545,6541,6543
 2017/06/21-14:45,6543,6547,6542,6545
 2017/06/21-15:00,6545,6550,6543,6545
 2017/06/22-21:15,6538,6545,6536,6540
 2017/06/22-21:30,6540,6545,6538,6541
 2017/06/22-21:45,6541,6555,6541,6549
 2017/06/22-22:00,6548,6549,6544,6544
 2017/06/22-22:15,6544,6545,6540,6544
 2017/06/22-22:30,6544,6544,6533,6537
 2017/06/22-22:45,6536,6539,6531,6536
 2017/06/22-23:00,6536,6540,6535,6539
 2017/06/22-23:15,6539,6539,6534,6538
 2017/06/22-23:30,6539,6540,6536,6537
 2017/06/22-09:15,6520,6521,6462,6465
 2017/06/22-09:30,6466,6485,6455,6475
 2017/06/22-09:45,6476,6482,6476,6480
 2017/06/22-10:00,6480,6482,6479,6479
 2017/06/22-10:15,6479,6482,6476,6481
 2017/06/22-10:45,6481,6484,6478,6478
 2017/06/22-11:00,6478,6484,6478,6480
 2017/06/22-11:15,6479,6481,6476,6476
 2017/06/22-11:30,6476,6481,6474,6475
 2017/06/22-13:45,6475,6476,6464,6470
 2017/06/22-14:00,6471,6471,6459,6459
 2017/06/22-14:15,6459,6468,6459,6465
 2017/06/22-14:30,6464,6466,6450,6459
 2017/06/22-14:45,6459,6480,6459,6477
 2017/06/22-15:00,6477,6485,6459,6470
 2017/06/23-21:15,6467,6478,6454,6475
 2017/06/23-21:30,6475,6482,6474,6480
 2017/06/23-21:45,6481,6481,6472,6476
 2017/06/23-22:00,6476,6477,6462,6473
 2017/06/23-22:15,6474,6474,6467,6471
 2017/06/23-22:30,6471,6471,6464,6468
 2017/06/23-22:45,6468,6478,6465,6477
 2017/06/23-23:00,6477,6485,6474,6482
 2017/06/23-23:15,6482,6490,6481,6487
 2017/06/23-23:30,6487,6497,6486,6492
 2017/06/23-09:15,6485,6486,6475,6477
 2017/06/23-09:30,6476,6483,6475,6483
 2017/06/23-09:45,6483,6486,6481,6485
 2017/06/23-10:00,6486,6493,6483,6490
 2017/06/23-10:15,6491,6497,6489,6495
 2017/06/23-10:45,6494,6511,6494,6505
 2017/06/23-11:00,6505,6513,6502,6505
 2017/06/23-11:15,6506,6509,6505,6508
 2017/06/23-11:30,6509,6518,6507,6515
 2017/06/23-13:45,6515,6521,6507,6507
 2017/06/23-14:00,6507,6510,6502,6510
 2017/06/23-14:15,6510,6517,6509,6516
 2017/06/23-14:30,6516,6517,6512,6514
 2017/06/23-14:45,6514,6527,6514,6522
 2017/06/23-15:00,6522,6533,6522,6532
 2017/06/26-21:15,6527,6542,6523,6525
 2017/06/26-21:30,6525,6531,6524,6527
 2017/06/26-21:45,6526,6527,6522,6524
 2017/06/26-22:00,6525,6529,6525,6525
 2017/06/26-22:15,6526,6529,6525,6529
 2017/06/26-22:30,6528,6539,6528,6537
 2017/06/26-22:45,6538,6539,6527,6531
 2017/06/26-23:00,6531,6536,6527,6532
 2017/06/26-23:15,6533,6536,6524,6534
 2017/06/26-23:30,6534,6549,6532,6547
 2017/06/26-09:15,6549,6549,6536,6541
 2017/06/26-09:30,6542,6543,6534,6536
 2017/06/26-09:45,6536,6538,6532,6534
 2017/06/26-10:00,6533,6536,6531,6532
 2017/06/26-10:15,6532,6542,6532,6541
 2017/06/26-10:45,6541,6542,6537,6540
 2017/06/26-11:00,6541,6542,6539,6540
 2017/06/26-11:15,6541,6541,6536,6537
 2017/06/26-11:30,6537,6539,6535,6539
 2017/06/26-13:45,6538,6538,6530,6533
 2017/06/26-14:00,6534,6538,6532,6533
 2017/06/26-14:15,6533,6536,6533,6535
 2017/06/26-14:30,6534,6539,6534,6536
 2017/06/26-14:45,6536,6541,6535,6538
 2017/06/26-15:00,6538,6539,6535,6537
 2017/06/27-21:15,6520,6520,6498,6501
 2017/06/27-21:30,6500,6508,6488,6505
 2017/06/27-21:45,6505,6511,6494,6507
 2017/06/27-22:00,6506,6517,6505,6512
 2017/06/27-22:15,6512,6514,6508,6509
 2017/06/27-22:30,6509,6512,6508,6510
 2017/06/27-22:45,6510,6511,6507,6507
 2017/06/27-23:00,6507,6509,6500,6501
 2017/06/27-23:15,6501,6506,6496,6504
 2017/06/27-23:30,6504,6506,6501,6503
 2017/06/27-09:15,6503,6503,6481,6486
 2017/06/27-09:30,6487,6489,6483,6487
 2017/06/27-09:45,6487,6489,6483,6485
 2017/06/27-10:00,6485,6486,6473,6476
 2017/06/27-10:15,6475,6478,6465,6478
 2017/06/27-10:45,6478,6479,6456,6467
 2017/06/27-11:00,6467,6472,6466,6471
 2017/06/27-11:15,6471,6471,6464,6466
 2017/06/27-11:30,6466,6470,6464,6470
 2017/06/27-13:45,6469,6470,6465,6466
 2017/06/27-14:00,6465,6470,6464,6468
 2017/06/27-14:15,6469,6471,6466,6469
 2017/06/27-14:30,6469,6470,6467,6468
 2017/06/27-14:45,6468,6469,6462,6467
 2017/06/27-15:00,6467,6468,6456,6464
 2017/06/28-21:15,6473,6477,6465,6470
 2017/06/28-21:30,6470,6473,6435,6449
 2017/06/28-21:45,6447,6468,6442,6458
 2017/06/28-22:00,6458,6459,6439,6443
 2017/06/28-22:15,6443,6446,6436,6441
 2017/06/28-22:30,6441,6445,6425,6431
 2017/06/28-22:45,6431,6433,6418,6422
 2017/06/28-23:00,6423,6432,6422,6428
 2017/06/28-23:15,6427,6438,6426,6437
 2017/06/28-23:30,6437,6452,6431,6434
 2017/06/28-09:15,6437,6445,6428,6432
 2017/06/28-09:30,6432,6434,6423,6424
 2017/06/28-09:45,6424,6426,6408,6418
 2017/06/28-10:00,6418,6424,6415,6418
 2017/06/28-10:15,6419,6421,6410,6412
 2017/06/28-10:45,6412,6416,6409,6412
 2017/06/28-11:00,6413,6414,6385,6390
 2017/06/28-11:15,6390,6393,6367,6378
 2017/06/28-11:30,6377,6380,6370,6374
 2017/06/28-13:45,6374,6378,6362,6372
 2017/06/28-14:00,6372,6378,6367,6371
 2017/06/28-14:15,6371,6380,6367,6368
 2017/06/28-14:30,6369,6371,6365,6369
 2017/06/28-14:45,6370,6377,6367,6372
 2017/06/28-15:00,6372,6391,6372,6387
 2017/06/29-21:15,6388,6388,6366,6368
 2017/06/29-21:30,6368,6394,6366,6386
 2017/06/29-21:45,6386,6390,6379,6387
 2017/06/29-22:00,6387,6392,6382,6382
 2017/06/29-22:15,6382,6390,6382,6388
 2017/06/29-22:30,6389,6395,6386,6389
 2017/06/29-22:45,6390,6392,6387,6389
 2017/06/29-23:00,6389,6391,6385,6387
 2017/06/29-23:15,6386,6387,6380,6382
 2017/06/29-23:30,6383,6385,6360,6366
 2017/06/29-09:15,6365,6384,6361,6377
 2017/06/29-09:30,6376,6380,6375,6380
 2017/06/29-09:45,6380,6389,6379,6383
 2017/06/29-10:00,6383,6388,6382,6386
 2017/06/29-10:15,6387,6390,6361,6375
 2017/06/29-10:45,6374,6386,6374,6384
 2017/06/29-11:00,6384,6387,6377,6379
 2017/06/29-11:15,6378,6386,6378,6382
 2017/06/29-11:30,6381,6385,6381,6381
 2017/06/29-13:45,6381,6381,6373,6375
 2017/06/29-14:00,6374,6377,6369,6373
 2017/06/29-14:15,6374,6376,6370,6376
 2017/06/29-14:30,6375,6375,6367,6371
 2017/06/29-14:45,6371,6380,6370,6375
 2017/06/29-15:00,6374,6380,6370,6370
 2017/06/30-21:15,6370,6387,6363,6370
 2017/06/30-21:30,6370,6404,6367,6391
 2017/06/30-21:45,6392,6395,6378,6383
 2017/06/30-22:00,6383,6392,6381,6389
 2017/06/30-22:15,6389,6405,6387,6398
 2017/06/30-22:30,6398,6399,6390,6396
 2017/06/30-22:45,6396,6426,6395,6417
 2017/06/30-23:00,6416,6419,6409,6417
 2017/06/30-23:15,6417,6426,6415,6419
 2017/06/30-23:30,6420,6421,6413,6419
 2017/06/30-09:15,6426,6446,6422,6424
 2017/06/30-09:30,6425,6425,6413,6419
 2017/06/30-09:45,6418,6420,6405,6413
 2017/06/30-10:00,6412,6418,6412,6416
 2017/06/30-10:15,6417,6418,6402,6408
 2017/06/30-10:45,6407,6410,6403,6407
 2017/06/30-11:00,6407,6411,6407,6410
 2017/06/30-11:15,6410,6414,6409,6413
 2017/06/30-11:30,6413,6413,6409,6409
 2017/06/30-13:45,6410,6415,6407,6414
 2017/06/30-14:00,6414,6415,6400,6400
 2017/06/30-14:15,6400,6400,6385,6388
 2017/06/30-14:30,6389,6390,6383,6388
 2017/06/30-14:45,6388,6393,6384,6387
 2017/06/30-15:00,6387,6388,6376,6378
 2017/07/03-21:15,6365,6385,6365,6379
 2017/07/03-21:30,6379,6391,6372,6383
 2017/07/03-21:45,6382,6388,6381,6386
 2017/07/03-22:00,6385,6386,6378,6384
 2017/07/03-22:15,6384,6388,6372,6383
 2017/07/03-22:30,6383,6384,6373,6378
 2017/07/03-22:45,6378,6383,6376,6377
 2017/07/03-23:00,6377,6380,6374,6377
 2017/07/03-23:15,6378,6378,6373,6378
 2017/07/03-23:30,6378,6379,6374,6374
 2017/07/03-09:15,6376,6390,6305,6374
 2017/07/03-09:30,6375,6395,6371,6387
 2017/07/03-09:45,6387,6401,6385,6387
 2017/07/03-10:00,6385,6388,6381,6382
 2017/07/03-10:15,6382,6385,6381,6384
 2017/07/03-10:45,6384,6385,6373,6379
 2017/07/03-11:00,6379,6383,6377,6380
 2017/07/03-11:15,6379,6382,6374,6374
 2017/07/03-11:30,6375,6376,6366,6369
 2017/07/03-13:45,6368,6385,6363,6370
 2017/07/03-14:00,6371,6374,6365,6373
 2017/07/03-14:15,6372,6383,6372,6381
 2017/07/03-14:30,6381,6385,6377,6381
 2017/07/03-14:45,6382,6383,6370,6373
 2017/07/03-15:00,6373,6377,6372,6372
 2017/07/04-21:15,6359,6372,6357,6369
 2017/07/04-21:30,6369,6373,6365,6367
 2017/07/04-21:45,6368,6371,6366,6368
 2017/07/04-22:00,6367,6379,6367,6376
 2017/07/04-22:15,6376,6376,6368,6372
 2017/07/04-22:30,6372,6375,6370,6373
 2017/07/04-22:45,6373,6381,6370,6378
 2017/07/04-23:00,6378,6380,6373,6374
 2017/07/04-23:15,6374,6376,6361,6363
 2017/07/04-23:30,6364,6369,6342,6356
 2017/07/04-09:15,6356,6374,6315,6317
 2017/07/04-09:30,6316,6329,6306,6306
 2017/07/04-09:45,6306,6317,6277,6284
 2017/07/04-10:00,6283,6287,6265,6266
 2017/07/04-10:15,6267,6267,6248,6262
 2017/07/04-10:45,6263,6269,6250,6257
 2017/07/04-11:00,6257,6272,6256,6256
 2017/07/04-11:15,6257,6262,6255,6258
 2017/07/04-11:30,6258,6261,6250,6252
 2017/07/04-13:45,6253,6260,6251,6255
 2017/07/04-14:00,6255,6267,6246,6258
 2017/07/04-14:15,6257,6265,6255,6258
 2017/07/04-14:30,6257,6262,6252,6260
 2017/07/04-14:45,6260,6264,6257,6260
 2017/07/04-15:00,6261,6265,6255,6257
 2017/07/05-21:15,6256,6259,6213,6223
 2017/07/05-21:30,6222,6224,6172,6192
 2017/07/05-21:45,6192,6194,6150,6178
 2017/07/05-22:00,6178,6191,6173,6188
 2017/07/05-22:15,6188,6215,6187,6207
 2017/07/05-22:30,6208,6210,6183,6185
 2017/07/05-22:45,6185,6192,6176,6188
 2017/07/05-23:00,6187,6206,6184,6198
 2017/07/05-23:15,6197,6201,6191,6196
 2017/07/05-23:30,6195,6195,6174,6184
 2017/07/05-09:15,6184,6198,6184,6189
 2017/07/05-09:30,6187,6191,6180,6182
 2017/07/05-09:45,6181,6190,6181,6184
 2017/07/05-10:00,6184,6194,6174,6190
 2017/07/05-10:15,6189,6190,6183,6183
 2017/07/05-10:45,6184,6190,6183,6188
 2017/07/05-11:00,6188,6188,6181,6184
 2017/07/05-11:15,6184,6185,6176,6178
 2017/07/05-11:30,6178,6179,6162,6173
 2017/07/05-13:45,6173,6179,6163,6166
 2017/07/05-14:00,6166,6175,6165,6173
 2017/07/05-14:15,6173,6177,6171,6174
 2017/07/05-14:30,6174,6175,6169,6173
 2017/07/05-14:45,6173,6192,6172,6184
 2017/07/05-15:00,6183,6186,6166,6174
 2017/07/06-21:15,6167,6187,6155,6180
 2017/07/06-21:30,6180,6183,6177,6180
 2017/07/06-21:45,6180,6186,6174,6182
 2017/07/06-22:00,6183,6183,6162,6164
 2017/07/06-22:15,6165,6170,6164,6167
 2017/07/06-22:30,6166,6171,6163,6164
 2017/07/06-22:45,6164,6177,6158,6169
 2017/07/06-23:00,6169,6172,6166,6168
 2017/07/06-23:15,6168,6175,6166,6166
 2017/07/06-23:30,6166,6174,6164,6172
 2017/07/06-09:15,6172,6186,6164,6166
 2017/07/06-09:30,6165,6175,6165,6173
 2017/07/06-09:45,6172,6175,6169,6174
 2017/07/06-10:00,6173,6175,6170,6171
 2017/07/06-10:15,6171,6171,6168,6168
 2017/07/06-10:45,6169,6174,6166,6171
 2017/07/06-11:00,6172,6179,6170,6175
 2017/07/06-11:15,6175,6177,6169,6169
 2017/07/06-11:30,6170,6170,6138,6143
 2017/07/06-13:45,6141,6146,6123,6130
 2017/07/06-14:00,6129,6170,6129,6163
 2017/07/06-14:15,6165,6177,6162,6173
 2017/07/06-14:30,6173,6183,6165,6168
 2017/07/06-14:45,6168,6175,6164,6174
 2017/07/06-15:00,6173,6178,6168,6170
 2017/07/07-21:15,6186,6226,6177,6191
 2017/07/07-21:30,6189,6192,6179,6191
 2017/07/07-21:45,6190,6192,6179,6183
 2017/07/07-22:00,6183,6184,6178,6181
 2017/07/07-22:15,6181,6184,6173,6175
 2017/07/07-22:30,6175,6182,6171,6179
 2017/07/07-22:45,6179,6184,6175,6183
 2017/07/07-23:00,6183,6184,6177,6180
 2017/07/07-23:15,6179,6184,6178,6181
 2017/07/07-23:30,6182,6184,6177,6180
 2017/07/07-09:15,6182,6185,6170,6179
 2017/07/07-09:30,6179,6186,6177,6179
 2017/07/07-09:45,6180,6181,6176,6178
 2017/07/07-10:00,6178,6178,6175,6176
 2017/07/07-10:15,6177,6177,6152,6154
 2017/07/07-10:45,6153,6164,6152,6155
 2017/07/07-11:00,6155,6162,6154,6160
 2017/07/07-11:15,6160,6161,6147,6149
 2017/07/07-11:30,6149,6151,6130,6140
 2017/07/07-13:45,6142,6152,6142,6143
 2017/07/07-14:00,6143,6149,6143,6145
 2017/07/07-14:15,6146,6146,6134,6135
 2017/07/07-14:30,6135,6141,6128,6139
 2017/07/07-14:45,6139,6143,6134,6141
 2017/07/07-15:00,6141,6150,6135,6137
 2017/07/10-21:15,6150,6152,6140,6149
 2017/07/10-21:30,6149,6157,6148,6151
 2017/07/10-21:45,6151,6153,6138,6139
 2017/07/10-22:00,6138,6142,6133,6141
 2017/07/10-22:15,6141,6153,6136,6147
 2017/07/10-22:30,6147,6149,6137,6143
 2017/07/10-22:45,6142,6151,6141,6149
 2017/07/10-23:00,6149,6155,6147,6148
 2017/07/10-23:15,6148,6155,6147,6153
 2017/07/10-23:30,6153,6153,6148,6149
 2017/07/10-09:15,6166,6180,6156,6166
 2017/07/10-09:30,6167,6178,6167,6173
 2017/07/10-09:45,6174,6196,6169,6193
 2017/07/10-10:00,6193,6215,6188,6215
 2017/07/10-10:15,6215,6226,6206,6226
 2017/07/10-10:45,6225,6232,6219,6219
 2017/07/10-11:00,6219,6220,6213,6213
 2017/07/10-11:15,6213,6216,6211,6214
 2017/07/10-11:30,6213,6219,6212,6215
 2017/07/10-13:45,6216,6226,6197,6207
 2017/07/10-14:00,6207,6211,6200,6203
 2017/07/10-14:15,6203,6205,6189,6192
 2017/07/10-14:30,6193,6206,6188,6200
 2017/07/10-14:45,6200,6206,6200,6203
 2017/07/10-15:00,6203,6206,6192,6202
 2017/07/11-21:15,6192,6203,6181,6203
 2017/07/11-21:30,6203,6228,6200,6214
 2017/07/11-21:45,6214,6222,6210,6210
 2017/07/11-22:00,6210,6214,6196,6196
 2017/07/11-22:15,6196,6201,6193,6194
 2017/07/11-22:30,6195,6196,6185,6186
 2017/07/11-22:45,6185,6193,6185,6189
 2017/07/11-23:00,6189,6201,6184,6197
 2017/07/11-23:15,6197,6198,6187,6192
 2017/07/11-23:30,6192,6208,6186,6197
 2017/07/11-09:15,6190,6195,6173,6182
 2017/07/11-09:30,6182,6183,6163,6174
 2017/07/11-09:45,6173,6176,6158,6171
 2017/07/11-10:00,6170,6172,6166,6167
 2017/07/11-10:15,6167,6178,6165,6170
 2017/07/11-10:45,6170,6173,6166,6170
 2017/07/11-11:00,6170,6174,6168,6170
 2017/07/11-11:15,6170,6176,6170,6174
 2017/07/11-11:30,6173,6174,6169,6172
 2017/07/11-13:45,6173,6177,6170,6173
 2017/07/11-14:00,6174,6203,6173,6195
 2017/07/11-14:15,6195,6201,6184,6201
 2017/07/11-14:30,6201,6206,6194,6197
 2017/07/11-14:45,6197,6203,6193,6198
 2017/07/11-15:00,6198,6204,6195,6202
 2017/07/12-21:15,6192,6236,6177,6229
 2017/07/12-21:30,6229,6233,6218,6222
 2017/07/12-21:45,6222,6232,6217,6220
 2017/07/12-22:00,6219,6221,6207,6218
 2017/07/12-22:15,6218,6227,6217,6224
 2017/07/12-22:30,6223,6225,6215,6224
 2017/07/12-22:45,6225,6228,6220,6226
 2017/07/12-23:00,6226,6230,6222,6224
 2017/07/12-23:15,6225,6239,6223,6232
 2017/07/12-23:30,6232,6237,6228,6236
 2017/07/12-09:15,6237,6245,6211,6222
 2017/07/12-09:30,6222,6224,6213,6217
 2017/07/12-09:45,6218,6227,6214,6222
 2017/07/12-10:00,6223,6226,6214,6216
 2017/07/12-10:15,6216,6229,6213,6225
 2017/07/12-10:45,6224,6238,6222,6229
 2017/07/12-11:00,6230,6234,6225,6231
 2017/07/12-11:15,6232,6233,6221,6225
 2017/07/12-11:30,6225,6230,6222,6229
 2017/07/12-13:45,6229,6229,6217,6218
 2017/07/12-14:00,6218,6219,6207,6214
 2017/07/12-14:15,6215,6216,6209,6213
 2017/07/12-14:30,6214,6224,6213,6222
 2017/07/12-14:45,6221,6222,6211,6214
 2017/07/12-15:00,6214,6215,6202,6206
 2017/07/13-21:15,6206,6219,6206,6216
 2017/07/13-21:30,6216,6216,6210,6216
 2017/07/13-21:45,6216,6218,6209,6211
 2017/07/13-22:00,6210,6211,6186,6201
 2017/07/13-22:15,6202,6214,6198,6207
 2017/07/13-22:30,6208,6210,6198,6199
 2017/07/13-22:45,6199,6209,6198,6206
 2017/07/13-23:00,6207,6211,6204,6209
 2017/07/13-23:15,6209,6209,6205,6205
 2017/07/13-23:30,6205,6209,6201,6206
 2017/07/13-09:15,6207,6217,6203,6210
 2017/07/13-09:30,6209,6212,6196,6204
 2017/07/13-09:45,6204,6214,6200,6213
 2017/07/13-10:00,6213,6222,6210,6219
 2017/07/13-10:15,6219,6219,6206,6212
 2017/07/13-10:45,6213,6219,6211,6217
 2017/07/13-11:00,6217,6220,6213,6220
 2017/07/13-11:15,6220,6224,6217,6219
 2017/07/13-11:30,6218,6221,6211,6215
 2017/07/13-13:45,6214,6217,6212,6216
 2017/07/13-14:00,6216,6219,6203,6209
 2017/07/13-14:15,6208,6216,6208,6214
 2017/07/13-14:30,6214,6219,6209,6212
 2017/07/13-14:45,6212,6216,6210,6214
 2017/07/13-15:00,6214,6218,6213,6218
 2017/07/14-21:15,6246,6255,6231,6245
 2017/07/14-21:30,6246,6246,6231,6241
 2017/07/14-21:45,6241,6248,6232,6243
 2017/07/14-22:00,6244,6246,6235,6237
 2017/07/14-22:15,6237,6244,6236,6239
 2017/07/14-22:30,6239,6243,6237,6242
 2017/07/14-22:45,6242,6255,6241,6248
 2017/07/14-23:00,6249,6253,6244,6249
 2017/07/14-23:15,6249,6275,6249,6269
 2017/07/14-23:30,6270,6273,6260,6261
 2017/07/14-09:15,6260,6275,6254,6263
 2017/07/14-09:30,6262,6263,6255,6260
 2017/07/14-09:45,6260,6263,6257,6257
 2017/07/14-10:00,6257,6260,6248,6250
 2017/07/14-10:15,6250,6257,6242,6256
 2017/07/14-10:45,6256,6260,6255,6256
 2017/07/14-11:00,6256,6257,6250,6254
 2017/07/14-11:15,6255,6256,6251,6255
 2017/07/14-11:30,6254,6260,6253,6257
 2017/07/14-13:45,6258,6262,6257,6259
 2017/07/14-14:00,6259,6265,6258,6263
 2017/07/14-14:15,6263,6278,6262,6269
 2017/07/14-14:30,6269,6295,6268,6289
 2017/07/14-14:45,6290,6290,6279,6283
 2017/07/14-15:00,6283,6284,6271,6272
 2017/07/17-21:15,6290,6290,6270,6285
 2017/07/17-21:30,6284,6289,6280,6284
 2017/07/17-21:45,6285,6290,6284,6288
 2017/07/17-22:00,6288,6288,6285,6286
 2017/07/17-22:15,6287,6288,6282,6284
 2017/07/17-22:30,6283,6285,6279,6285
 2017/07/17-22:45,6284,6288,6278,6285
 2017/07/17-23:00,6286,6286,6280,6285
 2017/07/17-23:15,6285,6289,6282,6288
 2017/07/17-23:30,6287,6289,6284,6288
 2017/07/17-09:15,6290,6296,6268,6278
 2017/07/17-09:30,6277,6286,6275,6284
 2017/07/17-09:45,6283,6286,6276,6278
 2017/07/17-10:00,6277,6278,6246,6263
 2017/07/17-10:15,6262,6263,6253,6261
 2017/07/17-10:45,6262,6263,6252,6262
 2017/07/17-11:00,6262,6273,6259,6270
 2017/07/17-11:15,6269,6271,6261,6264
 2017/07/17-11:30,6263,6264,6259,6263
 2017/07/17-13:45,6261,6267,6252,6253
 2017/07/17-14:00,6253,6254,6236,6237
 2017/07/17-14:15,6238,6242,6232,6233
 2017/07/17-14:30,6232,6233,6217,6220
 2017/07/17-14:45,6219,6223,6186,6219
 2017/07/17-15:00,6221,6225,6185,6187
 2017/07/18-21:15,6180,6202,6168,6198
 2017/07/18-21:30,6198,6209,6195,6201
 2017/07/18-21:45,6201,6202,6194,6195
 2017/07/18-22:00,6195,6200,6187,6191
 2017/07/18-22:15,6191,6195,6183,6188
 2017/07/18-22:30,6188,6197,6187,6193
 2017/07/18-22:45,6193,6198,6190,6194
 2017/07/18-23:00,6194,6212,6194,6209
 2017/07/18-23:15,6211,6221,6204,6218
 2017/07/18-23:30,6219,6235,6219,6229
 2017/07/18-09:15,6229,6270,6220,6249
 2017/07/18-09:30,6249,6262,6248,6254
 2017/07/18-09:45,6254,6258,6248,6256
 2017/07/18-10:00,6255,6256,6246,6248
 2017/07/18-10:15,6249,6249,6232,6240
 2017/07/18-10:45,6240,6241,6223,6234
 2017/07/18-11:00,6234,6234,6229,6232
 2017/07/18-11:15,6231,6235,6225,6232
 2017/07/18-11:30,6232,6234,6219,6227
 2017/07/18-13:45,6227,6227,6208,6213
 2017/07/18-14:00,6214,6215,6206,6210
 2017/07/18-14:15,6210,6221,6209,6217
 2017/07/18-14:30,6217,6228,6216,6223
 2017/07/18-14:45,6224,6226,6220,6224
 2017/07/18-15:00,6223,6238,6223,6231
 2017/07/19-21:15,6228,6238,6221,6227
 2017/07/19-21:30,6226,6227,6220,6226
 2017/07/19-21:45,6227,6228,6221,6225
 2017/07/19-22:00,6225,6230,6223,6225
 2017/07/19-22:15,6224,6226,6216,6220
 2017/07/19-22:30,6221,6224,6212,6222
 2017/07/19-22:45,6222,6228,6216,6216
 2017/07/19-23:00,6216,6216,6204,6210
 2017/07/19-23:15,6210,6218,6204,6204
 2017/07/19-23:30,6206,6211,6195,6196
 2017/07/19-09:15,6204,6210,6202,6204
 2017/07/19-09:30,6204,6210,6196,6208
 2017/07/19-09:45,6208,6215,6207,6212
 2017/07/19-10:00,6211,6213,6207,6209
 2017/07/19-10:15,6208,6214,6203,6214
 2017/07/19-10:45,6213,6226,6213,6222
 2017/07/19-11:00,6222,6224,6218,6220
 2017/07/19-11:15,6220,6220,6202,6204
 2017/07/19-11:30,6204,6214,6198,6211
 2017/07/19-13:45,6212,6224,6210,6221
 2017/07/19-14:00,6222,6223,6216,6220
 2017/07/19-14:15,6218,6226,6216,6225
 2017/07/19-14:30,6225,6240,6221,6233
 2017/07/19-14:45,6233,6236,6231,6236
 2017/07/19-15:00,6236,6240,6234,6237
 2017/07/20-21:15,6249,6255,6236,6245
 2017/07/20-21:30,6246,6254,6240,6253
 2017/07/20-21:45,6254,6254,6247,6247
 2017/07/20-22:00,6248,6251,6246,6250
 2017/07/20-22:15,6249,6263,6248,6259
 2017/07/20-22:30,6259,6279,6257,6278
 2017/07/20-22:45,6277,6286,6274,6275
 2017/07/20-23:00,6275,6280,6273,6273
 2017/07/20-23:15,6274,6277,6272,6275
 2017/07/20-23:30,6276,6278,6272,6274
 2017/07/20-09:15,6282,6296,6280,6287
 2017/07/20-09:30,6287,6305,6287,6299
 2017/07/20-09:45,6299,6299,6278,6284
 2017/07/20-10:00,6284,6285,6278,6283
 2017/07/20-10:15,6283,6284,6278,6282
 2017/07/20-10:45,6282,6285,6276,6282
 2017/07/20-11:00,6281,6283,6274,6279
 2017/07/20-11:15,6279,6280,6266,6273
 2017/07/20-11:30,6274,6280,6273,6279
 2017/07/20-13:45,6280,6281,6269,6269
 2017/07/20-14:00,6269,6274,6268,6269
 2017/07/20-14:15,6268,6279,6268,6276
 2017/07/20-14:30,6275,6277,6270,6276
 2017/07/20-14:45,6276,6302,6274,6299
 2017/07/20-15:00,6298,6299,6271,6274
 2017/07/21-21:15,6268,6278,6259,6266
 2017/07/21-21:30,6267,6274,6265,6269
 2017/07/21-21:45,6269,6279,6267,6273
 2017/07/21-22:00,6273,6286,6271,6281
 2017/07/21-22:15,6280,6286,6277,6285
 2017/07/21-22:30,6285,6287,6280,6285
 2017/07/21-22:45,6286,6286,6277,6277
 2017/07/21-23:00,6277,6280,6274,6277
 2017/07/21-23:15,6277,6281,6267,6269
 2017/07/21-23:30,6270,6274,6268,6272
 2017/07/21-09:15,6271,6283,6271,6282
 2017/07/21-09:30,6282,6282,6273,6276
 2017/07/21-09:45,6276,6278,6266,6271
 2017/07/21-10:00,6271,6280,6270,6276
 2017/07/21-10:15,6276,6278,6272,6273
 2017/07/21-10:45,6273,6277,6273,6275
 2017/07/21-11:00,6275,6278,6272,6276
 2017/07/21-11:15,6275,6282,6274,6280
 2017/07/21-11:30,6280,6282,6272,6273
 2017/07/21-13:45,6272,6279,6270,6273
 2017/07/21-14:00,6274,6277,6265,6274
 2017/07/21-14:15,6274,6275,6269,6274
 2017/07/21-14:30,6273,6273,6268,6270
 2017/07/21-14:45,6270,6273,6269,6271
 2017/07/21-15:00,6271,6276,6268,6271
 2017/07/24-21:15,6272,6273,6214,6246
 2017/07/24-21:30,6244,6252,6240,6243
 2017/07/24-21:45,6242,6249,6238,6243
 2017/07/24-22:00,6243,6248,6240,6242
 2017/07/24-22:15,6241,6244,6230,6231
 2017/07/24-22:30,6232,6240,6227,6239
 2017/07/24-22:45,6239,6248,6239,6243
 2017/07/24-23:00,6241,6241,6232,6236
 2017/07/24-23:15,6235,6248,6235,6246
 2017/07/24-23:30,6246,6248,6241,6242
 2017/07/24-09:15,6231,6238,6207,6224
 2017/07/24-09:30,6223,6225,6204,6207
 2017/07/24-09:45,6209,6217,6204,6216
 2017/07/24-10:00,6216,6217,6212,6214
 2017/07/24-10:15,6214,6214,6210,6213
 2017/07/24-10:45,6213,6215,6211,6212
 2017/07/24-11:00,6213,6213,6208,6209
 2017/07/24-11:15,6209,6215,6205,6213
 2017/07/24-11:30,6213,6214,6210,6212
 2017/07/24-13:45,6212,6214,6210,6214
 2017/07/24-14:00,6213,6216,6212,6213
 2017/07/24-14:15,6214,6214,6206,6211
 2017/07/24-14:30,6210,6213,6209,6212
 2017/07/24-14:45,6212,6213,6208,6211
 2017/07/24-15:00,6211,6218,6198,6211
 2017/07/25-21:15,6216,6232,6215,6224
 2017/07/25-21:30,6224,6225,6210,6219
 2017/07/25-21:45,6219,6232,6219,6228
 2017/07/25-22:00,6228,6228,6225,6227
 2017/07/25-22:15,6226,6227,6220,6224
 2017/07/25-22:30,6224,6224,6219,6220
 2017/07/25-22:45,6220,6223,6211,6213
 2017/07/25-23:00,6213,6220,6212,6214
 2017/07/25-23:15,6213,6220,6212,6217
 2017/07/25-23:30,6217,6220,6216,6219
 2017/07/25-09:15,6219,6229,6219,6224
 2017/07/25-09:30,6225,6225,6220,6223
 2017/07/25-09:45,6223,6224,6213,6222
 2017/07/25-10:00,6222,6222,6206,6211
 2017/07/25-10:15,6210,6212,6209,6211
 2017/07/25-10:45,6211,6213,6209,6211
 2017/07/25-11:00,6210,6212,6208,6210
 2017/07/25-11:15,6210,6212,6209,6209
 2017/07/25-11:30,6210,6211,6205,6210
 2017/07/25-13:45,6210,6215,6209,6214
 2017/07/25-14:00,6214,6220,6211,6213
 2017/07/25-14:15,6212,6215,6208,6211
 2017/07/25-14:30,6210,6212,6202,6203
 2017/07/25-14:45,6204,6214,6198,6211
 2017/07/25-15:00,6211,6215,6207,6210
 2017/07/26-21:15,6200,6206,6183,6197
 2017/07/26-21:30,6196,6211,6196,6209
 2017/07/26-21:45,6208,6210,6204,6207
 2017/07/26-22:00,6207,6210,6205,6209
 2017/07/26-22:15,6209,6214,6207,6209
 2017/07/26-22:30,6210,6213,6206,6207
 2017/07/26-22:45,6207,6211,6205,6207
 2017/07/26-23:00,6207,6208,6202,6206
 2017/07/26-23:15,6207,6207,6191,6194
 2017/07/26-23:30,6194,6202,6182,6186
 2017/07/26-09:15,6186,6186,6117,6119
 2017/07/26-09:30,6118,6128,6112,6112
 2017/07/26-09:45,6114,6121,6108,6121
 2017/07/26-10:00,6120,6126,6115,6118
 2017/07/26-10:15,6118,6119,6111,6113
 2017/07/26-10:45,6113,6118,6111,6115
 2017/07/26-11:00,6116,6118,6113,6115
 2017/07/26-11:15,6114,6116,6109,6110
 2017/07/26-11:30,6110,6116,6106,6112
 2017/07/26-13:45,6113,6134,6112,6113
 2017/07/26-14:00,6114,6115,6109,6109
 2017/07/26-14:15,6109,6115,6109,6110
 2017/07/26-14:30,6110,6114,6109,6113
 2017/07/26-14:45,6113,6118,6110,6111
 2017/07/26-15:00,6111,6114,6100,6106
 2017/07/27-21:15,6102,6127,6102,6116
 2017/07/27-21:30,6116,6121,6112,6119
 2017/07/27-21:45,6120,6123,6116,6120
 2017/07/27-22:00,6121,6127,6119,6127
 2017/07/27-22:15,6127,6129,6118,6119
 2017/07/27-22:30,6118,6121,6112,6116
 2017/07/27-22:45,6116,6121,6115,6120
 2017/07/27-23:00,6119,6121,6115,6117
 2017/07/27-23:15,6117,6127,6116,6124
 2017/07/27-23:30,6124,6130,6120,6129
 2017/07/27-09:15,6138,6142,6124,6126
 2017/07/27-09:30,6127,6129,6123,6125
 2017/07/27-09:45,6125,6127,6123,6126
 2017/07/27-10:00,6127,6129,6124,6126
 2017/07/27-10:15,6125,6128,6123,6127
 2017/07/27-10:45,6127,6128,6124,6127
 2017/07/27-11:00,6128,6128,6123,6124
 2017/07/27-11:15,6124,6125,6111,6112
 2017/07/27-11:30,6112,6114,6099,6099
 2017/07/27-13:45,6099,6122,6090,6122
 2017/07/27-14:00,6122,6122,6113,6114
 2017/07/27-14:15,6115,6117,6109,6112
 2017/07/27-14:30,6111,6119,6108,6116
 2017/07/27-14:45,6117,6117,6110,6112
 2017/07/27-15:00,6112,6119,6111,6119
 2017/07/28-21:15,6150,6159,6133,6138
 2017/07/28-21:30,6139,6141,6136,6138
 2017/07/28-21:45,6137,6140,6131,6139
 2017/07/28-22:00,6140,6140,6135,6137
 2017/07/28-22:15,6137,6139,6135,6138
 2017/07/28-22:30,6139,6140,6137,6139
 2017/07/28-22:45,6139,6140,6126,6127
 2017/07/28-23:00,6127,6133,6127,6129
 2017/07/28-23:15,6129,6140,6129,6137
 2017/07/28-23:30,6138,6139,6134,6139
 2017/07/28-09:15,6136,6136,6118,6119
 2017/07/28-09:30,6119,6127,6118,6122
 2017/07/28-09:45,6122,6124,6116,6118
 2017/07/28-10:00,6119,6121,6117,6119
 2017/07/28-10:15,6119,6120,6109,6112
 2017/07/28-10:45,6112,6118,6111,6117
 2017/07/28-11:00,6116,6119,6113,6114
 2017/07/28-11:15,6114,6117,6106,6108
 2017/07/28-11:30,6108,6108,6067,6090
 2017/07/28-13:45,6089,6089,6045,6053
 2017/07/28-14:00,6052,6057,6049,6051
 2017/07/28-14:15,6050,6056,6049,6052
 2017/07/28-14:30,6052,6054,6046,6050
 2017/07/28-14:45,6049,6055,6043,6045
 2017/07/28-15:00,6045,6051,6040,6046
 2017/07/31-21:15,6045,6051,6044,6050
 2017/07/31-21:30,6050,6052,6043,6047
 2017/07/31-21:45,6046,6054,6044,6045
 2017/07/31-22:00,6046,6051,6043,6045
 2017/07/31-22:15,6045,6055,6045,6049
 2017/07/31-22:30,6050,6052,6045,6049
 2017/07/31-22:45,6048,6049,6034,6040
 2017/07/31-23:00,6040,6044,6038,6043
 2017/07/31-23:15,6042,6046,6040,6040
 2017/07/31-23:30,6040,6047,6039,6043
 2017/07/31-09:15,6040,6046,6027,6036
 2017/07/31-09:30,6036,6037,6012,6014
 2017/07/31-09:45,6014,6027,6007,6019
 2017/07/31-10:00,6018,6024,6009,6014
 2017/07/31-10:15,6013,6019,6006,6012
 2017/07/31-10:45,6013,6016,6008,6008
 2017/07/31-11:00,6009,6011,6005,6007
 2017/07/31-11:15,6007,6008,5993,6004
 2017/07/31-11:30,6004,6025,6004,6018
 2017/07/31-13:45,6019,6031,6019,6026
 2017/07/31-14:00,6026,6044,6023,6033
 2017/07/31-14:15,6032,6038,6026,6028
 2017/07/31-14:30,6028,6029,6023,6027
 2017/07/31-14:45,6026,6028,6023,6028
 2017/07/31-15:00,6027,6040,6022,6030
 2017/08/01-21:15,6065,6111,6055,6106
 2017/08/01-21:30,6105,6106,6087,6096
 2017/08/01-21:45,6096,6096,6088,6089
 2017/08/01-22:00,6089,6109,6089,6104
 2017/08/01-22:15,6105,6107,6099,6103
 2017/08/01-22:30,6102,6103,6095,6099
 2017/08/01-22:45,6099,6105,6093,6104
 2017/08/01-23:00,6105,6109,6096,6099
 2017/08/01-23:15,6099,6104,6097,6104
 2017/08/01-23:30,6104,6112,6102,6105
 2017/08/01-09:15,6107,6124,6101,6121
 2017/08/01-09:30,6120,6144,6120,6129
 2017/08/01-09:45,6129,6131,6121,6131
 2017/08/01-10:00,6130,6132,6127,6131
 2017/08/01-10:15,6130,6132,6128,6129
 2017/08/01-10:45,6130,6131,6127,6129
 2017/08/01-11:00,6130,6133,6123,6124
 2017/08/01-11:15,6125,6128,6124,6127
 2017/08/01-11:30,6128,6129,6124,6127
 2017/08/01-13:45,6126,6136,6125,6133
 2017/08/01-14:00,6134,6134,6112,6124
 2017/08/01-14:15,6123,6134,6123,6131
 2017/08/01-14:30,6131,6138,6131,6132
 2017/08/01-14:45,6133,6137,6131,6134
 2017/08/01-15:00,6134,6135,6125,6128
 2017/08/02-21:15,6136,6151,6128,6144
 2017/08/02-21:30,6143,6145,6121,6127
 2017/08/02-21:45,6128,6131,6117,6122
 2017/08/02-22:00,6121,6127,6118,6122
 2017/08/02-22:15,6122,6127,6116,6125
 2017/08/02-22:30,6125,6126,6117,6119
 2017/08/02-22:45,6119,6121,6114,6118
 2017/08/02-23:00,6117,6120,6115,6118
 2017/08/02-23:15,6118,6126,6115,6122
 2017/08/02-23:30,6122,6123,6117,6118
 2017/08/02-09:15,6117,6117,6081,6091
 2017/08/02-09:30,6091,6097,6080,6082
 2017/08/02-09:45,6082,6092,6082,6089
 2017/08/02-10:00,6089,6097,6089,6095
 2017/08/02-10:15,6096,6098,6093,6094
 2017/08/02-10:45,6094,6100,6094,6095
 2017/08/02-11:00,6096,6103,6093,6101
 2017/08/02-11:15,6100,6102,6097,6099
 2017/08/02-11:30,6098,6103,6098,6101
 2017/08/02-13:45,6101,6106,6096,6101
 2017/08/02-14:00,6100,6101,6094,6098
 2017/08/02-14:15,6098,6127,6097,6125
 2017/08/02-14:30,6126,6144,6122,6140
 2017/08/02-14:45,6140,6148,6136,6146
 2017/08/02-15:00,6145,6160,6143,6153
 2017/08/03-21:15,6157,6195,6153,6165
 2017/08/03-21:30,6166,6167,6153,6155
 2017/08/03-21:45,6156,6165,6145,6164
 2017/08/03-22:00,6164,6165,6156,6158
 2017/08/03-22:15,6159,6163,6154,6157
 2017/08/03-22:30,6157,6159,6139,6142
 2017/08/03-22:45,6141,6146,6139,6142
 2017/08/03-23:00,6142,6148,6139,6145
 2017/08/03-23:15,6145,6148,6136,6146
 2017/08/03-23:30,6146,6159,6145,6150
 2017/08/03-09:15,6149,6153,6140,6151
 2017/08/03-09:30,6152,6175,6149,6172
 2017/08/03-09:45,6172,6173,6160,6163
 2017/08/03-10:00,6163,6168,6154,6162
 2017/08/03-10:15,6163,6177,6158,6174
 2017/08/03-10:45,6175,6179,6165,6173
 2017/08/03-11:00,6175,6184,6170,6176
 2017/08/03-11:15,6175,6194,6174,6189
 2017/08/03-11:30,6189,6195,6183,6185
 2017/08/03-13:45,6185,6185,6165,6168
 2017/08/03-14:00,6167,6178,6166,6172
 2017/08/03-14:15,6172,6173,6159,6160
 2017/08/03-14:30,6161,6166,6151,6158
 2017/08/03-14:45,6158,6166,6152,6161
 2017/08/03-15:00,6162,6164,6157,6157
 2017/08/04-21:15,6160,6179,6156,6166
 2017/08/04-21:30,6167,6173,6160,6163
 2017/08/04-21:45,6163,6164,6155,6161
 2017/08/04-22:00,6161,6162,6142,6143
 2017/08/04-22:15,6143,6156,6139,6153
 2017/08/04-22:30,6152,6156,6148,6152
 2017/08/04-22:45,6151,6158,6151,6152
 2017/08/04-23:00,6152,6158,6152,6152
 2017/08/04-23:15,6152,6156,6151,6155
 2017/08/04-23:30,6155,6156,6150,6155
 2017/08/04-09:15,6152,6174,6147,6170
 2017/08/04-09:30,6171,6183,6171,6172
 2017/08/04-09:45,6172,6198,6171,6188
 2017/08/04-10:00,6189,6191,6179,6186
 2017/08/04-10:15,6186,6187,6175,6178
 2017/08/04-10:45,6179,6186,6177,6181
 2017/08/04-11:00,6181,6186,6175,6184
 2017/08/04-11:15,6184,6187,6179,6185
 2017/08/04-11:30,6184,6186,6180,6185
 2017/08/04-13:45,6186,6190,6179,6183
 2017/08/04-14:00,6184,6191,6180,6190
 2017/08/04-14:15,6189,6190,6182,6186
 2017/08/04-14:30,6185,6186,6180,6186
 2017/08/04-14:45,6186,6189,6183,6188
 2017/08/04-15:00,6188,6190,6179,6188
 2017/08/07-21:15,6187,6245,6187,6234
 2017/08/07-21:30,6235,6235,6223,6224
 2017/08/07-21:45,6224,6228,6222,6226
 2017/08/07-22:00,6227,6227,6219,6223
 2017/08/07-22:15,6223,6226,6216,6219
 2017/08/07-22:30,6218,6221,6211,6221
 2017/08/07-22:45,6220,6225,6220,6225
 2017/08/07-23:00,6224,6240,6222,6236
 2017/08/07-23:15,6236,6238,6230,6234
 2017/08/07-23:30,6235,6247,6233,6242
 2017/08/07-09:15,6241,6292,6222,6229
 2017/08/07-09:30,6228,6240,6207,6218
 2017/08/07-09:45,6217,6224,6182,6196
 2017/08/07-10:00,6195,6209,6195,6207
 2017/08/07-10:15,6207,6218,6206,6217
 2017/08/07-10:45,6217,6227,6216,6226
 2017/08/07-11:00,6227,6231,6217,6217
 2017/08/07-11:15,6215,6226,6211,6224
 2017/08/07-11:30,6224,6225,6216,6221
 2017/08/07-13:45,6223,6228,6213,6227
 2017/08/07-14:00,6228,6229,6217,6219
 2017/08/07-14:15,6219,6250,6219,6245
 2017/08/07-14:30,6246,6252,6239,6250
 2017/08/07-14:45,6251,6269,6249,6254
 2017/08/07-15:00,6255,6255,6233,6249
 2017/08/08-21:15,6232,6244,6222,6242
 2017/08/08-21:30,6243,6243,6227,6234
 2017/08/08-21:45,6235,6237,6229,6234
 2017/08/08-22:00,6233,6240,6226,6238
 2017/08/08-22:15,6238,6243,6236,6237
 2017/08/08-22:30,6237,6247,6233,6239
 2017/08/08-22:45,6239,6241,6228,6233
 2017/08/08-23:00,6233,6233,6215,6224
 2017/08/08-23:15,6224,6227,6208,6215
 2017/08/08-23:30,6216,6223,6212,6220
 2017/08/08-09:15,6222,6231,6217,6219
 2017/08/08-09:30,6220,6232,6215,6232
 2017/08/08-09:45,6232,6236,6225,6230
 2017/08/08-10:00,6230,6231,6225,6227
 2017/08/08-10:15,6227,6228,6219,6226
 2017/08/08-10:45,6225,6231,6223,6224
 2017/08/08-11:00,6224,6229,6217,6223
 2017/08/08-11:15,6223,6226,6216,6218
 2017/08/08-11:30,6218,6221,6215,6216
 2017/08/08-13:45,6217,6227,6215,6222
 2017/08/08-14:00,6222,6228,6222,6227
 2017/08/08-14:15,6228,6228,6221,6224
 2017/08/08-14:30,6224,6239,6223,6228
 2017/08/08-14:45,6228,6229,6221,6222
 2017/08/08-15:00,6222,6233,6221,6232
 2017/08/09-21:15,6235,6250,6230,6241
 2017/08/09-21:30,6241,6243,6223,6231
 2017/08/09-21:45,6231,6231,6223,6227
 2017/08/09-22:00,6226,6228,6201,6212
 2017/08/09-22:15,6212,6214,6196,6207
 2017/08/09-22:30,6207,6212,6202,6208
 2017/08/09-22:45,6209,6215,6204,6212
 2017/08/09-23:00,6212,6216,6209,6214
 2017/08/09-23:15,6214,6219,6211,6214
 2017/08/09-23:30,6214,6226,6214,6221
 2017/08/09-09:15,6220,6235,6215,6224
 2017/08/09-09:30,6224,6231,6220,6223
 2017/08/09-09:45,6223,6224,6207,6208
 2017/08/09-10:00,6208,6211,6183,6188
 2017/08/09-10:15,6187,6188,6156,6167
 2017/08/09-10:45,6164,6184,6162,6180
 2017/08/09-11:00,6179,6184,6171,6181
 2017/08/09-11:15,6182,6188,6181,6187
 2017/08/09-11:30,6187,6187,6178,6185
 2017/08/09-13:45,6186,6188,6180,6182
 2017/08/09-14:00,6182,6190,6179,6186
 2017/08/09-14:15,6186,6202,6183,6199
 2017/08/09-14:30,6199,6217,6198,6215
 2017/08/09-14:45,6215,6218,6206,6209
 2017/08/09-15:00,6209,6216,6208,6209
 2017/08/10-21:15,6205,6226,6198,6226
 2017/08/10-21:30,6225,6226,6216,6218
 2017/08/10-21:45,6219,6223,6204,6210
 2017/08/10-22:00,6210,6220,6210,6215
 2017/08/10-22:15,6215,6230,6215,6223
 2017/08/10-22:30,6223,6227,6212,6224
 2017/08/10-22:45,6225,6244,6220,6243
 2017/08/10-23:00,6243,6244,6225,6233
 2017/08/10-23:15,6233,6238,6222,6227
 2017/08/10-23:30,6227,6236,6224,6236
 2017/08/10-09:15,6233,6243,6229,6243
 2017/08/10-09:30,6243,6265,6243,6251
 2017/08/10-09:45,6251,6253,6241,6247
 2017/08/10-10:00,6248,6254,6242,6252
 2017/08/10-10:15,6253,6255,6230,6236
 2017/08/10-10:45,6235,6241,6233,6238
 2017/08/10-11:00,6237,6243,6236,6241
 2017/08/10-11:15,6242,6242,6229,6235
 2017/08/10-11:30,6235,6239,6226,6226
 2017/08/10-13:45,6227,6236,6225,6235
 2017/08/10-14:00,6235,6238,6226,6227
 2017/08/10-14:15,6227,6235,6220,6228
 2017/08/10-14:30,6227,6241,6226,6238
 2017/08/10-14:45,6239,6245,6231,6243
 2017/08/10-15:00,6242,6245,6231,6233
 2017/08/11-21:15,6225,6252,6212,6246
 2017/08/11-21:30,6246,6253,6238,6240
 2017/08/11-21:45,6239,6247,6238,6247
 2017/08/11-22:00,6247,6248,6236,6236
 2017/08/11-22:15,6236,6237,6228,6234
 2017/08/11-22:30,6233,6241,6232,6240
 2017/08/11-22:45,6239,6246,6233,6243
 2017/08/11-23:00,6243,6246,6236,6240
 2017/08/11-23:15,6240,6255,6240,6244
 2017/08/11-23:30,6246,6252,6238,6251
 2017/08/11-09:15,6236,6238,6213,6218
 2017/08/11-09:30,6219,6224,6195,6213
 2017/08/11-09:45,6213,6234,6212,6228
 2017/08/11-10:00,6227,6231,6216,6218
 2017/08/11-10:15,6218,6225,6213,6220
 2017/08/11-10:45,6219,6224,6215,6219
 2017/08/11-11:00,6219,6223,6207,6210
 2017/08/11-11:15,6210,6221,6206,6219
 2017/08/11-11:30,6219,6227,6211,6214
 2017/08/11-13:45,6214,6224,6209,6222
 2017/08/11-14:00,6222,6256,6221,6240
 2017/08/11-14:15,6239,6246,6236,6246
 2017/08/11-14:30,6246,6247,6234,6237
 2017/08/11-14:45,6238,6242,6226,6234
 2017/08/11-15:00,6235,6241,6229,6238
 2017/08/14-21:15,6236,6259,6235,6246
 2017/08/14-21:30,6246,6249,6239,6241
 2017/08/14-21:45,6240,6242,6226,6241
 2017/08/14-22:00,6241,6248,6240,6248
 2017/08/14-22:15,6247,6251,6245,6250
 2017/08/14-22:30,6250,6251,6237,6245
 2017/08/14-22:45,6245,6252,6241,6247
 2017/08/14-23:00,6246,6251,6245,6248
 2017/08/14-23:15,6248,6261,6240,6245
 2017/08/14-23:30,6244,6244,6230,6230
 2017/08/14-09:15,6242,6251,6228,6234
 2017/08/14-09:30,6235,6248,6234,6238
 2017/08/14-09:45,6238,6252,6237,6247
 2017/08/14-10:00,6247,6249,6241,6245
 2017/08/14-10:15,6245,6254,6243,6251
 2017/08/14-10:45,6252,6270,6242,6247
 2017/08/14-11:00,6246,6246,6233,6241
 2017/08/14-11:15,6241,6246,6236,6242
 2017/08/14-11:30,6241,6243,6236,6236
 2017/08/14-13:45,6238,6244,6234,6239
 2017/08/14-14:00,6239,6241,6232,6238
 2017/08/14-14:15,6239,6243,6237,6239
 2017/08/14-14:30,6240,6250,6237,6249
 2017/08/14-14:45,6248,6251,6237,6238
 2017/08/14-15:00,6239,6249,6233,6247
 2017/08/15-21:15,6231,6253,6210,6250
 2017/08/15-21:30,6250,6280,6250,6275
 2017/08/15-21:45,6275,6300,6268,6272
 2017/08/15-22:00,6273,6279,6263,6278
 2017/08/15-22:15,6279,6284,6266,6267
 2017/08/15-22:30,6266,6282,6264,6277
 2017/08/15-22:45,6276,6283,6273,6279
 2017/08/15-23:00,6279,6285,6275,6278
 2017/08/15-23:15,6278,6282,6274,6277
 2017/08/15-23:30,6277,6279,6274,6275
 2017/08/15-09:15,6288,6297,6277,6289
 2017/08/15-09:30,6288,6305,6288,6298
 2017/08/15-09:45,6299,6304,6287,6295
 2017/08/15-10:00,6294,6296,6285,6293
 2017/08/15-10:15,6294,6295,6283,6284
 2017/08/15-10:45,6284,6291,6283,6288
 2017/08/15-11:00,6289,6296,6287,6294
 2017/08/15-11:15,6293,6300,6293,6297
 2017/08/15-11:30,6297,6304,6290,6292
 2017/08/15-13:45,6292,6321,6292,6318
 2017/08/15-14:00,6319,6323,6313,6315
 2017/08/15-14:15,6316,6317,6307,6310
 2017/08/15-14:30,6310,6311,6301,6306
 2017/08/15-14:45,6307,6308,6297,6304
 2017/08/15-15:00,6305,6307,6293,6300
 2017/08/16-21:15,6285,6303,6278,6285
 2017/08/16-21:30,6286,6297,6280,6294
 2017/08/16-21:45,6294,6294,6284,6286
 2017/08/16-22:00,6286,6289,6281,6284
 2017/08/16-22:15,6284,6290,6271,6277
 2017/08/16-22:30,6278,6283,6275,6281
 2017/08/16-22:45,6281,6284,6280,6282
 2017/08/16-23:00,6281,6282,6278,6279
 2017/08/16-23:15,6279,6281,6276,6280
 2017/08/16-23:30,6280,6285,6278,6280
 2017/08/16-09:15,6278,6282,6266,6271
 2017/08/16-09:30,6270,6272,6262,6267
 2017/08/16-09:45,6268,6276,6265,6273
 2017/08/16-10:00,6273,6278,6272,6277
 2017/08/16-10:15,6276,6279,6274,6275
 2017/08/16-10:45,6275,6288,6275,6287
 2017/08/16-11:00,6287,6297,6287,6295
 2017/08/16-11:15,6295,6298,6291,6294
 2017/08/16-11:30,6294,6300,6294,6295
 2017/08/16-13:45,6296,6298,6288,6290
 2017/08/16-14:00,6290,6297,6289,6295
 2017/08/16-14:15,6295,6304,6292,6303
 2017/08/16-14:30,6304,6304,6290,6291
 2017/08/16-14:45,6291,6295,6288,6290
 2017/08/16-15:00,6290,6300,6288,6300
 2017/08/17-21:15,6302,6312,6291,6294
 2017/08/17-21:30,6295,6296,6288,6293
 2017/08/17-21:45,6293,6293,6285,6287
 2017/08/17-22:00,6287,6301,6282,6292
 2017/08/17-22:15,6293,6295,6290,6293
 2017/08/17-22:30,6293,6300,6288,6297
 2017/08/17-22:45,6297,6306,6294,6301
 2017/08/17-23:00,6301,6314,6297,6298
 2017/08/17-23:15,6298,6301,6294,6297
 2017/08/17-23:30,6298,6298,6290,6294
 2017/08/17-09:15,6290,6297,6271,6282
 2017/08/17-09:30,6281,6290,6281,6290
 2017/08/17-09:45,6292,6319,6290,6317
 2017/08/17-10:00,6317,6332,6314,6328
 2017/08/17-10:15,6327,6329,6319,6324
 2017/08/17-10:45,6324,6330,6321,6329
 2017/08/17-11:00,6328,6334,6320,6323
 2017/08/17-11:15,6324,6326,6321,6323
 2017/08/17-11:30,6324,6324,6319,6322
 2017/08/17-13:45,6321,6326,6300,6304
 2017/08/17-14:00,6305,6306,6278,6285
 2017/08/17-14:15,6285,6298,6282,6298
 2017/08/17-14:30,6297,6300,6294,6297
 2017/08/17-14:45,6297,6308,6297,6308
 2017/08/17-15:00,6308,6320,6305,6319
 2017/08/18-21:15,6330,6347,6323,6346
 2017/08/18-21:30,6346,6348,6333,6337
 2017/08/18-21:45,6338,6341,6329,6339
 2017/08/18-22:00,6339,6339,6330,6333
 2017/08/18-22:15,6333,6336,6320,6326
 2017/08/18-22:30,6327,6335,6325,6333
 2017/08/18-22:45,6332,6335,6325,6326
 2017/08/18-23:00,6326,6333,6325,6330
 2017/08/18-23:15,6330,6332,6324,6328
 2017/08/18-23:30,6328,6329,6312,6316
 2017/08/18-09:15,6345,6346,6326,6344
 2017/08/18-09:30,6345,6353,6342,6345
 2017/08/18-09:45,6345,6347,6341,6345
 2017/08/18-10:00,6344,6354,6343,6346
 2017/08/18-10:15,6346,6354,6344,6353
 2017/08/18-10:45,6353,6362,6351,6355
 2017/08/18-11:00,6355,6357,6347,6347
 2017/08/18-11:15,6347,6354,6347,6352
 2017/08/18-11:30,6352,6360,6352,6353
 2017/08/18-13:45,6353,6357,6352,6354
 2017/08/18-14:00,6354,6356,6345,6348
 2017/08/18-14:15,6348,6348,6333,6338
 2017/08/18-14:30,6338,6343,6336,6343
 2017/08/18-14:45,6343,6349,6340,6344
 2017/08/18-15:00,6343,6356,6340,6355
 2017/08/21-21:15,6359,6359,6343,6353
 2017/08/21-21:30,6354,6364,6348,6350
 2017/08/21-21:45,6349,6354,6345,6350
 2017/08/21-22:00,6350,6353,6340,6347
 2017/08/21-22:15,6346,6350,6338,6349
 2017/08/21-22:30,6349,6353,6345,6348
 2017/08/21-22:45,6348,6349,6323,6332
 2017/08/21-23:00,6333,6342,6331,6342
 2017/08/21-23:15,6342,6343,6335,6340
 2017/08/21-23:30,6340,6344,6336,6338
 2017/08/21-09:15,6341,6351,6328,6334
 2017/08/21-09:30,6333,6342,6333,6339
 2017/08/21-09:45,6339,6339,6326,6330
 2017/08/21-10:00,6330,6331,6313,6321
 2017/08/21-10:15,6320,6327,6317,6322
 2017/08/21-10:45,6322,6335,6321,6331
 2017/08/21-11:00,6332,6338,6331,6333
 2017/08/21-11:15,6334,6337,6331,6333
 2017/08/21-11:30,6333,6338,6333,6337
 2017/08/21-13:45,6335,6348,6335,6343
 2017/08/21-14:00,6344,6350,6341,6343
 2017/08/21-14:15,6344,6346,6341,6344
 2017/08/21-14:30,6345,6348,6342,6346
 2017/08/21-14:45,6346,6350,6343,6346
 2017/08/21-15:00,6346,6355,6340,6355
 2017/08/22-21:15,6361,6368,6354,6364
 2017/08/22-21:30,6364,6368,6358,6361
 2017/08/22-21:45,6360,6362,6351,6356
 2017/08/22-22:00,6356,6357,6346,6352
 2017/08/22-22:15,6350,6357,6349,6355
 2017/08/22-22:30,6355,6356,6348,6353
 2017/08/22-22:45,6353,6354,6349,6352
 2017/08/22-23:00,6352,6355,6351,6353
 2017/08/22-23:15,6353,6354,6343,6348
 2017/08/22-23:30,6349,6355,6346,6355
 2017/08/22-09:15,6346,6352,6342,6348
 2017/08/22-09:30,6349,6349,6333,6337
 2017/08/22-09:45,6337,6345,6328,6344
 2017/08/22-10:00,6344,6349,6342,6347
 2017/08/22-10:15,6347,6349,6344,6347
 2017/08/22-10:45,6347,6358,6345,6355
 2017/08/22-11:00,6355,6359,6353,6358
 2017/08/22-11:15,6358,6362,6355,6358
 2017/08/22-11:30,6358,6363,6355,6363
 2017/08/22-13:45,6363,6365,6355,6357
 2017/08/22-14:00,6357,6367,6355,6365
 2017/08/22-14:15,6365,6378,6361,6375
 2017/08/22-14:30,6376,6376,6366,6370
 2017/08/22-14:45,6370,6370,6363,6365
 2017/08/22-15:00,6365,6375,6364,6372
 2017/08/23-21:15,6360,6368,6358,6360
 2017/08/23-21:30,6360,6362,6353,6354
 2017/08/23-21:45,6354,6363,6350,6359
 2017/08/23-22:00,6359,6360,6353,6356
 2017/08/23-22:15,6356,6359,6349,6352
 2017/08/23-22:30,6352,6353,6341,6348
 2017/08/23-22:45,6348,6353,6346,6350
 2017/08/23-23:00,6350,6357,6350,6353
 2017/08/23-23:15,6353,6353,6340,6348
 2017/08/23-23:30,6348,6350,6344,6346
 2017/08/23-09:15,6348,6354,6344,6351
 2017/08/23-09:30,6352,6355,6341,6341
 2017/08/23-09:45,6341,6341,6300,6313
 2017/08/23-10:00,6312,6312,6286,6303
 2017/08/23-10:15,6303,6310,6303,6309
 2017/08/23-10:45,6309,6323,6305,6319
 2017/08/23-11:00,6319,6320,6313,6319
 2017/08/23-11:15,6319,6319,6308,6312
 2017/08/23-11:30,6312,6316,6307,6312
 2017/08/23-13:45,6313,6324,6313,6322
 2017/08/23-14:00,6322,6324,6318,6323
 2017/08/23-14:15,6323,6327,6319,6322
 2017/08/23-14:30,6322,6325,6319,6322
 2017/08/23-14:45,6323,6326,6320,6321
 2017/08/23-15:00,6320,6322,6310,6315
 2017/08/24-21:15,6326,6343,6322,6335
 2017/08/24-21:30,6334,6338,6327,6330
 2017/08/24-21:45,6330,6336,6328,6332
 2017/08/24-22:00,6332,6335,6330,6330
 2017/08/24-22:15,6331,6334,6324,6331
 2017/08/24-22:30,6332,6335,6311,6315
 2017/08/24-22:45,6314,6323,6310,6314
 2017/08/24-23:00,6315,6320,6312,6318
 2017/08/24-23:15,6317,6320,6312,6316
 2017/08/24-23:30,6318,6320,6316,6318
 2017/08/24-09:15,6320,6333,6320,6325
 2017/08/24-09:30,6325,6328,6322,6324
 2017/08/24-09:45,6324,6326,6322,6323
 2017/08/24-10:00,6324,6325,6321,6322
 2017/08/24-10:15,6322,6327,6322,6324
 2017/08/24-10:45,6325,6325,6320,6322
 2017/08/24-11:00,6322,6326,6319,6324
 2017/08/24-11:15,6325,6329,6324,6328
 2017/08/24-11:30,6328,6336,6328,6331
 2017/08/24-13:45,6333,6339,6330,6337
 2017/08/24-14:00,6338,6340,6334,6337
 2017/08/24-14:15,6337,6337,6331,6333
 2017/08/24-14:30,6334,6336,6330,6331
 2017/08/24-14:45,6331,6334,6327,6333
 2017/08/24-15:00,6333,6335,6329,6332
 2017/08/25-21:15,6342,6364,6338,6359
 2017/08/25-21:30,6359,6362,6356,6357
 2017/08/25-21:45,6357,6358,6351,6354
 2017/08/25-22:00,6354,6357,6350,6354
 2017/08/25-22:15,6355,6358,6353,6356
 2017/08/25-22:30,6356,6363,6356,6359
 2017/08/25-22:45,6360,6368,6360,6365
 2017/08/25-23:00,6366,6373,6364,6365
 2017/08/25-23:15,6365,6366,6359,6360
 2017/08/25-23:30,6359,6370,6358,6369
 2017/08/25-09:15,6370,6407,6368,6404
 2017/08/25-09:30,6404,6428,6398,6427
 2017/08/25-09:45,6428,6446,6418,6425
 2017/08/25-10:00,6425,6432,6418,6422
 2017/08/25-10:15,6423,6424,6407,6411
 2017/08/25-10:45,6411,6420,6410,6416
 2017/08/25-11:00,6417,6422,6413,6414
 2017/08/25-11:15,6413,6418,6412,6416
 2017/08/25-11:30,6416,6416,6408,6412
 2017/08/25-13:45,6413,6424,6413,6423
 2017/08/25-14:00,6422,6429,6419,6427
 2017/08/25-14:15,6427,6427,6417,6419
 2017/08/25-14:30,6418,6425,6417,6422
 2017/08/25-14:45,6422,6434,6421,6433
 2017/08/25-15:00,6433,6434,6424,6427
 2017/08/28-21:15,6429,6436,6415,6419
 2017/08/28-21:30,6419,6423,6413,6416
 2017/08/28-21:45,6416,6417,6408,6411
 2017/08/28-22:00,6411,6418,6404,6417
 2017/08/28-22:15,6417,6421,6416,6419
 2017/08/28-22:30,6419,6420,6412,6416
 2017/08/28-22:45,6416,6419,6413,6416
 2017/08/28-23:00,6417,6418,6414,6415
 2017/08/28-23:15,6415,6420,6414,6414
 2017/08/28-23:30,6414,6416,6411,6415
 2017/08/28-09:15,6416,6448,6412,6439
 2017/08/28-09:30,6439,6473,6439,6472
 2017/08/28-09:45,6472,6478,6459,6472
 2017/08/28-10:00,6472,6480,6465,6475
 2017/08/28-10:15,6475,6483,6473,6478
 2017/08/28-10:45,6478,6484,6476,6481
 2017/08/28-11:00,6481,6482,6470,6473
 2017/08/28-11:15,6473,6477,6457,6463
 2017/08/28-11:30,6462,6465,6456,6463
 2017/08/28-13:45,6462,6469,6460,6468
 2017/08/28-14:00,6467,6470,6463,6464
 2017/08/28-14:15,6464,6481,6463,6481
 2017/08/28-14:30,6481,6481,6466,6475
 2017/08/28-14:45,6475,6488,6467,6472
 2017/08/28-15:00,6472,6489,6467,6489
 2017/08/29-21:15,6485,6494,6476,6484
 2017/08/29-21:30,6484,6487,6471,6477
 2017/08/29-21:45,6477,6481,6468,6475
 2017/08/29-22:00,6475,6477,6470,6476
 2017/08/29-22:15,6475,6478,6468,6473
 2017/08/29-22:30,6472,6474,6468,6470
 2017/08/29-22:45,6470,6473,6465,6467
 2017/08/29-23:00,6468,6473,6461,6471
 2017/08/29-23:15,6471,6489,6470,6482
 2017/08/29-23:30,6482,6485,6455,6457
 2017/08/29-09:15,6462,6474,6462,6464
 2017/08/29-09:30,6464,6469,6452,6460
 2017/08/29-09:45,6461,6465,6458,6459
 2017/08/29-10:00,6460,6464,6444,6449
 2017/08/29-10:15,6447,6463,6446,6460
 2017/08/29-10:45,6460,6466,6458,6466
 2017/08/29-11:00,6467,6470,6457,6464
 2017/08/29-11:15,6465,6465,6460,6462
 2017/08/29-11:30,6463,6464,6453,6459
 2017/08/29-13:45,6458,6464,6452,6453
 2017/08/29-14:00,6453,6474,6453,6470
 2017/08/29-14:15,6469,6473,6467,6472
 2017/08/29-14:30,6471,6472,6466,6470
 2017/08/29-14:45,6470,6470,6462,6466
 2017/08/29-15:00,6465,6468,6463,6467
 2017/08/30-21:15,6440,6442,6426,6434
 2017/08/30-21:30,6434,6434,6420,6427
 2017/08/30-21:45,6427,6435,6425,6433
 2017/08/30-22:00,6434,6437,6431,6434
 2017/08/30-22:15,6434,6436,6430,6432
 2017/08/30-22:30,6432,6440,6432,6434
 2017/08/30-22:45,6434,6435,6429,6430
 2017/08/30-23:00,6431,6431,6428,6429
 2017/08/30-23:15,6429,6431,6426,6426
 2017/08/30-23:30,6426,6430,6424,6426
 2017/08/30-09:15,6407,6423,6392,6419
 2017/08/30-09:30,6419,6425,6417,6424
 2017/08/30-09:45,6424,6429,6421,6425
 2017/08/30-10:00,6426,6426,6422,6424
 2017/08/30-10:15,6424,6425,6419,6421
 2017/08/30-10:45,6421,6433,6421,6431
 2017/08/30-11:00,6430,6431,6421,6422
 2017/08/30-11:15,6422,6424,6420,6421
 2017/08/30-11:30,6421,6429,6420,6428
 2017/08/30-13:45,6426,6430,6424,6425
 2017/08/30-14:00,6425,6427,6405,6405
 2017/08/30-14:15,6406,6407,6383,6384
 2017/08/30-14:30,6382,6396,6382,6388
 2017/08/30-14:45,6389,6395,6376,6381
 2017/08/30-15:00,6382,6387,6371,6379
 2017/08/31-21:15,6380,6396,6380,6395
 2017/08/31-21:30,6395,6398,6392,6397
 2017/08/31-21:45,6397,6403,6394,6397
 2017/08/31-22:00,6398,6410,6397,6406
 2017/08/31-22:15,6407,6411,6405,6406
 2017/08/31-22:30,6406,6413,6405,6410
 2017/08/31-22:45,6410,6410,6405,6410
 2017/08/31-23:00,6409,6411,6408,6409
 2017/08/31-23:15,6409,6420,6409,6415
 2017/08/31-23:30,6415,6415,6407,6414
 2017/08/31-09:15,6418,6430,6415,6426
 2017/08/31-09:30,6427,6428,6415,6419
 2017/08/31-09:45,6419,6424,6416,6423
 2017/08/31-10:00,6422,6425,6421,6424
 2017/08/31-10:15,6424,6428,6420,6423
 2017/08/31-10:45,6423,6427,6421,6424
 2017/08/31-11:00,6423,6425,6420,6423
 2017/08/31-11:15,6423,6426,6418,6420
 2017/08/31-11:30,6420,6423,6412,6419
 2017/08/31-13:45,6420,6424,6417,6420
 2017/08/31-14:00,6420,6422,6417,6418
 2017/08/31-14:15,6419,6425,6417,6422
 2017/08/31-14:30,6423,6428,6415,6417
 2017/08/31-14:45,6416,6420,6399,6401
 2017/08/31-15:00,6400,6407,6391,6396
 2017/09/01-21:15,6416,6420,6408,6411
 2017/09/01-21:30,6411,6418,6405,6414
 2017/09/01-21:45,6414,6415,6409,6412
 2017/09/01-22:00,6413,6413,6402,6407
 2017/09/01-22:15,6407,6411,6404,6408
 2017/09/01-22:30,6408,6410,6405,6409
 2017/09/01-22:45,6408,6409,6404,6405
 2017/09/01-23:00,6406,6409,6404,6408
 2017/09/01-23:15,6409,6417,6408,6413
 2017/09/01-23:30,6413,6416,6411,6412
 2017/09/01-09:15,6418,6430,6416,6423
 2017/09/01-09:30,6423,6428,6420,6428
 2017/09/01-09:45,6428,6440,6427,6431
 2017/09/01-10:00,6432,6433,6427,6429
 2017/09/01-10:15,6429,6429,6420,6425
 2017/09/01-10:45,6425,6429,6421,6428
 2017/09/01-11:00,6427,6430,6426,6427
 2017/09/01-11:15,6427,6428,6424,6426
 2017/09/01-11:30,6426,6427,6423,6426
 2017/09/01-13:45,6425,6426,6404,6408
 2017/09/01-14:00,6408,6414,6406,6410
 2017/09/01-14:15,6410,6416,6409,6416
 2017/09/01-14:30,6416,6416,6409,6411
 2017/09/01-14:45,6411,6413,6407,6412
 2017/09/01-15:00,6412,6416,6411,6413
 2017/09/04-21:15,6415,6416,6353,6368
 2017/09/04-21:30,6368,6370,6353,6360
 2017/09/04-21:45,6360,6366,6343,6346
 2017/09/04-22:00,6347,6365,6343,6363
 2017/09/04-22:15,6364,6367,6357,6365
 2017/09/04-22:30,6367,6368,6359,6366
 2017/09/04-22:45,6365,6373,6364,6369
 2017/09/04-23:00,6368,6370,6360,6363
 2017/09/04-23:15,6362,6370,6361,6369
 2017/09/04-23:30,6369,6369,6360,6361
 2017/09/04-09:15,6347,6363,6343,6360
 2017/09/04-09:30,6361,6361,6347,6354
 2017/09/04-09:45,6355,6355,6336,6344
 2017/09/04-10:00,6344,6364,6343,6356
 2017/09/04-10:15,6356,6358,6352,6357
 2017/09/04-10:45,6357,6366,6355,6364
 2017/09/04-11:00,6365,6365,6352,6352
 2017/09/04-11:15,6353,6356,6350,6352
 2017/09/04-11:30,6352,6357,6350,6352
 2017/09/04-13:45,6353,6356,6351,6353
 2017/09/04-14:00,6353,6356,6349,6352
 2017/09/04-14:15,6353,6357,6351,6355
 2017/09/04-14:30,6355,6360,6354,6357
 2017/09/04-14:45,6358,6363,6355,6360
 2017/09/04-15:00,6360,6368,6360,6362
 2017/09/05-21:15,6366,6378,6356,6375
 2017/09/05-21:30,6374,6388,6372,6385
 2017/09/05-21:45,6386,6390,6376,6380
 2017/09/05-22:00,6381,6386,6378,6383
 2017/09/05-22:15,6383,6384,6370,6375
 2017/09/05-22:30,6374,6380,6373,6377
 2017/09/05-22:45,6378,6378,6372,6374
 2017/09/05-23:00,6375,6375,6360,6367
 2017/09/05-23:15,6366,6375,6365,6375
 2017/09/05-23:30,6375,6375,6366,6368
 2017/09/05-09:15,6368,6374,6362,6366
 2017/09/05-09:30,6366,6368,6349,6357
 2017/09/05-09:45,6357,6366,6357,6365
 2017/09/05-10:00,6364,6370,6360,6369
 2017/09/05-10:15,6368,6369,6363,6365
 2017/09/05-10:45,6365,6365,6355,6355
 2017/09/05-11:00,6356,6362,6355,6355
 2017/09/05-11:15,6355,6364,6354,6362
 2017/09/05-11:30,6362,6364,6358,6360
 2017/09/05-13:45,6360,6366,6359,6362
 2017/09/05-14:00,6362,6364,6360,6362
 2017/09/05-14:15,6361,6369,6356,6366
 2017/09/05-14:30,6365,6373,6365,6366
 2017/09/05-14:45,6366,6368,6362,6366
 2017/09/05-15:00,6365,6367,6362,6363
 2017/09/06-21:15,6375,6383,6368,6383
 2017/09/06-21:30,6381,6386,6373,6377
 2017/09/06-21:45,6377,6377,6363,6367
 2017/09/06-22:00,6367,6368,6356,6363
 2017/09/06-22:15,6364,6369,6364,6366
 2017/09/06-22:30,6365,6372,6365,6369
 2017/09/06-22:45,6368,6370,6358,6360
 2017/09/06-23:00,6360,6367,6359,6365
 2017/09/06-23:15,6366,6368,6362,6364
 2017/09/06-23:30,6365,6370,6359,6369
 2017/09/06-09:15,6368,6375,6361,6363
 2017/09/06-09:30,6363,6377,6361,6373
 2017/09/06-09:45,6373,6377,6372,6376
 2017/09/06-10:00,6376,6382,6376,6382
 2017/09/06-10:15,6382,6385,6375,6377
 2017/09/06-10:45,6377,6378,6372,6376
 2017/09/06-11:00,6376,6378,6375,6376
 2017/09/06-11:15,6376,6376,6363,6364
 2017/09/06-11:30,6365,6368,6360,6365
 2017/09/06-13:45,6365,6372,6364,6371
 2017/09/06-14:00,6371,6371,6362,6364
 2017/09/06-14:15,6363,6368,6357,6360
 2017/09/06-14:30,6360,6365,6340,6343
 2017/09/06-14:45,6343,6346,6318,6324
 2017/09/06-15:00,6324,6325,6281,6283
 2017/09/07-21:15,6289,6300,6272,6278
 2017/09/07-21:30,6277,6292,6275,6290
 2017/09/07-21:45,6291,6294,6285,6292
 2017/09/07-22:00,6292,6295,6290,6293
 2017/09/07-22:15,6294,6295,6289,6294
 2017/09/07-22:30,6294,6294,6289,6291
 2017/09/07-22:45,6290,6291,6283,6285
 2017/09/07-23:00,6285,6297,6285,6295
 2017/09/07-23:15,6295,6297,6291,6293
 2017/09/07-23:30,6292,6299,6292,6294
 2017/09/07-09:15,6294,6307,6291,6307
 2017/09/07-09:30,6305,6306,6286,6291
 2017/09/07-09:45,6290,6294,6286,6289
 2017/09/07-10:00,6289,6293,6288,6292
 2017/09/07-10:15,6292,6297,6290,6291
 2017/09/07-10:45,6292,6294,6280,6286
 2017/09/07-11:00,6286,6290,6281,6282
 2017/09/07-11:15,6282,6285,6253,6253
 2017/09/07-11:30,6254,6262,6245,6260
 2017/09/07-13:45,6259,6260,6247,6247
 2017/09/07-14:00,6247,6256,6226,6235
 2017/09/07-14:15,6235,6241,6227,6237
 2017/09/07-14:30,6237,6239,6227,6230
 2017/09/07-14:45,6230,6233,6226,6228
 2017/09/07-15:00,6228,6238,6217,6221
 2017/09/08-21:15,6200,6213,6189,6208
 2017/09/08-21:30,6208,6211,6202,6205
 2017/09/08-21:45,6205,6215,6200,6215
 2017/09/08-22:00,6214,6214,6205,6206
 2017/09/08-22:15,6207,6216,6206,6213
 2017/09/08-22:30,6214,6216,6207,6209
 2017/09/08-22:45,6209,6212,6201,6203
 2017/09/08-23:00,6203,6204,6176,6192
 2017/09/08-23:15,6192,6199,6187,6187
 2017/09/08-23:30,6187,6193,6177,6179
 2017/09/08-09:15,6180,6188,6151,6158
 2017/09/08-09:30,6159,6163,6146,6160
 2017/09/08-09:45,6160,6174,6157,6173
 2017/09/08-10:00,6173,6182,6164,6181
 2017/09/08-10:15,6180,6180,6171,6177
 2017/09/08-10:45,6177,6181,6167,6173
 2017/09/08-11:00,6174,6178,6172,6174
 2017/09/08-11:15,6173,6181,6171,6176
 2017/09/08-11:30,6177,6178,6162,6170
 2017/09/08-13:45,6169,6173,6163,6167
 2017/09/08-14:00,6167,6175,6155,6163
 2017/09/08-14:15,6164,6169,6156,6163
 2017/09/08-14:30,6164,6171,6160,6170
 2017/09/08-14:45,6170,6179,6169,6173
 2017/09/08-15:00,6173,6179,6140,6148
 2017/09/11-21:15,6154,6172,6154,6166
 2017/09/11-21:30,6166,6172,6151,6161
 2017/09/11-21:45,6161,6163,6153,6160
 2017/09/11-22:00,6160,6176,6158,6171
 2017/09/11-22:15,6170,6170,6163,6168
 2017/09/11-22:30,6168,6172,6165,6168
 2017/09/11-22:45,6168,6168,6161,6168
 2017/09/11-23:00,6167,6169,6162,6162
 2017/09/11-23:15,6163,6167,6154,6164
 2017/09/11-23:30,6163,6164,6158,6162
 2017/09/11-09:15,6159,6160,6124,6143
 2017/09/11-09:30,6144,6177,6144,6173
 2017/09/11-09:45,6173,6179,6167,6174
 2017/09/11-10:00,6174,6185,6173,6178
 2017/09/11-10:15,6178,6179,6172,6179
 2017/09/11-10:45,6177,6181,6173,6180
 2017/09/11-11:00,6180,6183,6174,6176
 2017/09/11-11:15,6176,6182,6174,6177
 2017/09/11-11:30,6177,6177,6168,6171
 2017/09/11-13:45,6171,6176,6165,6171
 2017/09/11-14:00,6171,6182,6171,6178
 2017/09/11-14:15,6178,6178,6162,6167
 2017/09/11-14:30,6167,6170,6158,6163
 2017/09/11-14:45,6162,6166,6155,6165
 2017/09/11-15:00,6166,6167,6148,6152
 2017/09/12-21:15,6148,6173,6147,6170
 2017/09/12-21:30,6169,6175,6165,6167
 2017/09/12-21:45,6167,6173,6165,6171
 2017/09/12-22:00,6171,6174,6166,6168
 2017/09/12-22:15,6168,6169,6157,6168
 2017/09/12-22:30,6168,6170,6165,6169
 2017/09/12-22:45,6169,6176,6168,6172
 2017/09/12-23:00,6172,6174,6170,6172
 2017/09/12-23:15,6171,6189,6171,6182
 2017/09/12-23:30,6182,6185,6174,6179
 2017/09/12-09:15,6183,6192,6176,6177
 2017/09/12-09:30,6176,6176,6162,6167
 2017/09/12-09:45,6168,6173,6166,6172
 2017/09/12-10:00,6172,6174,6164,6165
 2017/09/12-10:15,6164,6167,6161,6163
 2017/09/12-10:45,6162,6170,6159,6169
 2017/09/12-11:00,6169,6171,6166,6169
 2017/09/12-11:15,6169,6171,6163,6163
 2017/09/12-11:30,6163,6168,6163,6165
 2017/09/12-13:45,6164,6168,6163,6165
 2017/09/12-14:00,6165,6167,6161,6164
 2017/09/12-14:15,6165,6168,6164,6167
 2017/09/12-14:30,6167,6168,6164,6166
 2017/09/12-14:45,6165,6168,6164,6164
 2017/09/12-15:00,6164,6166,6157,6161
 2017/09/13-21:15,6168,6177,6164,6168
 2017/09/13-21:30,6169,6176,6168,6171
 2017/09/13-21:45,6171,6186,6171,6181
 2017/09/13-22:00,6181,6184,6178,6182
 2017/09/13-22:15,6181,6182,6178,6178
 2017/09/13-22:30,6178,6180,6162,6165
 2017/09/13-22:45,6164,6168,6162,6165
 2017/09/13-23:00,6164,6168,6163,6164
 2017/09/13-23:15,6164,6171,6163,6170
 2017/09/13-23:30,6170,6173,6167,6171
 2017/09/13-09:15,6166,6174,6164,6168
 2017/09/13-09:30,6168,6172,6165,6171
 2017/09/13-09:45,6170,6172,6152,6164
 2017/09/13-10:00,6164,6164,6159,6163
 2017/09/13-10:15,6163,6164,6149,6154
 2017/09/13-10:45,6154,6156,6130,6131
 2017/09/13-11:00,6131,6135,6113,6131
 2017/09/13-11:15,6131,6132,6123,6123
 2017/09/13-11:30,6123,6125,6108,6113
 2017/09/13-13:45,6114,6145,6112,6122
 2017/09/13-14:00,6123,6142,6121,6138
 2017/09/13-14:15,6138,6162,6137,6155
 2017/09/13-14:30,6155,6156,6149,6151
 2017/09/13-14:45,6152,6154,6142,6147
 2017/09/13-15:00,6147,6150,6139,6140
 2017/09/14-21:15,6162,6182,6154,6179
 2017/09/14-21:30,6179,6186,6170,6172
 2017/09/14-21:45,6171,6174,6166,6173
 2017/09/14-22:00,6174,6174,6167,6173
 2017/09/14-22:15,6172,6178,6170,6175
 2017/09/14-22:30,6175,6176,6169,6175
 2017/09/14-22:45,6174,6182,6173,6180
 2017/09/14-23:00,6180,6180,6174,6177
 2017/09/14-23:15,6177,6180,6175,6178
 2017/09/14-23:30,6178,6180,6174,6178
 2017/09/14-09:15,6180,6220,6176,6220
 2017/09/14-09:30,6219,6221,6208,6215
 2017/09/14-09:45,6214,6220,6210,6217
 2017/09/14-10:00,6216,6225,6216,6221
 2017/09/14-10:15,6221,6227,6219,6224
 2017/09/14-10:45,6225,6225,6216,6216
 2017/09/14-11:00,6217,6224,6214,6221
 2017/09/14-11:15,6222,6222,6216,6219
 2017/09/14-11:30,6219,6222,6215,6218
 2017/09/14-13:45,6218,6219,6207,6211
 2017/09/14-14:00,6211,6219,6211,6219
 2017/09/14-14:15,6219,6224,6210,6212
 2017/09/14-14:30,6211,6217,6208,6211
 2017/09/14-14:45,6211,6214,6209,6209
 2017/09/14-15:00,6209,6210,6188,6192
 2017/09/15-21:15,6202,6204,6189,6194
 2017/09/15-21:30,6195,6204,6193,6199
 2017/09/15-21:45,6199,6204,6195,6196
 2017/09/15-22:00,6196,6209,6196,6209
 2017/09/15-22:15,6208,6210,6205,6206
 2017/09/15-22:30,6206,6208,6204,6205
 2017/09/15-22:45,6206,6207,6203,6205
 2017/09/15-23:00,6205,6206,6202,6206
 2017/09/15-23:15,6206,6206,6204,6205
 2017/09/15-23:30,6205,6207,6201,6206
 2017/09/15-09:15,6206,6209,6195,6200
 2017/09/15-09:30,6201,6201,6193,6196
 2017/09/15-09:45,6196,6200,6195,6200
 2017/09/15-10:00,6200,6202,6197,6198
 2017/09/15-10:15,6198,6213,6197,6210
 2017/09/15-10:45,6210,6211,6203,6205
 2017/09/15-11:00,6205,6216,6205,6209
 2017/09/15-11:15,6209,6210,6169,6179
 2017/09/15-11:30,6179,6180,6156,6177
 2017/09/15-13:45,6179,6208,6179,6186
 2017/09/15-14:00,6186,6195,6185,6192
 2017/09/15-14:15,6192,6193,6186,6189
 2017/09/15-14:30,6189,6196,6181,6182
 2017/09/15-14:45,6182,6189,6175,6189
 2017/09/15-15:00,6189,6190,6179,6184
 2017/09/18-21:15,6196,6208,6187,6202
 2017/09/18-21:30,6203,6206,6197,6205
 2017/09/18-21:45,6205,6210,6202,6206
 2017/09/18-22:00,6206,6210,6202,6205
 2017/09/18-22:15,6203,6208,6201,6203
 2017/09/18-22:30,6203,6213,6203,6211
 2017/09/18-22:45,6211,6212,6193,6200
 2017/09/18-23:00,6199,6202,6195,6199
 2017/09/18-23:15,6199,6199,6184,6196
 2017/09/18-23:30,6196,6208,6191,6203
 2017/09/18-09:15,6218,6252,6218,6240
 2017/09/18-09:30,6239,6242,6235,6239
 2017/09/18-09:45,6240,6247,6236,6239
 2017/09/18-10:00,6239,6248,6238,6247
 2017/09/18-10:15,6246,6247,6242,6244
 2017/09/18-10:45,6244,6248,6238,6239
 2017/09/18-11:00,6239,6243,6236,6240
 2017/09/18-11:15,6240,6244,6239,6244
 2017/09/18-11:30,6243,6245,6237,6239
 2017/09/18-13:45,6238,6242,6236,6240
 2017/09/18-14:00,6241,6247,6227,6231
 2017/09/18-14:15,6230,6231,6221,6226
 2017/09/18-14:30,6225,6227,6204,6218
 2017/09/18-14:45,6218,6219,6205,6207
 2017/09/18-15:00,6207,6210,6181,6181
 2017/09/19-21:15,6179,6188,6149,6161
 2017/09/19-21:30,6161,6165,6156,6161
 2017/09/19-21:45,6160,6163,6157,6161
 2017/09/19-22:00,6161,6162,6150,6155
 2017/09/19-22:15,6154,6158,6150,6156
 2017/09/19-22:30,6156,6156,6120,6133
 2017/09/19-22:45,6133,6140,6123,6124
 2017/09/19-23:00,6123,6129,6118,6124
 2017/09/19-23:15,6124,6133,6122,6127
 2017/09/19-23:30,6126,6132,6116,6122
 2017/09/19-09:15,6126,6136,6116,6135
 2017/09/19-09:30,6135,6140,6132,6134
 2017/09/19-09:45,6135,6135,6126,6131
 2017/09/19-10:00,6131,6132,6122,6129
 2017/09/19-10:15,6128,6138,6128,6129
 2017/09/19-10:45,6130,6133,6126,6130
 2017/09/19-11:00,6130,6130,6123,6127
 2017/09/19-11:15,6128,6133,6125,6126
 2017/09/19-11:30,6126,6131,6120,6131
 2017/09/19-13:45,6130,6133,6125,6128
 2017/09/19-14:00,6129,6135,6128,6132
 2017/09/19-14:15,6132,6145,6132,6141
 2017/09/19-14:30,6141,6149,6139,6142
 2017/09/19-14:45,6141,6141,6127,6131
 2017/09/19-15:00,6131,6144,6126,6143
 2017/09/20-21:15,6152,6169,6150,6158
 2017/09/20-21:30,6159,6170,6153,6169
 2017/09/20-21:45,6168,6171,6159,6163
 2017/09/20-22:00,6162,6165,6159,6159
 2017/09/20-22:15,6159,6164,6157,6163
 2017/09/20-22:30,6164,6169,6160,6164
 2017/09/20-22:45,6164,6167,6158,6164
 2017/09/20-23:00,6163,6166,6160,6165
 2017/09/20-23:15,6165,6170,6159,6164
 2017/09/20-23:30,6163,6188,6163,6187
 2017/09/20-09:15,6172,6175,6155,6158
 2017/09/20-09:30,6157,6162,6153,6156
 2017/09/20-09:45,6157,6161,6151,6151
 2017/09/20-10:00,6152,6157,6151,6156
 2017/09/20-10:15,6157,6158,6153,6154
 2017/09/20-10:45,6154,6155,6145,6151
 2017/09/20-11:00,6151,6156,6149,6151
 2017/09/20-11:15,6151,6153,6150,6152
 2017/09/20-11:30,6151,6157,6151,6154
 2017/09/20-13:45,6155,6160,6153,6159
 2017/09/20-14:00,6160,6160,6156,6158
 2017/09/20-14:15,6158,6166,6158,6159
 2017/09/20-14:30,6159,6165,6154,6160
 2017/09/20-14:45,6161,6164,6157,6162
 2017/09/20-15:00,6162,6165,6157,6160
 2017/09/21-21:15,6173,6178,6162,6168
 2017/09/21-21:30,6168,6170,6163,6164
 2017/09/21-21:45,6164,6171,6164,6168
 2017/09/21-22:00,6168,6172,6166,6170
 2017/09/21-22:15,6170,6173,6167,6168
 2017/09/21-22:30,6168,6169,6162,6166
 2017/09/21-22:45,6166,6171,6164,6169
 2017/09/21-23:00,6169,6170,6165,6169
 2017/09/21-23:15,6170,6171,6167,6168
 2017/09/21-23:30,6169,6169,6163,6166
 2017/09/21-09:15,6171,6174,6154,6154
 2017/09/21-09:30,6154,6155,6136,6139
 2017/09/21-09:45,6135,6143,6116,6123
 2017/09/21-10:00,6123,6132,6111,6116
 2017/09/21-10:15,6115,6127,6100,6110
 2017/09/21-10:45,6109,6109,6085,6098
 2017/09/21-11:00,6099,6110,6096,6103
 2017/09/21-11:15,6103,6110,6099,6099
 2017/09/21-11:30,6099,6128,6095,6124
 2017/09/21-13:45,6123,6134,6117,6129
 2017/09/21-14:00,6129,6139,6119,6130
 2017/09/21-14:15,6130,6140,6130,6134
 2017/09/21-14:30,6134,6140,6132,6136
 2017/09/21-14:45,6136,6139,6127,6131
 2017/09/21-15:00,6131,6139,6122,6135
 2017/09/22-21:15,6143,6150,6134,6148
 2017/09/22-21:30,6148,6150,6140,6143
 2017/09/22-21:45,6144,6146,6134,6134
 2017/09/22-22:00,6134,6140,6131,6137
 2017/09/22-22:15,6137,6142,6136,6140
 2017/09/22-22:30,6140,6141,6136,6140
 2017/09/22-22:45,6138,6145,6137,6138
 2017/09/22-23:00,6138,6142,6138,6142
 2017/09/22-23:15,6142,6144,6139,6141
 2017/09/22-23:30,6142,6142,6139,6141
 2017/09/22-09:15,6140,6167,6134,6164
 2017/09/22-09:30,6164,6172,6160,6163
 2017/09/22-09:45,6163,6175,6161,6169
 2017/09/22-10:00,6169,6169,6162,6166
 2017/09/22-10:15,6165,6169,6163,6166
 2017/09/22-10:45,6166,6166,6156,6161
 2017/09/22-11:00,6160,6160,6156,6158
 2017/09/22-11:15,6158,6158,6150,6150
 2017/09/22-11:30,6151,6154,6141,6142
 2017/09/22-13:45,6143,6147,6141,6146
 2017/09/22-14:00,6146,6150,6141,6144
 2017/09/22-14:15,6144,6145,6137,6142
 2017/09/22-14:30,6141,6149,6140,6146
 2017/09/22-14:45,6146,6148,6144,6146
 2017/09/22-15:00,6146,6158,6145,6155
 2017/09/25-21:15,6155,6167,6152,6166
 2017/09/25-21:30,6166,6205,6164,6198
 2017/09/25-21:45,6197,6198,6188,6192
 2017/09/25-22:00,6192,6193,6184,6186
 2017/09/25-22:15,6185,6193,6182,6185
 2017/09/25-22:30,6185,6190,6184,6186
 2017/09/25-22:45,6187,6190,6180,6181
 2017/09/25-23:00,6182,6187,6181,6185
 2017/09/25-23:15,6184,6186,6181,6183
 2017/09/25-23:30,6183,6184,6180,6181
 2017/09/25-09:15,6181,6190,6165,6172
 2017/09/25-09:30,6172,6177,6169,6174
 2017/09/25-09:45,6175,6183,6171,6181
 2017/09/25-10:00,6181,6182,6159,6167
 2017/09/25-10:15,6167,6174,6167,6173
 2017/09/25-10:45,6174,6179,6173,6175
 2017/09/25-11:00,6175,6178,6172,6173
 2017/09/25-11:15,6173,6174,6167,6170
 2017/09/25-11:30,6170,6173,6167,6169
 2017/09/25-13:45,6169,6174,6164,6165
 2017/09/25-14:00,6166,6169,6155,6156
 2017/09/25-14:15,6156,6161,6140,6142
 2017/09/25-14:30,6143,6156,6138,6151
 2017/09/25-14:45,6151,6158,6151,6155
 2017/09/25-15:00,6154,6158,6145,6148
 2017/09/26-21:15,6138,6149,6130,6144
 2017/09/26-21:30,6143,6151,6135,6147
 2017/09/26-21:45,6147,6147,6135,6138
 2017/09/26-22:00,6138,6139,6127,6132
 2017/09/26-22:15,6132,6143,6132,6136
 2017/09/26-22:30,6135,6138,6134,6136
 2017/09/26-22:45,6136,6138,6109,6112
 2017/09/26-23:00,6111,6116,6101,6115
 2017/09/26-23:15,6115,6121,6114,6116
 2017/09/26-23:30,6116,6123,6113,6119
 2017/09/26-09:15,6118,6140,6117,6133
 2017/09/26-09:30,6132,6134,6123,6125
 2017/09/26-09:45,6125,6130,6123,6129
 2017/09/26-10:00,6129,6132,6126,6132
 2017/09/26-10:15,6133,6133,6125,6125
 2017/09/26-10:45,6126,6128,6121,6123
 2017/09/26-11:00,6122,6126,6121,6122
 2017/09/26-11:15,6121,6128,6121,6126
 2017/09/26-11:30,6127,6132,6124,6124
 2017/09/26-13:45,6126,6128,6120,6127
 2017/09/26-14:00,6127,6127,6119,6123
 2017/09/26-14:15,6123,6146,6123,6142
 2017/09/26-14:30,6141,6144,6137,6142
 2017/09/26-14:45,6141,6144,6138,6139
 2017/09/26-15:00,6139,6143,6136,6142
 2017/09/27-21:15,6115,6132,6109,6121
 2017/09/27-21:30,6121,6124,6106,6118
 2017/09/27-21:45,6118,6118,6110,6116
 2017/09/27-22:00,6116,6121,6114,6116
 2017/09/27-22:15,6117,6120,6113,6115
 2017/09/27-22:30,6115,6118,6112,6115
 2017/09/27-22:45,6113,6114,6099,6101
 2017/09/27-23:00,6100,6104,6091,6092
 2017/09/27-23:15,6093,6107,6091,6100
 2017/09/27-23:30,6100,6106,6092,6105
 2017/09/27-09:15,6104,6110,6097,6104
 2017/09/27-09:30,6105,6105,6062,6068
 2017/09/27-09:45,6069,6074,6063,6068
 2017/09/27-10:00,6068,6071,6062,6070
 2017/09/27-10:15,6070,6085,6070,6081
 2017/09/27-10:45,6082,6082,6072,6079
 2017/09/27-11:00,6079,6082,6076,6078
 2017/09/27-11:15,6077,6079,6072,6077
 2017/09/27-11:30,6077,6080,6074,6076
 2017/09/27-13:45,6076,6116,6076,6111
 2017/09/27-14:00,6111,6112,6102,6108
 2017/09/27-14:15,6108,6108,6103,6105
 2017/09/27-14:30,6104,6108,6098,6104
 2017/09/27-14:45,6104,6110,6100,6107
 2017/09/27-15:00,6106,6124,6105,6121
 2017/09/28-21:15,6110,6118,6105,6112
 2017/09/28-21:30,6111,6113,6104,6105
 2017/09/28-21:45,6106,6117,6105,6111
 2017/09/28-22:00,6112,6117,6110,6111
 2017/09/28-22:15,6112,6114,6103,6108
 2017/09/28-22:30,6108,6157,6106,6139
 2017/09/28-22:45,6139,6143,6127,6136
 2017/09/28-23:00,6135,6137,6116,6120
 2017/09/28-23:15,6119,6123,6115,6120
 2017/09/28-23:30,6121,6134,6121,6131
 2017/09/28-09:15,6131,6143,6115,6143
 2017/09/28-09:30,6142,6145,6123,6123
 2017/09/28-09:45,6123,6133,6118,6128
 2017/09/28-10:00,6128,6135,6125,6126
 2017/09/28-10:15,6125,6135,6125,6129
 2017/09/28-10:45,6129,6129,6102,6107
 2017/09/28-11:00,6107,6132,6098,6126
 2017/09/28-11:15,6127,6127,6120,6122
 2017/09/28-11:30,6122,6122,6105,6113
 2017/09/28-13:45,6114,6119,6109,6115
 2017/09/28-14:00,6116,6116,6107,6112
 2017/09/28-14:15,6111,6112,6098,6111
 2017/09/28-14:30,6111,6117,6089,6093
 2017/09/28-14:45,6093,6100,6070,6079
 2017/09/28-15:00,6078,6094,6073,6086
 2017/09/29-21:15,6085,6114,6085,6104
 2017/09/29-21:30,6105,6108,6100,6105
 2017/09/29-21:45,6105,6107,6088,6097
 2017/09/29-22:00,6097,6104,6092,6097
 2017/09/29-22:15,6097,6099,6073,6084
 2017/09/29-22:30,6084,6098,6082,6094
 2017/09/29-22:45,6093,6100,6089,6096
 2017/09/29-23:00,6096,6105,6090,6103
 2017/09/29-23:15,6103,6110,6092,6099
 2017/09/29-23:30,6099,6100,6092,6092
 2017/09/29-09:15,6094,6108,6094,6103
 2017/09/29-09:30,6103,6108,6098,6105
 2017/09/29-09:45,6104,6120,6103,6115
 2017/09/29-10:00,6115,6118,6110,6114
 2017/09/29-10:15,6115,6117,6110,6116
 2017/09/29-10:45,6117,6117,6112,6115
 2017/09/29-11:00,6115,6116,6111,6114
 2017/09/29-11:15,6113,6139,6112,6135
 2017/09/29-11:30,6135,6138,6126,6136
 2017/09/29-13:45,6136,6137,6126,6127
 2017/09/29-14:00,6127,6138,6127,6136
 2017/09/29-14:15,6136,6137,6121,6123
 2017/09/29-14:30,6123,6128,6120,6126
 2017/09/29-14:45,6126,6128,6107,6115
 2017/09/29-15:00,6115,6120,6112,6117
 2017/10/09-09:15,6107,6147,6103,6135
 2017/10/09-09:30,6135,6138,6117,6117
 2017/10/09-09:45,6117,6117,6084,6087
 2017/10/09-10:00,6087,6087,6032,6040
 2017/10/09-10:15,6040,6050,6038,6040
 2017/10/09-10:45,6039,6044,6030,6032
 2017/10/09-11:00,6033,6042,6032,6039
 2017/10/09-11:15,6040,6049,6038,6039
 2017/10/09-11:30,6040,6041,6033,6034
 2017/10/09-13:45,6034,6046,6029,6044
 2017/10/09-14:00,6043,6048,6038,6042
 2017/10/09-14:15,6041,6055,6041,6043
 2017/10/09-14:30,6044,6053,6042,6047
 2017/10/09-14:45,6048,6055,6047,6053
 2017/10/09-15:00,6052,6053,6034,6034
 2017/10/10-21:15,6038,6050,6032,6045
 2017/10/10-21:30,6045,6048,6038,6046
 2017/10/10-21:45,6046,6046,6030,6043
 2017/10/10-22:00,6043,6049,6038,6039
 2017/10/10-22:15,6040,6046,6040,6043
 2017/10/10-22:30,6043,6045,6038,6042
 2017/10/10-22:45,6042,6046,6040,6043
 2017/10/10-23:00,6044,6055,6043,6049
 2017/10/10-23:15,6049,6051,6047,6049
 2017/10/10-23:30,6049,6060,6049,6052
 2017/10/10-09:15,6055,6062,6049,6055
 2017/10/10-09:30,6056,6072,6055,6069
 2017/10/10-09:45,6070,6077,6066,6071
 2017/10/10-10:00,6071,6085,6071,6080
 2017/10/10-10:15,6079,6095,6079,6093
 2017/10/10-10:45,6093,6105,6090,6093
 2017/10/10-11:00,6094,6094,6085,6087
 2017/10/10-11:15,6086,6088,6081,6085
 2017/10/10-11:30,6085,6086,6075,6080
 2017/10/10-13:45,6079,6083,6073,6076
 2017/10/10-14:00,6076,6078,6070,6074
 2017/10/10-14:15,6074,6087,6073,6083
 2017/10/10-14:30,6083,6091,6083,6083
 2017/10/10-14:45,6083,6088,6081,6087
 2017/10/10-15:00,6087,6126,6087,6126
 2017/10/11-21:15,6125,6140,6121,6134
 2017/10/11-21:30,6134,6188,6134,6178
 2017/10/11-21:45,6179,6181,6161,6163
 2017/10/11-22:00,6163,6168,6158,6165
 2017/10/11-22:15,6165,6167,6153,6166
 2017/10/11-22:30,6166,6170,6161,6161
 2017/10/11-22:45,6161,6176,6161,6174
 2017/10/11-23:00,6174,6177,6170,6175
 2017/10/11-23:15,6175,6177,6170,6173
 2017/10/11-23:30,6173,6175,6170,6174
 2017/10/11-09:15,6173,6177,6165,6174
 2017/10/11-09:30,6174,6180,6167,6174
 2017/10/11-09:45,6175,6181,6173,6178
 2017/10/11-10:00,6179,6194,6178,6189
 2017/10/11-10:15,6188,6195,6177,6183
 2017/10/11-10:45,6183,6188,6182,6185
 2017/10/11-11:00,6185,6186,6180,6181
 2017/10/11-11:15,6181,6189,6179,6185
 2017/10/11-11:30,6186,6188,6180,6183
 2017/10/11-13:45,6183,6186,6168,6168
 2017/10/11-14:00,6169,6175,6161,6172
 2017/10/11-14:15,6172,6179,6164,6165
 2017/10/11-14:30,6165,6175,6158,6175
 2017/10/11-14:45,6175,6178,6170,6171
 2017/10/11-15:00,6172,6187,6167,6185
 2017/10/12-21:15,6194,6194,6163,6174
 2017/10/12-21:30,6175,6177,6167,6170
 2017/10/12-21:45,6170,6172,6152,6162
 2017/10/12-22:00,6162,6169,6160,6162
 2017/10/12-22:15,6162,6178,6161,6174
 2017/10/12-22:30,6174,6178,6171,6178
 2017/10/12-22:45,6177,6184,6172,6173
 2017/10/12-23:00,6174,6177,6170,6175
 2017/10/12-23:15,6176,6179,6172,6176
 2017/10/12-23:30,6176,6184,6175,6176
 2017/10/12-09:15,6177,6182,6170,6175
 2017/10/12-09:30,6174,6177,6168,6172
 2017/10/12-09:45,6172,6173,6162,6162
 2017/10/12-10:00,6164,6166,6161,6164
 2017/10/12-10:15,6165,6183,6165,6173
 2017/10/12-10:45,6174,6185,6173,6181
 2017/10/12-11:00,6182,6225,6182,6198
 2017/10/12-11:15,6199,6206,6197,6200
 2017/10/12-11:30,6201,6203,6196,6202
 2017/10/12-13:45,6206,6211,6205,6208
 2017/10/12-14:00,6208,6217,6207,6216
 2017/10/12-14:15,6217,6225,6212,6221
 2017/10/12-14:30,6221,6225,6215,6215
 2017/10/12-14:45,6214,6219,6209,6215
 2017/10/12-15:00,6215,6221,6203,6221
 2017/10/13-21:15,6210,6224,6206,6213
 2017/10/13-21:30,6213,6215,6200,6208
 2017/10/13-21:45,6208,6217,6207,6215
 2017/10/13-22:00,6214,6217,6209,6211
 2017/10/13-22:15,6211,6212,6204,6210
 2017/10/13-22:30,6210,6225,6209,6224
 2017/10/13-22:45,6224,6229,6214,6214
 2017/10/13-23:00,6214,6221,6211,6220
 2017/10/13-23:15,6220,6227,6218,6219
 2017/10/13-23:30,6220,6239,6218,6228
 2017/10/13-09:15,6234,6264,6230,6264
 2017/10/13-09:30,6263,6272,6253,6267
 2017/10/13-09:45,6267,6281,6263,6280
 2017/10/13-10:00,6281,6282,6271,6277
 2017/10/13-10:15,6276,6280,6253,6257
 2017/10/13-10:45,6257,6261,6251,6259
 2017/10/13-11:00,6259,6260,6250,6253
 2017/10/13-11:15,6253,6256,6252,6254
 2017/10/13-11:30,6254,6255,6234,6239
 2017/10/13-13:45,6239,6248,6236,6244
 2017/10/13-14:00,6244,6252,6240,6247
 2017/10/13-14:15,6247,6248,6230,6235
 2017/10/13-14:30,6236,6244,6235,6243
 2017/10/13-14:45,6242,6256,6242,6252
 2017/10/13-15:00,6251,6267,6251,6265
 2017/10/16-21:15,6262,6266,6252,6261
 2017/10/16-21:30,6262,6267,6258,6260
 2017/10/16-21:45,6260,6269,6255,6266
 2017/10/16-22:00,6266,6268,6258,6264
 2017/10/16-22:15,6266,6268,6260,6261
 2017/10/16-22:30,6262,6264,6245,6255
 2017/10/16-22:45,6254,6257,6248,6249
 2017/10/16-23:00,6249,6258,6249,6250
 2017/10/16-23:15,6251,6253,6246,6250
 2017/10/16-23:30,6250,6251,6247,6247
 2017/10/16-09:15,6251,6253,6210,6230
 2017/10/16-09:30,6231,6237,6226,6234
 2017/10/16-09:45,6233,6237,6230,6231
 2017/10/16-10:00,6232,6244,6228,6237
 2017/10/16-10:15,6237,6240,6231,6235
 2017/10/16-10:45,6235,6237,6232,6234
 2017/10/16-11:00,6233,6241,6233,6240
 2017/10/16-11:15,6239,6248,6235,6247
 2017/10/16-11:30,6247,6250,6238,6248
 2017/10/16-13:45,6248,6253,6248,6251
 2017/10/16-14:00,6251,6256,6249,6251
 2017/10/16-14:15,6250,6256,6250,6254
 2017/10/16-14:30,6255,6261,6250,6255
 2017/10/16-14:45,6255,6268,6254,6264
 2017/10/16-15:00,6264,6272,6259,6271
 2017/10/17-21:15,6254,6272,6252,6260
 2017/10/17-21:30,6260,6263,6251,6260
 2017/10/17-21:45,6260,6268,6257,6263
 2017/10/17-22:00,6264,6266,6259,6266
 2017/10/17-22:15,6265,6281,6250,6256
 2017/10/17-22:30,6255,6257,6248,6254
 2017/10/17-22:45,6254,6256,6250,6250
 2017/10/17-23:00,6251,6257,6239,6252
 2017/10/17-23:15,6252,6255,6248,6248
 2017/10/17-23:30,6247,6263,6246,6256
 2017/10/17-09:15,6254,6255,6242,6252
 2017/10/17-09:30,6253,6258,6248,6252
 2017/10/17-09:45,6253,6254,6242,6243
 2017/10/17-10:00,6243,6245,6226,6230
 2017/10/17-10:15,6230,6240,6230,6231
 2017/10/17-10:45,6231,6236,6225,6225
 2017/10/17-11:00,6223,6238,6221,6232
 2017/10/17-11:15,6232,6246,6232,6242
 2017/10/17-11:30,6241,6243,6238,6241
 2017/10/17-13:45,6241,6241,6231,6234
 2017/10/17-14:00,6236,6246,6233,6244
 2017/10/17-14:15,6245,6253,6240,6251
 2017/10/17-14:30,6250,6255,6249,6251
 2017/10/17-14:45,6252,6255,6247,6252
 2017/10/17-15:00,6253,6268,6252,6267
 2017/10/18-21:15,6255,6273,6255,6263
 2017/10/18-21:30,6263,6274,6262,6267
 2017/10/18-21:45,6268,6269,6257,6260
 2017/10/18-22:00,6259,6261,6250,6255
 2017/10/18-22:15,6255,6257,6252,6254
 2017/10/18-22:30,6254,6266,6253,6259
 2017/10/18-22:45,6258,6261,6253,6253
 2017/10/18-23:00,6253,6254,6246,6250
 2017/10/18-23:15,6250,6259,6243,6254
 2017/10/18-23:30,6253,6256,6245,6249
 2017/10/18-09:15,6249,6275,6249,6273
 2017/10/18-09:30,6273,6284,6250,6257
 2017/10/18-09:45,6257,6261,6252,6260
 2017/10/18-10:00,6260,6268,6258,6268
 2017/10/18-10:15,6268,6270,6265,6265
 2017/10/18-10:45,6265,6270,6260,6268
 2017/10/18-11:00,6269,6274,6265,6270
 2017/10/18-11:15,6271,6271,6266,6269
 2017/10/18-11:30,6270,6270,6264,6265
 2017/10/18-13:45,6267,6268,6260,6263
 2017/10/18-14:00,6263,6289,6261,6264
 2017/10/18-14:15,6265,6269,6262,6267
 2017/10/18-14:30,6266,6270,6266,6267
 2017/10/18-14:45,6268,6268,6257,6259
 2017/10/18-15:00,6260,6274,6257,6269
 2017/10/19-21:15,6269,6270,6255,6257
 2017/10/19-21:30,6256,6259,6248,6248
 2017/10/19-21:45,6248,6258,6248,6258
 2017/10/19-22:00,6258,6261,6252,6253
 2017/10/19-22:15,6252,6255,6250,6253
 2017/10/19-22:30,6254,6259,6252,6252
 2017/10/19-22:45,6252,6256,6251,6255
 2017/10/19-23:00,6254,6263,6238,6241
 2017/10/19-23:15,6239,6244,6218,6238
 2017/10/19-23:30,6238,6242,6236,6238
 2017/10/19-09:15,6238,6244,6230,6242
 2017/10/19-09:30,6243,6249,6241,6245
 2017/10/19-09:45,6245,6257,6237,6243
 2017/10/19-10:00,6243,6249,6241,6242
 2017/10/19-10:15,6242,6244,6228,6235
 2017/10/19-10:45,6235,6235,6202,6218
 2017/10/19-11:00,6218,6226,6216,6221
 2017/10/19-11:15,6220,6222,6215,6216
 2017/10/19-11:30,6217,6220,6213,6218
 2017/10/19-13:45,6218,6225,6217,6223
 2017/10/19-14:00,6223,6230,6223,6229
 2017/10/19-14:15,6229,6230,6222,6225
 2017/10/19-14:30,6226,6226,6217,6223
 2017/10/19-14:45,6224,6225,6216,6219
 2017/10/19-15:00,6218,6232,6215,6220
 2017/10/20-21:15,6233,6248,6222,6238
 2017/10/20-21:30,6239,6241,6232,6234
 2017/10/20-21:45,6235,6240,6234,6235
 2017/10/20-22:00,6235,6243,6231,6239
 2017/10/20-22:15,6240,6243,6236,6241
 2017/10/20-22:30,6241,6246,6240,6245
 2017/10/20-22:45,6245,6246,6240,6246
 2017/10/20-23:00,6246,6248,6242,6246
 2017/10/20-23:15,6245,6247,6243,6246
 2017/10/20-23:30,6246,6250,6242,6244
 2017/10/20-09:15,6241,6243,6232,6239
 2017/10/20-09:30,6239,6242,6235,6238
 2017/10/20-09:45,6238,6238,6222,6229
 2017/10/20-10:00,6230,6233,6224,6231
 2017/10/20-10:15,6232,6236,6231,6232
 2017/10/20-10:45,6232,6240,6232,6240
 2017/10/20-11:00,6240,6243,6236,6240
 2017/10/20-11:15,6241,6242,6231,6233
 2017/10/20-11:30,6234,6236,6214,6214
 2017/10/20-13:45,6214,6221,6191,6202
 2017/10/20-14:00,6202,6208,6195,6202
 2017/10/20-14:15,6202,6209,6196,6204
 2017/10/20-14:30,6204,6211,6203,6208
 2017/10/20-14:45,6208,6209,6197,6200
 2017/10/20-15:00,6199,6206,6193,6197
 2017/10/23-21:15,6195,6215,6183,6209
 2017/10/23-21:30,6209,6212,6205,6211
 2017/10/23-21:45,6211,6213,6203,6203
 2017/10/23-22:00,6203,6209,6200,6204
 2017/10/23-22:15,6204,6213,6204,6210
 2017/10/23-22:30,6210,6215,6208,6212
 2017/10/23-22:45,6211,6215,6205,6207
 2017/10/23-23:00,6206,6209,6203,6206
 2017/10/23-23:15,6206,6208,6196,6206
 2017/10/23-23:30,6206,6208,6201,6206
 2017/10/23-09:15,6208,6210,6183,6186
 2017/10/23-09:30,6187,6190,6165,6184
 2017/10/23-09:45,6185,6193,6181,6187
 2017/10/23-10:00,6187,6205,6184,6199
 2017/10/23-10:15,6200,6211,6200,6207
 2017/10/23-10:45,6207,6225,6190,6219
 2017/10/23-11:00,6218,6224,6215,6221
 2017/10/23-11:15,6222,6222,6218,6219
 2017/10/23-11:30,6219,6230,6219,6226
 2017/10/23-13:45,6226,6234,6223,6232
 2017/10/23-14:00,6232,6240,6231,6231
 2017/10/23-14:15,6230,6233,6220,6227
 2017/10/23-14:30,6227,6231,6223,6227
 2017/10/23-14:45,6227,6231,6224,6225
 2017/10/23-15:00,6225,6240,6225,6238
 2017/10/24-21:15,6234,6246,6233,6243
 2017/10/24-21:30,6242,6243,6230,6237
 2017/10/24-21:45,6237,6238,6233,6235
 2017/10/24-22:00,6235,6237,6231,6235
 2017/10/24-22:15,6235,6237,6232,6233
 2017/10/24-22:30,6232,6238,6232,6236
 2017/10/24-22:45,6236,6244,6225,6233
 2017/10/24-23:00,6233,6235,6228,6231
 2017/10/24-23:15,6233,6233,6228,6232
 2017/10/24-23:30,6232,6233,6228,6233
 2017/10/24-09:15,6233,6233,6223,6229
 2017/10/24-09:30,6228,6235,6226,6235
 2017/10/24-09:45,6235,6235,6230,6230
 2017/10/24-10:00,6230,6238,6226,6227
 2017/10/24-10:15,6227,6232,6226,6228
 2017/10/24-10:45,6228,6231,6227,6229
 2017/10/24-11:00,6228,6229,6217,6218
 2017/10/24-11:15,6218,6222,6215,6220
 2017/10/24-11:30,6221,6226,6219,6223
 2017/10/24-13:45,6222,6233,6222,6231
 2017/10/24-14:00,6230,6236,6229,6234
 2017/10/24-14:15,6234,6253,6233,6245
 2017/10/24-14:30,6244,6248,6240,6246
 2017/10/24-14:45,6246,6248,6242,6246
 2017/10/24-15:00,6245,6256,6242,6252
 2017/10/25-21:15,6260,6271,6254,6264
 2017/10/25-21:30,6265,6265,6255,6263
 2017/10/25-21:45,6263,6272,6262,6270
 2017/10/25-22:00,6270,6271,6265,6266
 2017/10/25-22:15,6266,6290,6265,6285
 2017/10/25-22:30,6284,6298,6283,6291
 2017/10/25-22:45,6292,6315,6291,6309
 2017/10/25-23:00,6310,6319,6304,6319
 2017/10/25-23:15,6319,6323,6312,6315
 2017/10/25-23:30,6316,6348,6314,6347
 2017/10/25-09:15,6344,6384,6344,6376
 2017/10/25-09:30,6375,6375,6354,6358
 2017/10/25-09:45,6357,6363,6355,6362
 2017/10/25-10:00,6363,6364,6356,6361
 2017/10/25-10:15,6361,6369,6360,6367
 2017/10/25-10:45,6368,6374,6366,6373
 2017/10/25-11:00,6374,6376,6358,6360
 2017/10/25-11:15,6361,6364,6356,6357
 2017/10/25-11:30,6357,6360,6345,6359
 2017/10/25-13:45,6359,6363,6350,6350
 2017/10/25-14:00,6348,6358,6338,6358
 2017/10/25-14:15,6358,6361,6356,6360
 2017/10/25-14:30,6360,6375,6358,6370
 2017/10/25-14:45,6369,6372,6361,6368
 2017/10/25-15:00,6370,6382,6364,6375
 2017/10/26-21:15,6371,6397,6362,6393
 2017/10/26-21:30,6393,6397,6366,6376
 2017/10/26-21:45,6377,6383,6371,6377
 2017/10/26-22:00,6376,6380,6369,6372
 2017/10/26-22:15,6372,6375,6365,6366
 2017/10/26-22:30,6366,6370,6357,6359
 2017/10/26-22:45,6359,6365,6356,6363
 2017/10/26-23:00,6363,6365,6357,6361
 2017/10/26-23:15,6361,6362,6355,6359
 2017/10/26-23:30,6359,6371,6357,6363
 2017/10/26-09:15,6362,6374,6362,6372
 2017/10/26-09:30,6372,6377,6369,6373
 2017/10/26-09:45,6374,6377,6363,6375
 2017/10/26-10:00,6376,6380,6369,6370
 2017/10/26-10:15,6369,6385,6369,6382
 2017/10/26-10:45,6381,6391,6378,6384
 2017/10/26-11:00,6383,6384,6372,6380
 2017/10/26-11:15,6380,6381,6367,6374
 2017/10/26-11:30,6374,6380,6373,6377
 2017/10/26-13:45,6377,6381,6374,6378
 2017/10/26-14:00,6378,6380,6374,6377
 2017/10/26-14:15,6376,6377,6372,6374
 2017/10/26-14:30,6374,6379,6366,6372
 2017/10/26-14:45,6372,6382,6367,6378
 2017/10/26-15:00,6378,6388,6372,6387
 2017/10/27-21:15,6374,6378,6365,6371
 2017/10/27-21:30,6371,6373,6364,6370
 2017/10/27-21:45,6371,6372,6366,6372
 2017/10/27-22:00,6372,6375,6364,6367
 2017/10/27-22:15,6367,6372,6365,6368
 2017/10/27-22:30,6368,6372,6366,6372
 2017/10/27-22:45,6372,6379,6371,6373
 2017/10/27-23:00,6372,6375,6372,6374
 2017/10/27-23:15,6374,6374,6369,6370
 2017/10/27-23:30,6371,6384,6370,6383
 2017/10/27-09:15,6383,6413,6372,6408
 2017/10/27-09:30,6409,6413,6399,6408
 2017/10/27-09:45,6408,6420,6406,6415
 2017/10/27-10:00,6416,6420,6407,6408
 2017/10/27-10:15,6407,6410,6402,6407
 2017/10/27-10:45,6407,6408,6398,6402
 2017/10/27-11:00,6402,6407,6400,6404
 2017/10/27-11:15,6404,6410,6401,6408
 2017/10/27-11:30,6408,6415,6405,6409
 2017/10/27-13:45,6410,6410,6376,6385
 2017/10/27-14:00,6385,6390,6381,6388
 2017/10/27-14:15,6387,6390,6381,6389
 2017/10/27-14:30,6389,6389,6370,6376
 2017/10/27-14:45,6376,6383,6373,6380
 2017/10/27-15:00,6381,6400,6380,6399
 2017/10/30-21:15,6393,6409,6366,6374
 2017/10/30-21:30,6374,6375,6362,6368
 2017/10/30-21:45,6367,6375,6365,6373
 2017/10/30-22:00,6374,6379,6371,6374
 2017/10/30-22:15,6374,6383,6373,6382
 2017/10/30-22:30,6382,6387,6380,6381
 2017/10/30-22:45,6382,6383,6376,6378
 2017/10/30-23:00,6378,6390,6378,6385
 2017/10/30-23:15,6385,6413,6385,6407
 2017/10/30-23:30,6406,6423,6404,6420
 2017/10/30-09:15,6426,6437,6391,6393
 2017/10/30-09:30,6393,6402,6392,6401
 2017/10/30-09:45,6400,6411,6396,6409
 2017/10/30-10:00,6409,6410,6399,6406
 2017/10/30-10:15,6405,6407,6399,6402
 2017/10/30-10:45,6402,6412,6402,6412
 2017/10/30-11:00,6412,6416,6410,6414
 2017/10/30-11:15,6413,6416,6403,6407
 2017/10/30-11:30,6408,6411,6404,6408
 2017/10/30-13:45,6400,6400,6374,6376
 2017/10/30-14:00,6376,6381,6370,6375
 2017/10/30-14:15,6373,6380,6370,6379
 2017/10/30-14:30,6378,6381,6377,6379
 2017/10/30-14:45,6380,6384,6375,6375
 2017/10/30-15:00,6376,6380,6373,6375
 2017/10/31-21:15,6375,6378,6342,6373
 2017/10/31-21:30,6375,6381,6372,6373
 2017/10/31-21:45,6373,6380,6373,6375
 2017/10/31-22:00,6374,6394,6374,6388
 2017/10/31-22:15,6386,6388,6381,6382
 2017/10/31-22:30,6381,6384,6368,6375
 2017/10/31-22:45,6375,6378,6372,6373
 2017/10/31-23:00,6373,6375,6368,6371
 2017/10/31-23:15,6371,6375,6369,6369
 2017/10/31-23:30,6369,6373,6368,6371
 2017/10/31-09:15,6371,6373,6344,6354
 2017/10/31-09:30,6354,6359,6349,6359
 2017/10/31-09:45,6359,6361,6358,6361
 2017/10/31-10:00,6360,6363,6358,6359
 2017/10/31-10:15,6359,6369,6358,6367
 2017/10/31-10:45,6368,6375,6366,6370
 2017/10/31-11:00,6369,6379,6369,6379
 2017/10/31-11:15,6378,6379,6371,6373
 2017/10/31-11:30,6373,6376,6371,6374
 2017/10/31-13:45,6373,6382,6365,6380
 2017/10/31-14:00,6381,6383,6377,6381
 2017/10/31-14:15,6381,6384,6375,6376
 2017/10/31-14:30,6376,6378,6365,6366
 2017/10/31-14:45,6366,6370,6361,6365
 2017/10/31-15:00,6365,6366,6358,6362
 2017/11/01-21:15,6371,6375,6361,6364
 2017/11/01-21:30,6363,6368,6348,6364
 2017/11/01-21:45,6363,6369,6362,6368
 2017/11/01-22:00,6369,6372,6362,6369
 2017/11/01-22:15,6370,6379,6370,6372
 2017/11/01-22:30,6372,6375,6368,6371
 2017/11/01-22:45,6371,6372,6366,6368
 2017/11/01-23:00,6369,6369,6360,6366
 2017/11/01-23:15,6365,6373,6363,6369
 2017/11/01-23:30,6368,6369,6364,6366
 2017/11/01-09:15,6366,6373,6355,6359
 2017/11/01-09:30,6359,6362,6340,6348
 2017/11/01-09:45,6348,6362,6348,6361
 2017/11/01-10:00,6361,6365,6358,6361
 2017/11/01-10:15,6361,6362,6353,6353
 2017/11/01-10:45,6354,6357,6351,6357
 2017/11/01-11:00,6357,6357,6338,6340
 2017/11/01-11:15,6341,6342,6326,6326
 2017/11/01-11:30,6326,6339,6320,6322
 2017/11/01-13:45,6321,6336,6321,6328
 2017/11/01-14:00,6328,6332,6315,6323
 2017/11/01-14:15,6323,6328,6321,6324
 2017/11/01-14:30,6323,6332,6322,6325
 2017/11/01-14:45,6325,6327,6318,6325
 2017/11/01-15:00,6325,6337,6322,6328
 2017/11/02-21:15,6330,6364,6324,6360
 2017/11/02-21:30,6362,6363,6353,6355
 2017/11/02-21:45,6355,6358,6343,6346
 2017/11/02-22:00,6346,6350,6342,6348
 2017/11/02-22:15,6348,6352,6345,6348
 2017/11/02-22:30,6348,6353,6346,6350
 2017/11/02-22:45,6350,6370,6349,6368
 2017/11/02-23:00,6369,6376,6364,6366
 2017/11/02-23:15,6367,6399,6366,6395
 2017/11/02-23:30,6395,6401,6382,6385
 2017/11/02-09:15,6380,6382,6366,6374
 2017/11/02-09:30,6374,6376,6361,6366
 2017/11/02-09:45,6365,6368,6358,6367
 2017/11/02-10:00,6367,6374,6362,6370
 2017/11/02-10:15,6370,6372,6362,6364
 2017/11/02-10:45,6364,6366,6359,6365
 2017/11/02-11:00,6363,6383,6363,6376
 2017/11/02-11:15,6376,6378,6363,6364
 2017/11/02-11:30,6365,6370,6363,6366
 2017/11/02-13:45,6370,6379,6370,6374
 2017/11/02-14:00,6374,6379,6371,6373
 2017/11/02-14:15,6373,6380,6371,6376
 2017/11/02-14:30,6376,6377,6369,6370
 2017/11/02-14:45,6370,6379,6369,6378
 2017/11/02-15:00,6378,6383,6361,6365
 2017/11/03-21:15,6350,6356,6325,6344
 2017/11/03-21:30,6344,6354,6341,6351
 2017/11/03-21:45,6352,6352,6345,6345
 2017/11/03-22:00,6345,6350,6341,6345
 2017/11/03-22:15,6345,6349,6342,6345
 2017/11/03-22:30,6345,6348,6338,6341
 2017/11/03-22:45,6341,6345,6335,6338
 2017/11/03-23:00,6338,6340,6332,6333
 2017/11/03-23:15,6333,6338,6322,6336
 2017/11/03-23:30,6336,6340,6334,6337
 2017/11/03-09:15,6337,6346,6334,6342
 2017/11/03-09:30,6342,6342,6332,6338
 2017/11/03-09:45,6338,6340,6333,6338
 2017/11/03-10:00,6338,6340,6330,6332
 2017/11/03-10:15,6331,6342,6330,6337
 2017/11/03-10:45,6338,6342,6337,6339
 2017/11/03-11:00,6340,6346,6339,6342
 2017/11/03-11:15,6344,6355,6343,6351
 2017/11/03-11:30,6351,6358,6349,6350
 2017/11/03-13:45,6351,6352,6347,6349
 2017/11/03-14:00,6349,6372,6348,6364
 2017/11/03-14:15,6364,6378,6364,6371
 2017/11/03-14:30,6370,6373,6366,6368
 2017/11/03-14:45,6368,6379,6364,6372
 2017/11/03-15:00,6373,6386,6373,6386
 2017/11/06-21:15,6383,6447,6377,6441
 2017/11/06-21:30,6443,6450,6434,6440
 2017/11/06-21:45,6441,6441,6431,6433
 2017/11/06-22:00,6433,6439,6427,6433
 2017/11/06-22:15,6433,6439,6430,6433
 2017/11/06-22:30,6434,6437,6431,6436
 2017/11/06-22:45,6436,6446,6435,6441
 2017/11/06-23:00,6440,6445,6434,6444
 2017/11/06-23:15,6444,6447,6434,6437
 2017/11/06-23:30,6436,6465,6433,6464
 2017/11/06-09:15,6456,6456,6427,6433
 2017/11/06-09:30,6432,6433,6411,6429
 2017/11/06-09:45,6430,6437,6413,6419
 2017/11/06-10:00,6419,6423,6411,6411
 2017/11/06-10:15,6411,6418,6404,6408
 2017/11/06-10:45,6407,6417,6406,6411
 2017/11/06-11:00,6411,6421,6406,6417
 2017/11/06-11:15,6418,6419,6408,6416
 2017/11/06-11:30,6416,6438,6415,6436
 2017/11/06-13:45,6437,6440,6428,6429
 2017/11/06-14:00,6430,6431,6420,6423
 2017/11/06-14:15,6423,6426,6412,6414
 2017/11/06-14:30,6414,6426,6413,6423
 2017/11/06-14:45,6423,6424,6415,6418
 2017/11/06-15:00,6418,6423,6408,6418
 2017/11/07-21:15,6418,6422,6401,6414
 2017/11/07-21:30,6414,6421,6409,6417
 2017/11/07-21:45,6417,6420,6412,6417
 2017/11/07-22:00,6416,6417,6408,6415
 2017/11/07-22:15,6416,6427,6412,6424
 2017/11/07-22:30,6424,6434,6420,6430
 2017/11/07-22:45,6430,6432,6420,6421
 2017/11/07-23:00,6421,6426,6415,6420
 2017/11/07-23:15,6420,6441,6417,6434
 2017/11/07-23:30,6433,6437,6423,6424
 2017/11/07-09:15,6434,6445,6428,6432
 2017/11/07-09:30,6431,6436,6425,6435
 2017/11/07-09:45,6435,6441,6430,6432
 2017/11/07-10:00,6432,6439,6426,6426
 2017/11/07-10:15,6427,6430,6419,6420
 2017/11/07-10:45,6419,6430,6418,6424
 2017/11/07-11:00,6424,6431,6421,6427
 2017/11/07-11:15,6427,6438,6426,6435
 2017/11/07-11:30,6435,6452,6426,6449
 2017/11/07-13:45,6450,6450,6435,6437
 2017/11/07-14:00,6437,6441,6430,6439
 2017/11/07-14:15,6439,6446,6435,6439
 2017/11/07-14:30,6440,6442,6438,6439
 2017/11/07-14:45,6439,6440,6428,6436
 2017/11/07-15:00,6436,6442,6433,6440
 2017/11/08-21:15,6436,6453,6432,6447
 2017/11/08-21:30,6447,6465,6444,6459
 2017/11/08-21:45,6458,6461,6450,6458
 2017/11/08-22:00,6458,6469,6448,6459
 2017/11/08-22:15,6459,6460,6450,6451
 2017/11/08-22:30,6451,6457,6451,6453
 2017/11/08-22:45,6453,6461,6453,6458
 2017/11/08-23:00,6457,6465,6457,6461
 2017/11/08-23:15,6461,6461,6450,6454
 2017/11/08-23:30,6453,6457,6450,6455
 2017/11/08-09:15,6456,6460,6451,6454
 2017/11/08-09:30,6455,6457,6445,6448
 2017/11/08-09:45,6448,6448,6434,6440
 2017/11/08-10:00,6440,6443,6439,6440
 2017/11/08-10:15,6440,6448,6439,6444
 2017/11/08-10:45,6445,6446,6442,6443
 2017/11/08-11:00,6441,6445,6437,6441
 2017/11/08-11:15,6441,6442,6433,6435
 2017/11/08-11:30,6435,6445,6432,6438
 2017/11/08-13:45,6439,6445,6438,6441
 2017/11/08-14:00,6440,6447,6439,6447
 2017/11/08-14:15,6446,6459,6439,6452
 2017/11/08-14:30,6453,6454,6450,6453
 2017/11/08-14:45,6453,6460,6452,6459
 2017/11/08-15:00,6458,6460,6445,6449
 2017/11/09-21:15,6454,6458,6445,6458
 2017/11/09-21:30,6458,6480,6454,6475
 2017/11/09-21:45,6476,6485,6472,6479
 2017/11/09-22:00,6479,6495,6475,6494
 2017/11/09-22:15,6494,6495,6486,6490
 2017/11/09-22:30,6490,6492,6486,6492
 2017/11/09-22:45,6492,6525,6492,6513
 2017/11/09-23:00,6513,6517,6507,6512
 2017/11/09-23:15,6511,6516,6506,6515
 2017/11/09-23:30,6515,6528,6511,6518
 2017/11/09-09:15,6523,6535,6514,6522
 2017/11/09-09:30,6522,6527,6511,6520
 2017/11/09-09:45,6521,6523,6513,6514
 2017/11/09-10:00,6515,6518,6513,6513
 2017/11/09-10:15,6513,6515,6508,6513
 2017/11/09-10:45,6513,6515,6507,6513
 2017/11/09-11:00,6514,6517,6513,6514
 2017/11/09-11:15,6513,6526,6513,6520
 2017/11/09-11:30,6521,6537,6514,6515
 2017/11/09-13:45,6514,6526,6509,6519
 2017/11/09-14:00,6519,6527,6518,6527
 2017/11/09-14:15,6527,6531,6502,6506
 2017/11/09-14:30,6506,6512,6499,6508
 2017/11/09-14:45,6509,6515,6508,6513
 2017/11/09-15:00,6512,6523,6502,6507
 2017/11/10-21:15,6501,6516,6479,6490
 2017/11/10-21:30,6489,6500,6487,6500
 2017/11/10-21:45,6500,6504,6492,6496
 2017/11/10-22:00,6495,6500,6486,6490
 2017/11/10-22:15,6489,6495,6471,6477
 2017/11/10-22:30,6477,6481,6474,6480
 2017/11/10-22:45,6479,6480,6465,6468
 2017/11/10-23:00,6468,6468,6460,6468
 2017/11/10-23:15,6468,6477,6467,6474
 2017/11/10-23:30,6474,6477,6466,6470
 2017/11/10-09:15,6473,6481,6464,6476
 2017/11/10-09:30,6476,6483,6473,6475
 2017/11/10-09:45,6474,6475,6467,6472
 2017/11/10-10:00,6472,6475,6461,6469
 2017/11/10-10:15,6469,6469,6465,6468
 2017/11/10-10:45,6468,6474,6464,6466
 2017/11/10-11:00,6465,6474,6464,6470
 2017/11/10-11:15,6471,6476,6470,6472
 2017/11/10-11:30,6473,6478,6469,6469
 2017/11/10-13:45,6467,6475,6456,6458
 2017/11/10-14:00,6458,6460,6447,6450
 2017/11/10-14:15,6451,6451,6423,6432
 2017/11/10-14:30,6433,6435,6416,6435
 2017/11/10-14:45,6434,6435,6426,6427
 2017/11/10-15:00,6427,6440,6421,6435
 2017/11/13-21:15,6435,6474,6435,6469
 2017/11/13-21:30,6469,6489,6468,6478
 2017/11/13-21:45,6477,6514,6476,6508
 2017/11/13-22:00,6508,6517,6490,6495
 2017/11/13-22:15,6494,6498,6490,6495
 2017/11/13-22:30,6495,6500,6494,6499
 2017/11/13-22:45,6500,6505,6494,6503
 2017/11/13-23:00,6503,6514,6502,6507
 2017/11/13-23:15,6508,6517,6504,6512
 2017/11/13-23:30,6513,6519,6511,6515
 2017/11/13-09:15,6515,6515,6491,6492
 2017/11/13-09:30,6491,6499,6486,6492
 2017/11/13-09:45,6492,6503,6490,6496
 2017/11/13-10:00,6496,6502,6492,6497
 2017/11/13-10:15,6498,6500,6489,6492
 2017/11/13-10:45,6492,6501,6491,6498
 2017/11/13-11:00,6499,6500,6495,6497
 2017/11/13-11:15,6497,6505,6497,6497
 2017/11/13-11:30,6498,6504,6495,6501
 2017/11/13-13:45,6501,6503,6490,6495
 2017/11/13-14:00,6495,6495,6486,6494
 2017/11/13-14:15,6494,6499,6487,6497
 2017/11/13-14:30,6497,6500,6493,6500
 2017/11/13-14:45,6499,6505,6499,6503
 2017/11/13-15:00,6503,6504,6488,6492
 2017/11/14-21:15,6460,6500,6460,6487
 2017/11/14-21:30,6487,6496,6485,6493
 2017/11/14-21:45,6494,6500,6493,6499
 2017/11/14-22:00,6499,6501,6493,6495
 2017/11/14-22:15,6494,6504,6494,6496
 2017/11/14-22:30,6495,6502,6495,6498
 2017/11/14-22:45,6498,6498,6488,6498
 2017/11/14-23:00,6498,6501,6494,6498
 2017/11/14-23:15,6499,6506,6496,6499
 2017/11/14-23:30,6499,6508,6495,6504
 2017/11/14-09:15,6504,6515,6495,6512
 2017/11/14-09:30,6511,6516,6507,6511
 2017/11/14-09:45,6511,6519,6503,6506
 2017/11/14-10:00,6506,6509,6496,6498
 2017/11/14-10:15,6498,6500,6489,6492
 2017/11/14-10:45,6492,6496,6490,6494
 2017/11/14-11:00,6494,6504,6492,6496
 2017/11/14-11:15,6496,6500,6492,6493
 2017/11/14-11:30,6494,6503,6492,6502
 2017/11/14-13:45,6502,6506,6497,6499
 2017/11/14-14:00,6499,6501,6494,6497
 2017/11/14-14:15,6497,6502,6496,6500
 2017/11/14-14:30,6500,6501,6494,6498
 2017/11/14-14:45,6498,6501,6489,6491
 2017/11/14-15:00,6490,6497,6488,6494
 2017/11/15-21:15,6495,6495,6470,6476
 2017/11/15-21:30,6475,6485,6470,6484
 2017/11/15-21:45,6484,6486,6479,6481
 2017/11/15-22:00,6481,6486,6479,6483
 2017/11/15-22:15,6482,6483,6479,6481
 2017/11/15-22:30,6481,6482,6479,6479
 2017/11/15-22:45,6480,6483,6478,6480
 2017/11/15-23:00,6479,6481,6463,6467
 2017/11/15-23:15,6468,6481,6465,6467
 2017/11/15-23:30,6467,6480,6454,6477
 2017/11/15-09:15,6486,6497,6481,6483
 2017/11/15-09:30,6483,6485,6466,6470
 2017/11/15-09:45,6470,6478,6465,6475
 2017/11/15-10:00,6475,6486,6474,6484
 2017/11/15-10:15,6484,6493,6482,6489
 2017/11/15-10:45,6489,6491,6482,6488
 2017/11/15-11:00,6488,6496,6485,6488
 2017/11/15-11:15,6487,6489,6479,6482
 2017/11/15-11:30,6482,6491,6481,6484
 2017/11/15-13:45,6486,6490,6483,6488
 2017/11/15-14:00,6488,6495,6488,6493
 2017/11/15-14:15,6493,6506,6490,6499
 2017/11/15-14:30,6500,6500,6491,6496
 2017/11/15-14:45,6496,6496,6475,6483
 2017/11/15-15:00,6483,6486,6477,6479
 2017/11/16-21:15,6474,6486,6465,6485
 2017/11/16-21:30,6485,6490,6481,6487
 2017/11/16-21:45,6487,6489,6483,6486
 2017/11/16-22:00,6486,6491,6480,6481
 2017/11/16-22:15,6481,6489,6475,6485
 2017/11/16-22:30,6485,6487,6480,6484
 2017/11/16-22:45,6484,6487,6478,6483
 2017/11/16-23:00,6481,6482,6475,6481
 2017/11/16-23:15,6481,6481,6470,6474
 2017/11/16-23:30,6473,6486,6472,6484
 2017/11/16-09:15,6482,6493,6482,6491
 2017/11/16-09:30,6491,6492,6482,6485
 2017/11/16-09:45,6484,6487,6481,6485
 2017/11/16-10:00,6486,6486,6475,6478
 2017/11/16-10:15,6478,6480,6471,6474
 2017/11/16-10:45,6474,6475,6462,6472
 2017/11/16-11:00,6473,6482,6473,6475
 2017/11/16-11:15,6475,6476,6465,6470
 2017/11/16-11:30,6469,6473,6463,6469
 2017/11/16-13:45,6464,6465,6428,6428
 2017/11/16-14:00,6428,6431,6408,6412
 2017/11/16-14:15,6415,6417,6396,6414
 2017/11/16-14:30,6414,6418,6409,6411
 2017/11/16-14:45,6411,6424,6409,6409
 2017/11/16-15:00,6409,6420,6409,6414
 2017/11/17-21:15,6416,6441,6416,6440
 2017/11/17-21:30,6440,6440,6398,6410
 2017/11/17-21:45,6410,6417,6405,6415
 2017/11/17-22:00,6415,6424,6414,6419
 2017/11/17-22:15,6419,6420,6408,6413
 2017/11/17-22:30,6414,6416,6401,6401
 2017/11/17-22:45,6402,6402,6385,6393
 2017/11/17-23:00,6394,6405,6388,6399
 2017/11/17-23:15,6398,6407,6396,6405
 2017/11/17-23:30,6406,6409,6397,6405
 2017/11/17-09:15,6410,6414,6396,6396
 2017/11/17-09:30,6396,6401,6386,6400
 2017/11/17-09:45,6399,6401,6392,6393
 2017/11/17-10:00,6393,6395,6388,6393
 2017/11/17-10:15,6392,6396,6390,6394
 2017/11/17-10:45,6394,6399,6393,6394
 2017/11/17-11:00,6393,6399,6387,6389
 2017/11/17-11:15,6388,6392,6381,6387
 2017/11/17-11:30,6386,6391,6379,6387
 2017/11/17-13:45,6391,6400,6387,6396
 2017/11/17-14:00,6397,6397,6390,6395
 2017/11/17-14:15,6395,6396,6386,6388
 2017/11/17-14:30,6387,6390,6386,6388
 2017/11/17-14:45,6388,6393,6366,6373
 2017/11/17-15:00,6374,6375,6354,6363
 2017/11/20-21:15,6389,6389,6365,6373
 2017/11/20-21:30,6373,6381,6364,6368
 2017/11/20-21:45,6368,6368,6341,6352
 2017/11/20-22:00,6352,6358,6343,6352
 2017/11/20-22:15,6352,6361,6348,6358
 2017/11/20-22:30,6358,6365,6355,6365
 2017/11/20-22:45,6364,6370,6363,6368
 2017/11/20-23:00,6368,6368,6363,6365
 2017/11/20-23:15,6366,6366,6353,6355
 2017/11/20-23:30,6356,6363,6350,6362
 2017/11/20-09:15,6362,6383,6362,6371
 2017/11/20-09:30,6371,6376,6363,6369
 2017/11/20-09:45,6369,6375,6366,6375
 2017/11/20-10:00,6375,6377,6365,6370
 2017/11/20-10:15,6370,6380,6369,6377
 2017/11/20-10:45,6377,6377,6363,6369
 2017/11/20-11:00,6368,6372,6364,6370
 2017/11/20-11:15,6371,6374,6368,6373
 2017/11/20-11:30,6373,6380,6373,6379
 2017/11/20-13:45,6379,6387,6377,6387
 2017/11/20-14:00,6387,6397,6385,6391
 2017/11/20-14:15,6391,6395,6388,6390
 2017/11/20-14:30,6391,6397,6389,6392
 2017/11/20-14:45,6392,6397,6390,6392
 2017/11/20-15:00,6391,6399,6388,6397
 2017/11/21-21:15,6386,6434,6381,6432
 2017/11/21-21:30,6432,6440,6412,6414
 2017/11/21-21:45,6414,6416,6393,6398
 2017/11/21-22:00,6398,6402,6378,6387
 2017/11/21-22:15,6387,6394,6381,6389
 2017/11/21-22:30,6388,6392,6386,6388
 2017/11/21-22:45,6389,6391,6379,6382
 2017/11/21-23:00,6382,6392,6381,6388
 2017/11/21-23:15,6388,6390,6372,6379
 2017/11/21-23:30,6379,6387,6374,6380
 2017/11/21-09:15,6380,6381,6359,6360
 2017/11/21-09:30,6359,6367,6353,6360
 2017/11/21-09:45,6361,6373,6360,6368
 2017/11/21-10:00,6368,6377,6365,6372
 2017/11/21-10:15,6372,6383,6371,6382
 2017/11/21-10:45,6382,6392,6379,6381
 2017/11/21-11:00,6382,6391,6378,6385
 2017/11/21-11:15,6384,6388,6381,6385
 2017/11/21-11:30,6385,6387,6382,6383
 2017/11/21-13:45,6383,6384,6381,6383
 2017/11/21-14:00,6383,6392,6382,6390
 2017/11/21-14:15,6390,6392,6386,6389
 2017/11/21-14:30,6389,6400,6387,6387
 2017/11/21-14:45,6387,6388,6373,6376
 2017/11/21-15:00,6376,6388,6373,6387
 2017/11/22-21:15,6395,6395,6378,6378
 2017/11/22-21:30,6380,6400,6376,6399
 2017/11/22-21:45,6399,6405,6379,6387
 2017/11/22-22:00,6386,6392,6377,6380
 2017/11/22-22:15,6380,6390,6376,6385
 2017/11/22-22:30,6386,6392,6382,6389
 2017/11/22-22:45,6389,6392,6379,6384
 2017/11/22-23:00,6383,6396,6380,6393
 2017/11/22-23:15,6394,6394,6385,6387
 2017/11/22-23:30,6386,6390,6381,6381
 2017/11/22-09:15,6383,6392,6375,6384
 2017/11/22-09:30,6383,6384,6364,6366
 2017/11/22-09:45,6366,6373,6363,6372
 2017/11/22-10:00,6372,6378,6371,6375
 2017/11/22-10:15,6375,6376,6368,6369
 2017/11/22-10:45,6369,6371,6361,6369
 2017/11/22-11:00,6369,6373,6360,6364
 2017/11/22-11:15,6363,6368,6345,6349
 2017/11/22-11:30,6346,6355,6335,6351
 2017/11/22-13:45,6345,6359,6345,6351
 2017/11/22-14:00,6352,6362,6349,6357
 2017/11/22-14:15,6357,6359,6351,6354
 2017/11/22-14:30,6354,6357,6351,6353
 2017/11/22-14:45,6353,6359,6350,6357
 2017/11/22-15:00,6357,6360,6352,6355
 2017/11/23-21:15,6365,6371,6352,6358
 2017/11/23-21:30,6357,6360,6347,6356
 2017/11/23-21:45,6356,6361,6356,6359
 2017/11/23-22:00,6360,6363,6356,6362
 2017/11/23-22:15,6363,6364,6351,6355
 2017/11/23-22:30,6354,6359,6354,6357
 2017/11/23-22:45,6357,6363,6356,6362
 2017/11/23-23:00,6362,6386,6360,6384
 2017/11/23-23:15,6384,6384,6377,6378
 2017/11/23-23:30,6379,6382,6373,6376
 2017/11/23-09:15,6378,6386,6367,6373
 2017/11/23-09:30,6374,6384,6371,6381
 2017/11/23-09:45,6382,6388,6376,6379
 2017/11/23-10:00,6379,6380,6375,6378
 2017/11/23-10:15,6377,6380,6370,6370
 2017/11/23-10:45,6370,6373,6356,6372
 2017/11/23-11:00,6371,6377,6371,6375
 2017/11/23-11:15,6375,6378,6373,6375
 2017/11/23-11:30,6375,6380,6372,6380
 2017/11/23-13:45,6379,6382,6374,6378
 2017/11/23-14:00,6378,6382,6377,6378
 2017/11/23-14:15,6379,6389,6374,6389
 2017/11/23-14:30,6388,6393,6383,6385
 2017/11/23-14:45,6385,6389,6383,6385
 2017/11/23-15:00,6386,6388,6375,6388
 2017/11/24-21:15,6390,6402,6376,6386
 2017/11/24-21:30,6387,6387,6378,6385
 2017/11/24-21:45,6384,6389,6382,6388
 2017/11/24-22:00,6389,6395,6387,6394
 2017/11/24-22:15,6394,6397,6391,6394
 2017/11/24-22:30,6395,6396,6390,6393
 2017/11/24-22:45,6392,6402,6391,6396
 2017/11/24-23:00,6396,6405,6396,6399
 2017/11/24-23:15,6398,6405,6398,6399
 2017/11/24-23:30,6399,6401,6397,6398
 2017/11/24-09:15,6401,6404,6393,6399
 2017/11/24-09:30,6399,6400,6393,6393
 2017/11/24-09:45,6394,6399,6393,6399
 2017/11/24-10:00,6399,6399,6396,6396
 2017/11/24-10:15,6396,6399,6394,6398
 2017/11/24-10:45,6397,6401,6393,6401
 2017/11/24-11:00,6400,6403,6397,6402
 2017/11/24-11:15,6402,6405,6396,6401
 2017/11/24-11:30,6400,6402,6396,6400
 2017/11/24-13:45,6400,6410,6397,6406
 2017/11/24-14:00,6405,6410,6401,6406
 2017/11/24-14:15,6406,6418,6406,6415
 2017/11/24-14:30,6416,6419,6412,6414
 2017/11/24-14:45,6414,6417,6411,6414
 2017/11/24-15:00,6415,6415,6401,6409
 2017/11/27-21:15,6402,6407,6391,6403
 2017/11/27-21:30,6402,6409,6401,6406
 2017/11/27-21:45,6408,6411,6406,6406
 2017/11/27-22:00,6406,6408,6401,6407
 2017/11/27-22:15,6407,6408,6402,6404
 2017/11/27-22:30,6404,6406,6395,6398
 2017/11/27-22:45,6398,6406,6398,6403
 2017/11/27-23:00,6404,6405,6402,6403
 2017/11/27-23:15,6404,6405,6400,6401
 2017/11/27-23:30,6403,6407,6398,6405
 2017/11/27-09:15,6404,6509,6401,6500
 2017/11/27-09:30,6499,6508,6484,6501
 2017/11/27-09:45,6501,6510,6493,6498
 2017/11/27-10:00,6498,6503,6486,6500
 2017/11/27-10:15,6499,6503,6485,6486
 2017/11/27-10:45,6485,6492,6481,6491
 2017/11/27-11:00,6491,6493,6484,6492
 2017/11/27-11:15,6491,6495,6487,6491
 2017/11/27-11:30,6492,6496,6485,6485
 2017/11/27-13:45,6486,6488,6472,6478
 2017/11/27-14:00,6478,6482,6475,6480
 2017/11/27-14:15,6480,6490,6479,6490
 2017/11/27-14:30,6491,6498,6489,6489
 2017/11/27-14:45,6489,6499,6486,6488
 2017/11/27-15:00,6487,6492,6477,6487
 2017/11/28-21:15,6488,6488,6472,6482
 2017/11/28-21:30,6482,6494,6481,6488
 2017/11/28-21:45,6488,6490,6482,6483
 2017/11/28-22:00,6483,6488,6482,6484
 2017/11/28-22:15,6484,6488,6476,6484
 2017/11/28-22:30,6484,6486,6481,6483
 2017/11/28-22:45,6483,6484,6480,6481
 2017/11/28-23:00,6482,6484,6479,6483
 2017/11/28-23:15,6483,6486,6479,6481
 2017/11/28-23:30,6482,6495,6479,6480
 2017/11/28-09:15,6482,6495,6473,6489
 2017/11/28-09:30,6489,6493,6483,6492
 2017/11/28-09:45,6492,6492,6483,6484
 2017/11/28-10:00,6485,6490,6472,6472
 2017/11/28-10:15,6472,6480,6472,6478
 2017/11/28-10:45,6476,6483,6476,6479
 2017/11/28-11:00,6478,6482,6478,6481
 2017/11/28-11:15,6482,6482,6476,6479
 2017/11/28-11:30,6479,6480,6474,6476
 2017/11/28-13:45,6480,6500,6479,6497
 2017/11/28-14:00,6498,6501,6494,6499
 2017/11/28-14:15,6498,6499,6491,6493
 2017/11/28-14:30,6493,6499,6493,6498
 2017/11/28-14:45,6498,6500,6494,6499
 2017/11/28-15:00,6499,6513,6493,6504
 2017/11/29-21:15,6498,6617,6497,6583
 2017/11/29-21:30,6583,6594,6561,6569
 2017/11/29-21:45,6570,6574,6546,6547
 2017/11/29-22:00,6547,6549,6516,6534
 2017/11/29-22:15,6535,6546,6525,6526
 2017/11/29-22:30,6527,6542,6524,6524
 2017/11/29-22:45,6525,6526,6451,6460
 2017/11/29-23:00,6461,6467,6455,6459
 2017/11/29-23:15,6459,6467,6454,6456
 2017/11/29-23:30,6456,6465,6450,6459
 2017/11/29-09:15,6467,6487,6461,6480
 2017/11/29-09:30,6479,6480,6464,6476
 2017/11/29-09:45,6476,6478,6470,6477
 2017/11/29-10:00,6477,6477,6458,6463
 2017/11/29-10:15,6464,6467,6461,6463
 2017/11/29-10:45,6463,6464,6457,6459
 2017/11/29-11:00,6458,6472,6457,6463
 2017/11/29-11:15,6463,6466,6460,6465
 2017/11/29-11:30,6465,6469,6461,6462
 2017/11/29-13:45,6463,6466,6455,6462
 2017/11/29-14:00,6462,6463,6457,6460
 2017/11/29-14:15,6460,6462,6459,6461
 2017/11/29-14:30,6461,6463,6459,6461
 2017/11/29-14:45,6461,6474,6460,6470
 2017/11/29-15:00,6471,6471,6465,6470
 2017/11/30-21:15,6453,6479,6453,6472
 2017/11/30-21:30,6472,6481,6471,6476
 2017/11/30-21:45,6477,6484,6473,6477
 2017/11/30-22:00,6478,6478,6470,6473
 2017/11/30-22:15,6472,6473,6463,6466
 2017/11/30-22:30,6465,6473,6463,6471
 2017/11/30-22:45,6471,6473,6469,6471
 2017/11/30-23:00,6471,6473,6467,6469
 2017/11/30-23:15,6469,6469,6450,6456
 2017/11/30-23:30,6457,6457,6421,6424
 2017/11/30-09:15,6425,6430,6399,6404
 2017/11/30-09:30,6404,6418,6393,6415
 2017/11/30-09:45,6414,6429,6413,6421
 2017/11/30-10:00,6420,6423,6410,6412
 2017/11/30-10:15,6412,6422,6412,6420
 2017/11/30-10:45,6421,6430,6415,6417
 2017/11/30-11:00,6417,6420,6411,6413
 2017/11/30-11:15,6412,6413,6393,6408
 2017/11/30-11:30,6408,6408,6400,6403
 2017/11/30-13:45,6400,6407,6365,6385
 2017/11/30-14:00,6385,6406,6384,6392
 2017/11/30-14:15,6391,6395,6384,6390
 2017/11/30-14:30,6390,6395,6383,6386
 2017/11/30-14:45,6385,6390,6368,6371
 2017/11/30-15:00,6371,6388,6368,6386
 2017/12/01-21:15,6392,6417,6387,6397
 2017/12/01-21:30,6397,6413,6394,6411
 2017/12/01-21:45,6413,6413,6400,6409
 2017/12/01-22:00,6410,6410,6401,6403
 2017/12/01-22:15,6403,6409,6401,6405
 2017/12/01-22:30,6404,6412,6403,6409
 2017/12/01-22:45,6409,6414,6407,6413
 2017/12/01-23:00,6412,6449,6410,6424
 2017/12/01-23:15,6423,6441,6422,6436
 2017/12/01-23:30,6436,6438,6418,6425
 2017/12/01-09:15,6418,6426,6402,6406
 2017/12/01-09:30,6406,6419,6405,6418
 2017/12/01-09:45,6418,6430,6416,6421
 2017/12/01-10:00,6421,6435,6417,6431
 2017/12/01-10:15,6430,6440,6422,6438
 2017/12/01-10:45,6438,6442,6426,6429
 2017/12/01-11:00,6429,6429,6418,6422
 2017/12/01-11:15,6422,6426,6420,6425
 2017/12/01-11:30,6424,6425,6416,6421
 2017/12/01-13:45,6418,6418,6403,6407
 2017/12/01-14:00,6406,6411,6406,6409
 2017/12/01-14:15,6408,6410,6401,6409
 2017/12/01-14:30,6409,6413,6406,6408
 2017/12/01-14:45,6409,6415,6404,6411
 2017/12/01-15:00,6410,6418,6403,6413
 2017/12/04-21:15,6410,6429,6398,6425
 2017/12/04-21:30,6426,6429,6420,6425
 2017/12/04-21:45,6424,6426,6418,6422
 2017/12/04-22:00,6423,6426,6422,6423
 2017/12/04-22:15,6424,6428,6422,6428
 2017/12/04-22:30,6428,6431,6425,6428
 2017/12/04-22:45,6427,6429,6419,6423
 2017/12/04-23:00,6424,6430,6424,6427
 2017/12/04-23:15,6427,6429,6424,6426
 2017/12/04-23:30,6426,6430,6420,6430
 2017/12/04-09:15,6427,6444,6386,6395
 2017/12/04-09:30,6394,6398,6388,6394
 2017/12/04-09:45,6394,6407,6393,6401
 2017/12/04-10:00,6402,6415,6395,6409
 2017/12/04-10:15,6410,6412,6406,6410
 2017/12/04-10:45,6410,6415,6401,6402
 2017/12/04-11:00,6401,6418,6401,6412
 2017/12/04-11:15,6412,6423,6410,6423
 2017/12/04-11:30,6423,6426,6411,6426
 2017/12/04-13:45,6426,6437,6425,6429
 2017/12/04-14:00,6429,6438,6429,6438
 2017/12/04-14:15,6437,6449,6428,6431
 2017/12/04-14:30,6432,6439,6432,6434
 2017/12/04-14:45,6433,6446,6429,6443
 2017/12/04-15:00,6443,6453,6423,6430
 2017/12/05-21:15,6417,6442,6417,6429
 2017/12/05-21:30,6430,6442,6428,6440
 2017/12/05-21:45,6439,6442,6435,6436
 2017/12/05-22:00,6437,6441,6432,6432
 2017/12/05-22:15,6432,6448,6424,6448
 2017/12/05-22:30,6447,6460,6438,6447
 2017/12/05-22:45,6447,6448,6433,6440
 2017/12/05-23:00,6439,6445,6435,6442
 2017/12/05-23:15,6443,6449,6440,6447
 2017/12/05-23:30,6449,6449,6438,6441
 2017/12/05-09:15,6443,6475,6443,6475
 2017/12/05-09:30,6473,6502,6466,6499
 2017/12/05-09:45,6500,6500,6488,6493
 2017/12/05-10:00,6493,6497,6489,6491
 2017/12/05-10:15,6491,6494,6476,6483
 2017/12/05-10:45,6484,6493,6479,6483
 2017/12/05-11:00,6484,6488,6482,6484
 2017/12/05-11:15,6484,6494,6484,6492
 2017/12/05-11:30,6492,6498,6490,6498
 2017/12/05-13:45,6497,6500,6491,6499
 2017/12/05-14:00,6498,6507,6491,6502
 2017/12/05-14:15,6501,6504,6491,6494
 2017/12/05-14:30,6494,6499,6493,6497
 2017/12/05-14:45,6497,6499,6488,6493
 2017/12/05-15:00,6495,6514,6486,6494
 2017/12/06-21:15,6495,6496,6479,6486
 2017/12/06-21:30,6486,6513,6485,6508
 2017/12/06-21:45,6509,6522,6501,6514
 2017/12/06-22:00,6513,6515,6506,6510
 2017/12/06-22:15,6511,6511,6506,6509
 2017/12/06-22:30,6509,6510,6492,6492
 2017/12/06-22:45,6494,6510,6492,6510
 2017/12/06-23:00,6509,6510,6499,6502
 2017/12/06-23:15,6503,6520,6501,6511
 2017/12/06-23:30,6511,6515,6509,6512
 2017/12/06-09:15,6505,6510,6492,6502
 2017/12/06-09:30,6501,6506,6497,6505
 2017/12/06-09:45,6505,6510,6504,6506
 2017/12/06-10:00,6506,6507,6482,6497
 2017/12/06-10:15,6497,6503,6496,6498
 2017/12/06-10:45,6497,6504,6495,6504
 2017/12/06-11:00,6503,6504,6500,6500
 2017/12/06-11:15,6502,6504,6499,6500
 2017/12/06-11:30,6501,6503,6499,6502
 2017/12/06-13:45,6500,6503,6500,6500
 2017/12/06-14:00,6500,6505,6496,6504
 2017/12/06-14:15,6505,6507,6495,6498
 2017/12/06-14:30,6498,6501,6497,6498
 2017/12/06-14:45,6498,6503,6493,6498
 2017/12/06-15:00,6498,6508,6496,6506
 2017/12/07-21:15,6506,6519,6503,6518
 2017/12/07-21:30,6517,6518,6499,6503
 2017/12/07-21:45,6502,6511,6500,6507
 2017/12/07-22:00,6508,6508,6502,6504
 2017/12/07-22:15,6504,6507,6501,6504
 2017/12/07-22:30,6503,6505,6503,6503
 2017/12/07-22:45,6503,6506,6502,6504
 2017/12/07-23:00,6504,6506,6504,6505
 2017/12/07-23:15,6505,6506,6495,6498
 2017/12/07-23:30,6497,6503,6481,6502
 2017/12/07-09:15,6498,6499,6481,6494
 2017/12/07-09:30,6494,6497,6485,6485
 2017/12/07-09:45,6485,6496,6485,6495
 2017/12/07-10:00,6495,6505,6492,6503
 2017/12/07-10:15,6503,6505,6500,6502
 2017/12/07-10:45,6502,6502,6499,6501
 2017/12/07-11:00,6501,6502,6498,6499
 2017/12/07-11:15,6498,6503,6497,6501
 2017/12/07-11:30,6501,6505,6501,6504
 2017/12/07-13:45,6505,6509,6504,6507
 2017/12/07-14:00,6509,6509,6502,6502
 2017/12/07-14:15,6502,6506,6498,6506
 2017/12/07-14:30,6506,6507,6500,6500
 2017/12/07-14:45,6499,6505,6494,6498
 2017/12/07-15:00,6498,6530,6497,6517
 2017/12/08-21:15,6510,6534,6507,6511
 2017/12/08-21:30,6512,6519,6509,6517
 2017/12/08-21:45,6517,6517,6498,6511
 2017/12/08-22:00,6511,6516,6508,6514
 2017/12/08-22:15,6515,6515,6506,6506
 2017/12/08-22:30,6505,6512,6504,6506
 2017/12/08-22:45,6505,6511,6503,6507
 2017/12/08-23:00,6507,6507,6500,6505
 2017/12/08-23:15,6504,6505,6500,6502
 2017/12/08-23:30,6502,6516,6500,6509
 2017/12/08-09:15,6508,6508,6499,6504
 2017/12/08-09:30,6504,6506,6500,6502
 2017/12/08-09:45,6502,6508,6500,6507
 2017/12/08-10:00,6508,6509,6505,6505
 2017/12/08-10:15,6505,6508,6502,6507
 2017/12/08-10:45,6508,6508,6502,6506
 2017/12/08-11:00,6506,6509,6503,6509
 2017/12/08-11:15,6508,6509,6505,6508
 2017/12/08-11:30,6508,6510,6504,6508
 2017/12/08-13:45,6507,6509,6506,6508
 2017/12/08-14:00,6507,6509,6505,6507
 2017/12/08-14:15,6506,6509,6505,6506
 2017/12/08-14:30,6506,6510,6505,6508
 2017/12/08-14:45,6507,6516,6507,6515
 2017/12/08-15:00,6515,6538,6513,6536
 2017/12/11-21:15,6550,6560,6538,6539
 2017/12/11-21:30,6539,6541,6536,6538
 2017/12/11-21:45,6538,6539,6535,6535
 2017/12/11-22:00,6537,6537,6519,6521
 2017/12/11-22:15,6520,6528,6519,6525
 2017/12/11-22:30,6525,6526,6524,6525
 2017/12/11-22:45,6525,6526,6523,6524
 2017/12/11-23:00,6524,6525,6522,6524
 2017/12/11-23:15,6523,6525,6522,6524
 2017/12/11-23:30,6524,6525,6521,6523
 2017/12/11-09:15,6521,6527,6508,6525
 2017/12/11-09:30,6525,6536,6524,6528
 2017/12/11-09:45,6527,6532,6527,6530
 2017/12/11-10:00,6529,6532,6527,6530
 2017/12/11-10:15,6529,6531,6527,6531
 2017/12/11-10:45,6531,6531,6523,6529
 2017/12/11-11:00,6530,6530,6526,6527
 2017/12/11-11:15,6527,6531,6525,6528
 2017/12/11-11:30,6528,6530,6527,6528
 2017/12/11-13:45,6528,6528,6526,6527
 2017/12/11-14:00,6527,6531,6527,6530
 2017/12/11-14:15,6530,6530,6528,6529
 2017/12/11-14:30,6529,6530,6528,6530
 2017/12/11-14:45,6530,6530,6526,6527
 2017/12/11-15:00,6526,6530,6526,6530
 2017/12/12-21:15,6529,6535,6490,6506
 2017/12/12-21:30,6511,6526,6511,6512
 2017/12/12-21:45,6513,6517,6510,6512
 2017/12/12-22:00,6512,6519,6510,6516
 2017/12/12-22:15,6515,6517,6511,6512
 2017/12/12-22:30,6511,6514,6510,6511
 2017/12/12-22:45,6511,6513,6510,6511
 2017/12/12-23:00,6511,6516,6510,6514
 2017/12/12-23:15,6514,6520,6512,6520
 2017/12/12-23:30,6518,6525,6518,6521
 2017/12/12-09:15,6515,6521,6507,6515
 2017/12/12-09:30,6514,6517,6512,6513
 2017/12/12-09:45,6513,6515,6512,6513
 2017/12/12-10:00,6513,6515,6508,6513
 2017/12/12-10:15,6514,6516,6511,6515
 2017/12/12-10:45,6515,6519,6515,6518
 2017/12/12-11:00,6519,6520,6517,6517
 2017/12/12-11:15,6517,6519,6514,6516
 2017/12/12-11:30,6516,6518,6514,6515
 2017/12/12-13:45,6513,6513,6504,6505
 2017/12/12-14:00,6505,6509,6504,6506
 2017/12/12-14:15,6505,6506,6503,6504
 2017/12/12-14:30,6504,6504,6495,6500
 2017/12/12-14:45,6499,6502,6499,6501
 2017/12/12-15:00,6502,6507,6497,6498
 2017/12/13-21:15,6497,6497,6480,6484
 2017/12/13-21:30,6483,6499,6480,6488
 2017/12/13-21:45,6488,6499,6488,6493
 2017/12/13-22:00,6493,6494,6489,6490
 2017/12/13-22:15,6488,6491,6485,6491
 2017/12/13-22:30,6490,6491,6488,6491
 2017/12/13-22:45,6490,6493,6480,6486
 2017/12/13-23:00,6487,6489,6477,6478
 2017/12/13-23:15,6474,6487,6468,6481
 2017/12/13-23:30,6481,6489,6478,6478
 2017/12/13-09:15,6482,6491,6468,6484
 2017/12/13-09:30,6484,6487,6477,6481
 2017/12/13-09:45,6478,6485,6472,6473
 2017/12/13-10:00,6473,6474,6439,6446
 2017/12/13-10:15,6446,6446,6423,6430
 2017/12/13-10:45,6429,6432,6423,6425
 2017/12/13-11:00,6425,6429,6415,6417
 2017/12/13-11:15,6416,6420,6413,6418
 2017/12/13-11:30,6418,6418,6398,6399
 2017/12/13-13:45,6398,6398,6357,6359
 2017/12/13-14:00,6359,6365,6340,6348
 2017/12/13-14:15,6349,6367,6349,6355
 2017/12/13-14:30,6356,6356,6348,6349
 2017/12/13-14:45,6348,6352,6342,6345
 2017/12/13-15:00,6346,6364,6333,6342
 2017/12/14-21:15,6031,6037,5992,5998
 2017/12/14-21:30,5998,6005,5985,6001
 2017/12/14-21:45,6002,6003,5994,5995
 2017/12/14-22:00,5996,6000,5990,5993
 2017/12/14-22:15,5993,5999,5984,5995
 2017/12/14-22:30,5995,5998,5990,5996
 2017/12/14-22:45,5997,5997,5993,5996
 2017/12/14-23:00,5994,5999,5994,5998
 2017/12/14-23:15,5997,5998,5988,5991
 2017/12/14-23:30,5991,5998,5988,5989
 2017/12/14-09:15,5989,5995,5981,5991
 2017/12/14-09:30,5991,5998,5985,5993
 2017/12/14-09:45,5994,5994,5983,5985
 2017/12/14-10:00,5984,5990,5983,5990
 2017/12/14-10:15,5989,5991,5988,5990
 2017/12/14-10:45,5990,5992,5988,5992
 2017/12/14-11:00,5991,5993,5984,5986
 2017/12/14-11:15,5986,5990,5986,5987
 2017/12/14-11:30,5987,5989,5975,5976
 2017/12/14-13:45,5975,5975,5957,5961
 2017/12/14-14:00,5961,5969,5958,5966
 2017/12/14-14:15,5966,5971,5960,5963
 2017/12/14-14:30,5964,5969,5957,5960
 2017/12/14-14:45,5959,5965,5953,5958
 2017/12/14-15:00,5959,5967,5952,5959
 2017/12/15-21:15,5967,5977,5961,5974
 2017/12/15-21:30,5973,5974,5965,5968
 2017/12/15-21:45,5967,5973,5966,5971
 2017/12/15-22:00,5971,5974,5970,5973
 2017/12/15-22:15,5973,5978,5972,5976
 2017/12/15-22:30,5977,5983,5976,5976
 2017/12/15-22:45,5976,5980,5974,5978
 2017/12/15-23:00,5980,5980,5974,5975
 2017/12/15-23:15,5975,5978,5974,5976
 2017/12/15-23:30,5976,5986,5976,5985
 2017/12/15-09:15,5979,5982,5972,5973
 2017/12/15-09:30,5973,5982,5973,5981
 2017/12/15-09:45,5981,5982,5978,5980
 2017/12/15-10:00,5980,5986,5975,5984
 2017/12/15-10:15,5984,5986,5979,5982
 2017/12/15-10:45,5981,5986,5980,5980
 2017/12/15-11:00,5981,5986,5980,5983
 2017/12/15-11:15,5983,5990,5981,5984
 2017/12/15-11:30,5984,5986,5981,5982
 2017/12/15-13:45,5982,5984,5973,5973
 2017/12/15-14:00,5973,5979,5970,5977
 2017/12/15-14:15,5977,5981,5975,5976
 2017/12/15-14:30,5977,5979,5971,5972
 2017/12/15-14:45,5972,5974,5965,5972
 2017/12/15-15:00,5972,5972,5960,5961
 2017/12/18-21:15,5974,5981,5966,5976
 2017/12/18-21:30,5976,5988,5975,5987
 2017/12/18-21:45,5987,5988,5983,5983
 2017/12/18-22:00,5984,5986,5980,5984
 2017/12/18-22:15,5984,5988,5983,5986
 2017/12/18-22:30,5985,5985,5982,5983
 2017/12/18-22:45,5982,5984,5973,5983
 2017/12/18-23:00,5984,5995,5980,5993
 2017/12/18-23:15,5993,6013,5988,6011
 2017/12/18-23:30,6010,6023,6001,6005
 2017/12/18-09:15,5988,5997,5980,5997
 2017/12/18-09:30,5997,5997,5990,5994
 2017/12/18-09:45,5994,5998,5992,5998
 2017/12/18-10:00,5998,5998,5984,5985
 2017/12/18-10:15,5986,5988,5983,5984
 2017/12/18-10:45,5985,5987,5981,5983
 2017/12/18-11:00,5983,5988,5982,5984
 2017/12/18-11:15,5983,5988,5980,5980
 2017/12/18-11:30,5980,5983,5976,5982
 2017/12/18-13:45,5982,5991,5981,5986
 2017/12/18-14:00,5986,5987,5979,5982
 2017/12/18-14:15,5981,5988,5979,5986
 2017/12/18-14:30,5986,5986,5974,5982
 2017/12/18-14:45,5983,5995,5981,5994
 2017/12/18-15:00,5993,5998,5990,5994
 2017/12/19-21:15,6000,6002,5988,5991
 2017/12/19-21:30,5991,5991,5980,5983
 2017/12/19-21:45,5983,5985,5980,5984
 2017/12/19-22:00,5984,5988,5980,5985
 2017/12/19-22:15,5984,5993,5982,5992
 2017/12/19-22:30,5991,5992,5988,5990
 2017/12/19-22:45,5991,5992,5986,5987
 2017/12/19-23:00,5986,5991,5984,5990
 2017/12/19-23:15,5990,5996,5989,5995
 2017/12/19-23:30,5995,6000,5995,5997
 2017/12/19-09:15,5995,6003,5990,6001
 2017/12/19-09:30,6000,6005,5993,5998
 2017/12/19-09:45,5998,6000,5985,5990
 2017/12/19-10:00,5989,5995,5988,5990
 2017/12/19-10:15,5991,5991,5980,5984
 2017/12/19-10:45,5985,5986,5983,5983
 2017/12/19-11:00,5983,5987,5982,5985
 2017/12/19-11:15,5985,5985,5965,5969
 2017/12/19-11:30,5968,5972,5960,5968
 2017/12/19-13:45,5968,5972,5960,5966
 2017/12/19-14:00,5966,5970,5953,5963
 2017/12/19-14:15,5964,5970,5962,5966
 2017/12/19-14:30,5966,5967,5950,5961
 2017/12/19-14:45,5961,5968,5959,5963
 2017/12/19-15:00,5964,5970,5962,5968
 2017/12/20-21:15,5974,5985,5964,5983
 2017/12/20-21:30,5984,6001,5984,5995
 2017/12/20-21:45,5996,5996,5987,5989
 2017/12/20-22:00,5989,5994,5987,5991
 2017/12/20-22:15,5991,5993,5986,5989
 2017/12/20-22:30,5988,5990,5984,5986
 2017/12/20-22:45,5987,5992,5985,5991
 2017/12/20-23:00,5992,5995,5989,5994
 2017/12/20-23:15,5994,5995,5992,5993
 2017/12/20-23:30,5993,5998,5993,5995
 2017/12/20-09:15,5998,6025,5997,6015
 2017/12/20-09:30,6015,6016,6005,6008
 2017/12/20-09:45,6008,6010,6002,6003
 2017/12/20-10:00,6002,6007,6002,6005
 2017/12/20-10:15,6005,6005,6000,6003
 2017/12/20-10:45,6003,6005,6001,6002
 2017/12/20-11:00,6002,6006,6000,6003
 2017/12/20-11:15,6003,6004,5993,5995
 2017/12/20-11:30,5996,5999,5992,5994
 2017/12/20-13:45,5993,5996,5985,5991
 2017/12/20-14:00,5991,5991,5987,5990
 2017/12/20-14:15,5989,5996,5989,5994
 2017/12/20-14:30,5994,5994,5989,5991
 2017/12/20-14:45,5992,5994,5989,5989
 2017/12/20-15:00,5989,5990,5969,5970
 2017/12/21-21:15,5975,5975,5961,5962
 2017/12/21-21:30,5961,5972,5961,5966
 2017/12/21-21:45,5966,5968,5956,5960
 2017/12/21-22:00,5961,5968,5956,5965
 2017/12/21-22:15,5965,5967,5964,5964
 2017/12/21-22:30,5964,5965,5961,5964
 2017/12/21-22:45,5963,5968,5961,5962
 2017/12/21-23:00,5962,5965,5936,5936
 2017/12/21-23:15,5937,5943,5932,5934
 2017/12/21-23:30,5934,5942,5933,5939
 2017/12/21-09:15,5938,5951,5938,5943
 2017/12/21-09:30,5943,5949,5939,5944
 2017/12/21-09:45,5943,5947,5937,5942
 2017/12/21-10:00,5942,5948,5942,5945
 2017/12/21-10:15,5945,5947,5940,5940
 2017/12/21-10:45,5941,5948,5938,5947
 2017/12/21-11:00,5946,5951,5942,5948
 2017/12/21-11:15,5948,5973,5947,5964
 2017/12/21-11:30,5964,5982,5963,5974
 2017/12/21-13:45,5971,5974,5969,5970
 2017/12/21-14:00,5970,5982,5970,5982
 2017/12/21-14:15,5982,5982,5975,5981
 2017/12/21-14:30,5981,5988,5978,5985
 2017/12/21-14:45,5985,5986,5981,5983
 2017/12/21-15:00,5982,5988,5975,5977
 2017/12/22-21:15,5987,5988,5973,5982
 2017/12/22-21:30,5982,5982,5969,5975
 2017/12/22-21:45,5975,5978,5965,5972
 2017/12/22-22:00,5971,5975,5968,5975
 2017/12/22-22:15,5975,5978,5968,5971
 2017/12/22-22:30,5970,5975,5970,5972
 2017/12/22-22:45,5972,5974,5957,5960
 2017/12/22-23:00,5959,5963,5946,5949
 2017/12/22-23:15,5949,5957,5948,5953
 2017/12/22-23:30,5953,5955,5948,5950
 2017/12/22-09:15,5959,5978,5959,5972
 2017/12/22-09:30,5973,5982,5972,5976
 2017/12/22-09:45,5976,5979,5972,5973
 2017/12/22-10:00,5974,5976,5970,5971
 2017/12/22-10:15,5971,5973,5965,5966
 2017/12/22-10:45,5966,5975,5961,5964
 2017/12/22-11:00,5963,5963,5949,5954
 2017/12/22-11:15,5953,5954,5949,5949
 2017/12/22-11:30,5949,5954,5948,5952
 2017/12/22-13:45,5953,5962,5952,5956
 2017/12/22-14:00,5956,5958,5952,5952
 2017/12/22-14:15,5952,5957,5952,5953
 2017/12/22-14:30,5953,5955,5953,5954
 2017/12/22-14:45,5953,5959,5951,5958
 2017/12/22-15:00,5959,5968,5950,5961
 2017/12/25-21:15,5955,5976,5955,5969
 2017/12/25-21:30,5969,5971,5965,5967
 2017/12/25-21:45,5967,5973,5964,5973
 2017/12/25-22:00,5973,5974,5968,5974
 2017/12/25-22:15,5973,5975,5971,5972
 2017/12/25-22:30,5972,5979,5967,5968
 2017/12/25-22:45,5968,5980,5968,5979
 2017/12/25-23:00,5979,5979,5971,5973
 2017/12/25-23:15,5974,5976,5971,5971
 2017/12/25-23:30,5971,5972,5964,5964
 2017/12/25-09:15,5966,5972,5917,5930
 2017/12/25-09:30,5930,5939,5930,5935
 2017/12/25-09:45,5935,5942,5931,5939
 2017/12/25-10:00,5941,5948,5939,5941
 2017/12/25-10:15,5941,5945,5939,5943
 2017/12/25-10:45,5941,5946,5939,5942
 2017/12/25-11:00,5942,5958,5942,5954
 2017/12/25-11:15,5953,5957,5953,5953
 2017/12/25-11:30,5953,5956,5950,5950
 2017/12/25-13:45,5950,5957,5948,5957
 2017/12/25-14:00,5957,5968,5957,5961
 2017/12/25-14:15,5961,5997,5960,5992
 2017/12/25-14:30,5992,6000,5984,5992
 2017/12/25-14:45,5992,5992,5981,5983
 2017/12/25-15:00,5983,5984,5977,5980
 2017/12/26-21:15,5977,5988,5969,5987
 2017/12/26-21:30,5987,5997,5980,5987
 2017/12/26-21:45,5986,5987,5978,5981
 2017/12/26-22:00,5981,5984,5974,5974
 2017/12/26-22:15,5974,5979,5972,5977
 2017/12/26-22:30,5975,5980,5975,5978
 2017/12/26-22:45,5978,5978,5972,5973
 2017/12/26-23:00,5973,5980,5972,5977
 2017/12/26-23:15,5976,5978,5974,5975
 2017/12/26-23:30,5975,5978,5970,5973
 2017/12/26-09:15,5974,5986,5974,5980
 2017/12/26-09:30,5979,5987,5979,5985
 2017/12/26-09:45,5983,5987,5981,5986
 2017/12/26-10:00,5985,5987,5970,5970
 2017/12/26-10:15,5970,5971,5964,5969
 2017/12/26-10:45,5969,5969,5965,5966
 2017/12/26-11:00,5966,5967,5960,5960
 2017/12/26-11:15,5960,5965,5960,5961
 2017/12/26-11:30,5960,5961,5954,5958
 2017/12/26-13:45,5958,5967,5958,5965
 2017/12/26-14:00,5966,5973,5963,5971
 2017/12/26-14:15,5971,5971,5964,5966
 2017/12/26-14:30,5966,5968,5961,5967
 2017/12/26-14:45,5967,5970,5965,5966
 2017/12/26-15:00,5966,5970,5964,5967
 2017/12/27-21:15,5975,5980,5964,5964
 2017/12/27-21:30,5963,5965,5951,5957
 2017/12/27-21:45,5957,5962,5954,5959
 2017/12/27-22:00,5959,5962,5957,5960
 2017/12/27-22:15,5959,5960,5955,5956
 2017/12/27-22:30,5957,5959,5956,5957
 2017/12/27-22:45,5956,5967,5941,5948
 2017/12/27-23:00,5948,5954,5941,5949
 2017/12/27-23:15,5949,5953,5943,5945
 2017/12/27-23:30,5945,5955,5942,5947
 2017/12/27-09:15,5949,5955,5941,5948
 2017/12/27-09:30,5948,5954,5947,5952
 2017/12/27-09:45,5952,5960,5949,5955
 2017/12/27-10:00,5955,5957,5944,5945
 2017/12/27-10:15,5945,5948,5936,5946
 2017/12/27-10:45,5946,5947,5942,5945
 2017/12/27-11:00,5944,5951,5944,5949
 2017/12/27-11:15,5948,5952,5947,5950
 2017/12/27-11:30,5949,5953,5948,5950
 2017/12/27-13:45,5951,5952,5946,5950
 2017/12/27-14:00,5950,5955,5950,5953
 2017/12/27-14:15,5953,5953,5946,5947
 2017/12/27-14:30,5947,5948,5942,5944
 2017/12/27-14:45,5944,5946,5930,5935
 2017/12/27-15:00,5933,5937,5920,5924
 2017/12/28-21:15,5921,5938,5911,5934
 2017/12/28-21:30,5935,5938,5931,5936
 2017/12/28-21:45,5936,5940,5936,5938
 2017/12/28-22:00,5938,5943,5937,5939
 2017/12/28-22:15,5939,5942,5936,5941
 2017/12/28-22:30,5941,5943,5938,5938
 2017/12/28-22:45,5939,5941,5933,5939
 2017/12/28-23:00,5939,5946,5939,5942
 2017/12/28-23:15,5943,5950,5942,5945
 2017/12/28-23:30,5945,5948,5942,5944
 2017/12/28-09:15,5944,5946,5935,5938
 2017/12/28-09:30,5938,5940,5931,5933
 2017/12/28-09:45,5933,5942,5932,5940
 2017/12/28-10:00,5939,5940,5934,5934
 2017/12/28-10:15,5935,5943,5935,5941
 2017/12/28-10:45,5941,5947,5938,5946
 2017/12/28-11:00,5946,5957,5945,5953
 2017/12/28-11:15,5952,5953,5948,5949
 2017/12/28-11:30,5950,5952,5946,5948
 2017/12/28-13:45,5949,5951,5943,5947
 2017/12/28-14:00,5946,5947,5936,5937
 2017/12/28-14:15,5938,5941,5936,5939
 2017/12/28-14:30,5940,5940,5932,5935
 2017/12/28-14:45,5936,5937,5934,5936
 2017/12/28-15:00,5937,5938,5930,5938
 2017/12/29-21:15,5936,5940,5922,5937
 2017/12/29-21:30,5937,5942,5934,5939
 2017/12/29-21:45,5939,5941,5936,5938
 2017/12/29-22:00,5938,5947,5937,5946
 2017/12/29-22:15,5946,5948,5943,5946
 2017/12/29-22:30,5946,5947,5942,5944
 2017/12/29-22:45,5945,5945,5939,5940
 2017/12/29-23:00,5941,5943,5937,5943
 2017/12/29-23:15,5943,5946,5942,5944
 2017/12/29-23:30,5944,5948,5941,5946
 2017/12/29-09:15,5945,5950,5941,5945
 2017/12/29-09:30,5945,5945,5942,5943
 2017/12/29-09:45,5943,5944,5937,5938
 2017/12/29-10:00,5938,5942,5937,5939
 2017/12/29-10:15,5939,5946,5934,5945
 2017/12/29-10:45,5945,5947,5943,5944
 2017/12/29-11:00,5945,5946,5940,5943
 2017/12/29-11:15,5943,5944,5936,5940
 2017/12/29-11:30,5940,5941,5937,5940
 2017/12/29-13:45,5938,5940,5933,5935
 2017/12/29-14:00,5935,5938,5932,5933
 2017/12/29-14:15,5933,5935,5926,5927
 2017/12/29-14:30,5928,5934,5927,5930
 2017/12/29-14:45,5930,5931,5929,5930
 2017/12/29-15:00,5929,5938,5926,5937
 2018/01/02-09:15,5930,5965,5930,5956
 2018/01/02-09:30,5956,5958,5949,5954
 2018/01/02-09:45,5954,5956,5950,5954
 2018/01/02-10:00,5954,5959,5952,5952
 2018/01/02-10:15,5954,5957,5952,5957
 2018/01/02-10:45,5956,5957,5951,5953
 2018/01/02-11:00,5953,5956,5951,5954
 2018/01/02-11:15,5954,5955,5946,5947
 2018/01/02-11:30,5947,5950,5945,5950
 2018/01/02-13:45,5950,5951,5910,5917
 2018/01/02-14:00,5916,5924,5900,5902
 2018/01/02-14:15,5902,5908,5893,5894
 2018/01/02-14:30,5894,5900,5885,5898
 2018/01/02-14:45,5897,5903,5895,5898
 2018/01/02-15:00,5897,5906,5895,5897
 2018/01/03-21:15,5893,5904,5891,5903
 2018/01/03-21:30,5902,5904,5900,5900
 2018/01/03-21:45,5901,5904,5900,5900
 2018/01/03-22:00,5900,5901,5893,5899
 2018/01/03-22:15,5898,5900,5896,5898
 2018/01/03-22:30,5897,5903,5897,5899
 2018/01/03-22:45,5900,5902,5898,5901
 2018/01/03-23:00,5901,5902,5898,5901
 2018/01/03-23:15,5900,5903,5900,5903
 2018/01/03-23:30,5903,5906,5901,5902
 2018/01/03-09:15,5906,5917,5906,5910
 2018/01/03-09:30,5909,5915,5904,5912
 2018/01/03-09:45,5911,5914,5909,5910
 2018/01/03-10:00,5911,5912,5903,5906
 2018/01/03-10:15,5906,5907,5897,5902
 2018/01/03-10:45,5903,5903,5898,5900
 2018/01/03-11:00,5900,5902,5896,5900
 2018/01/03-11:15,5900,5901,5896,5900
 2018/01/03-11:30,5899,5906,5897,5903
 2018/01/03-13:45,5903,5910,5898,5909
 2018/01/03-14:00,5909,5913,5906,5907
 2018/01/03-14:15,5907,5910,5906,5906
 2018/01/03-14:30,5905,5907,5898,5903
 2018/01/03-14:45,5903,5905,5902,5903
 2018/01/03-15:00,5904,5906,5900,5905
 2018/01/04-21:15,5898,5898,5877,5887
 2018/01/04-21:30,5887,5889,5875,5878
 2018/01/04-21:45,5878,5882,5875,5876
 2018/01/04-22:00,5876,5878,5868,5873
 2018/01/04-22:15,5873,5877,5872,5875
 2018/01/04-22:30,5874,5877,5871,5872
 2018/01/04-22:45,5872,5873,5847,5849
 2018/01/04-23:00,5848,5853,5843,5847
 2018/01/04-23:15,5847,5856,5847,5854
 2018/01/04-23:30,5854,5861,5854,5857
 2018/01/04-09:15,5859,5859,5847,5851
 2018/01/04-09:30,5851,5855,5847,5849
 2018/01/04-09:45,5848,5850,5838,5839
 2018/01/04-10:00,5839,5847,5837,5844
 2018/01/04-10:15,5844,5845,5829,5831
 2018/01/04-10:45,5831,5840,5831,5839
 2018/01/04-11:00,5839,5846,5838,5844
 2018/01/04-11:15,5844,5847,5843,5845
 2018/01/04-11:30,5845,5849,5840,5848
 2018/01/04-13:45,5849,5855,5847,5852
 2018/01/04-14:00,5852,5855,5851,5851
 2018/01/04-14:15,5852,5855,5848,5853
 2018/01/04-14:30,5853,5853,5842,5844
 2018/01/04-14:45,5844,5848,5840,5845
 2018/01/04-15:00,5845,5860,5844,5858
 2018/01/05-21:15,5843,5854,5843,5849
 2018/01/05-21:30,5849,5852,5847,5848
 2018/01/05-21:45,5848,5854,5845,5852
 2018/01/05-22:00,5852,5853,5848,5848
 2018/01/05-22:15,5849,5853,5849,5850
 2018/01/05-22:30,5851,5852,5845,5848
 2018/01/05-22:45,5847,5850,5845,5849
 2018/01/05-23:00,5848,5852,5846,5850
 2018/01/05-23:15,5849,5856,5849,5850
 2018/01/05-23:30,5850,5851,5844,5844
 2018/01/05-09:15,5845,5851,5844,5847
 2018/01/05-09:30,5847,5850,5835,5840
 2018/01/05-09:45,5840,5842,5837,5839
 2018/01/05-10:00,5839,5845,5838,5843
 2018/01/05-10:15,5843,5845,5842,5843
 2018/01/05-10:45,5843,5845,5837,5840
 2018/01/05-11:00,5840,5847,5839,5847
 2018/01/05-11:15,5847,5847,5844,5845
 2018/01/05-11:30,5844,5845,5841,5843
 2018/01/05-13:45,5843,5852,5842,5852
 2018/01/05-14:00,5852,5867,5851,5866
 2018/01/05-14:15,5866,5866,5855,5857
 2018/01/05-14:30,5857,5866,5853,5863
 2018/01/05-14:45,5863,5869,5859,5863
 2018/01/05-15:00,5863,5873,5863,5867
 2018/01/08-21:15,5864,5872,5862,5868
 2018/01/08-21:30,5867,5868,5863,5867
 2018/01/08-21:45,5867,5870,5865,5869
 2018/01/08-22:00,5869,5870,5864,5865
 2018/01/08-22:15,5865,5867,5862,5864
 2018/01/08-22:30,5863,5866,5862,5864
 2018/01/08-22:45,5864,5868,5864,5867
 2018/01/08-23:00,5867,5869,5864,5866
 2018/01/08-23:15,5866,5868,5864,5865
 2018/01/08-23:30,5863,5866,5863,5864
 2018/01/08-09:15,5864,5865,5850,5863
 2018/01/08-09:30,5863,5882,5859,5878
 2018/01/08-09:45,5878,5885,5874,5877
 2018/01/08-10:00,5878,5879,5875,5878
 2018/01/08-10:15,5877,5878,5871,5875
 2018/01/08-10:45,5874,5874,5869,5873
 2018/01/08-11:00,5874,5874,5868,5871
 2018/01/08-11:15,5871,5873,5867,5869
 2018/01/08-11:30,5868,5869,5864,5867
 2018/01/08-13:45,5867,5875,5867,5872
 2018/01/08-14:00,5871,5877,5871,5872
 2018/01/08-14:15,5872,5874,5864,5866
 2018/01/08-14:30,5866,5870,5865,5867
 2018/01/08-14:45,5868,5873,5866,5873
 2018/01/08-15:00,5872,5876,5872,5874
 2018/01/09-21:15,5868,5883,5868,5871
 2018/01/09-21:30,5871,5873,5865,5867
 2018/01/09-21:45,5867,5870,5858,5869
 2018/01/09-22:00,5868,5878,5866,5876
 2018/01/09-22:15,5875,5877,5870,5873
 2018/01/09-22:30,5872,5875,5871,5874
 2018/01/09-22:45,5874,5876,5871,5873
 2018/01/09-23:00,5872,5875,5869,5872
 2018/01/09-23:15,5871,5874,5868,5870
 2018/01/09-23:30,5870,5873,5868,5872
 2018/01/09-09:15,5875,5882,5874,5882
 2018/01/09-09:30,5882,5887,5872,5875
 2018/01/09-09:45,5876,5876,5873,5875
 2018/01/09-10:00,5875,5879,5874,5876
 2018/01/09-10:15,5876,5879,5874,5878
 2018/01/09-10:45,5878,5879,5872,5874
 2018/01/09-11:00,5874,5876,5863,5864
 2018/01/09-11:15,5864,5866,5858,5865
 2018/01/09-11:30,5865,5865,5850,5854
 2018/01/09-13:45,5855,5858,5848,5856
 2018/01/09-14:00,5856,5858,5850,5855
 2018/01/09-14:15,5854,5857,5852,5855
 2018/01/09-14:30,5856,5866,5854,5862
 2018/01/09-14:45,5862,5865,5861,5861
 2018/01/09-15:00,5862,5867,5854,5864
 2018/01/10-21:15,5864,5873,5859,5870
 2018/01/10-21:30,5871,5873,5866,5869
 2018/01/10-21:45,5868,5869,5862,5869
 2018/01/10-22:00,5869,5872,5865,5870
 2018/01/10-22:15,5870,5874,5867,5868
 2018/01/10-22:30,5868,5871,5867,5869
 2018/01/10-22:45,5869,5870,5867,5869
 2018/01/10-23:00,5868,5871,5867,5868
 2018/01/10-23:15,5868,5868,5860,5863
 2018/01/10-23:30,5864,5867,5863,5865
 2018/01/10-09:15,5870,5874,5863,5872
 2018/01/10-09:30,5872,5879,5869,5879
 2018/01/10-09:45,5879,5885,5876,5879
 2018/01/10-10:00,5878,5878,5871,5872
 2018/01/10-10:15,5873,5874,5870,5871
 2018/01/10-10:45,5872,5880,5871,5879
 2018/01/10-11:00,5878,5881,5875,5877
 2018/01/10-11:15,5876,5880,5871,5872
 2018/01/10-11:30,5872,5875,5870,5871
 2018/01/10-13:45,5873,5878,5871,5876
 2018/01/10-14:00,5877,5880,5874,5879
 2018/01/10-14:15,5880,5880,5871,5875
 2018/01/10-14:30,5875,5877,5873,5875
 2018/01/10-14:45,5874,5881,5871,5877
 2018/01/10-15:00,5877,5882,5876,5877
 2018/01/11-21:15,5882,5888,5874,5886
 2018/01/11-21:30,5886,5888,5880,5883
 2018/01/11-21:45,5883,5884,5877,5879
 2018/01/11-22:00,5879,5882,5878,5880
 2018/01/11-22:15,5880,5880,5871,5876
 2018/01/11-22:30,5875,5876,5872,5876
 2018/01/11-22:45,5876,5877,5874,5877
 2018/01/11-23:00,5876,5881,5876,5879
 2018/01/11-23:15,5879,5880,5868,5872
 2018/01/11-23:30,5872,5877,5868,5875
 2018/01/11-09:15,5873,5874,5862,5868
 2018/01/11-09:30,5867,5870,5865,5868
 2018/01/11-09:45,5867,5870,5867,5868
 2018/01/11-10:00,5868,5870,5866,5869
 2018/01/11-10:15,5869,5874,5867,5873
 2018/01/11-10:45,5873,5874,5869,5871
 2018/01/11-11:00,5871,5871,5866,5867
 2018/01/11-11:15,5867,5868,5854,5859
 2018/01/11-11:30,5860,5863,5859,5860
 2018/01/11-13:45,5862,5872,5861,5867
 2018/01/11-14:00,5866,5872,5866,5871
 2018/01/11-14:15,5871,5872,5868,5870
 2018/01/11-14:30,5870,5871,5867,5870
 2018/01/11-14:45,5870,5879,5869,5877
 2018/01/11-15:00,5878,5879,5871,5872
 2018/01/12-21:15,5851,5869,5851,5864
 2018/01/12-21:30,5863,5867,5862,5867
 2018/01/12-21:45,5867,5869,5863,5865
 2018/01/12-22:00,5865,5868,5864,5867
 2018/01/12-22:15,5867,5867,5864,5867
 2018/01/12-22:30,5867,5867,5864,5866
 2018/01/12-22:45,5866,5867,5864,5866
 2018/01/12-23:00,5866,5868,5861,5864
 2018/01/12-23:15,5864,5867,5862,5864
 2018/01/12-23:30,5864,5866,5861,5866
 2018/01/12-09:15,5864,5864,5855,5860
 2018/01/12-09:30,5860,5861,5856,5858
 2018/01/12-09:45,5858,5859,5846,5850
 2018/01/12-10:00,5850,5858,5849,5856
 2018/01/12-10:15,5856,5856,5851,5853
 2018/01/12-10:45,5853,5857,5851,5855
 2018/01/12-11:00,5856,5856,5853,5854
 2018/01/12-11:15,5855,5864,5853,5859
 2018/01/12-11:30,5859,5862,5858,5859
 2018/01/12-13:45,5859,5862,5854,5862
 2018/01/12-14:00,5862,5865,5861,5863
 2018/01/12-14:15,5863,5863,5860,5862
 2018/01/12-14:30,5861,5865,5861,5864
 2018/01/12-14:45,5864,5865,5861,5862
 2018/01/12-15:00,5862,5865,5860,5862
 2018/01/15-21:15,5870,5876,5855,5858
 2018/01/15-21:30,5858,5860,5848,5855
 2018/01/15-21:45,5854,5857,5854,5855
 2018/01/15-22:00,5854,5858,5852,5855
 2018/01/15-22:15,5855,5857,5853,5857
 2018/01/15-22:30,5856,5858,5853,5854
 2018/01/15-22:45,5854,5855,5849,5852
 2018/01/15-23:00,5852,5858,5852,5856
 2018/01/15-23:15,5856,5857,5853,5854
 2018/01/15-23:30,5854,5858,5850,5857
 2018/01/15-09:15,5858,5860,5823,5844
 2018/01/15-09:30,5845,5846,5831,5835
 2018/01/15-09:45,5835,5839,5831,5834
 2018/01/15-10:00,5834,5834,5820,5831
 2018/01/15-10:15,5831,5831,5825,5827
 2018/01/15-10:45,5827,5827,5805,5811
 2018/01/15-11:00,5810,5814,5809,5812
 2018/01/15-11:15,5813,5814,5809,5812
 2018/01/15-11:30,5812,5813,5808,5810
 2018/01/15-13:45,5812,5817,5809,5816
 2018/01/15-14:00,5816,5817,5812,5813
 2018/01/15-14:15,5813,5814,5809,5813
 2018/01/15-14:30,5812,5814,5809,5811
 2018/01/15-14:45,5811,5814,5809,5812
 2018/01/15-15:00,5812,5826,5811,5815
 2018/01/16-21:15,5812,5822,5812,5821
 2018/01/16-21:30,5822,5824,5820,5821
 2018/01/16-21:45,5821,5824,5821,5822
 2018/01/16-22:00,5821,5824,5821,5824
 2018/01/16-22:15,5824,5824,5820,5823
 2018/01/16-22:30,5822,5823,5820,5822
 2018/01/16-22:45,5822,5825,5821,5823
 2018/01/16-23:00,5823,5824,5820,5822
 2018/01/16-23:15,5822,5823,5822,5823
 2018/01/16-23:30,5823,5824,5820,5823
 2018/01/16-09:15,5821,5821,5814,5817
 2018/01/16-09:30,5817,5817,5811,5813
 2018/01/16-09:45,5813,5821,5813,5818
 2018/01/16-10:00,5818,5819,5813,5815
 2018/01/16-10:15,5815,5818,5815,5816
 2018/01/16-10:45,5816,5819,5815,5817
 2018/01/16-11:00,5817,5818,5813,5814
 2018/01/16-11:15,5814,5817,5814,5815
 2018/01/16-11:30,5816,5816,5809,5811
 2018/01/16-13:45,5811,5821,5808,5818
 2018/01/16-14:00,5819,5824,5817,5822
 2018/01/16-14:15,5821,5825,5816,5818
 2018/01/16-14:30,5818,5819,5813,5814
 2018/01/16-14:45,5813,5818,5811,5818
 2018/01/16-15:00,5818,5819,5813,5815
 2018/01/17-21:15,5810,5830,5810,5829
 2018/01/17-21:30,5830,5830,5824,5825
 2018/01/17-21:45,5825,5826,5820,5822
 2018/01/17-22:00,5822,5828,5821,5824
 2018/01/17-22:15,5824,5827,5824,5827
 2018/01/17-22:30,5827,5827,5823,5824
 2018/01/17-22:45,5824,5825,5818,5820
 2018/01/17-23:00,5819,5821,5793,5796
 2018/01/17-23:15,5797,5806,5796,5801
 2018/01/17-23:30,5801,5803,5796,5801
 2018/01/17-09:15,5799,5799,5785,5791
 2018/01/17-09:30,5791,5794,5788,5792
 2018/01/17-09:45,5790,5792,5789,5791
 2018/01/17-10:00,5790,5791,5786,5789
 2018/01/17-10:15,5789,5793,5788,5793
 2018/01/17-10:45,5794,5794,5790,5792
 2018/01/17-11:00,5791,5798,5790,5795
 2018/01/17-11:15,5795,5801,5795,5797
 2018/01/17-11:30,5798,5801,5795,5797
 2018/01/17-13:45,5797,5799,5792,5798
 2018/01/17-14:00,5797,5797,5790,5790
 2018/01/17-14:15,5790,5793,5790,5791
 2018/01/17-14:30,5792,5793,5786,5787
 2018/01/17-14:45,5786,5788,5779,5782
 2018/01/17-15:00,5781,5790,5781,5785
 2018/01/18-21:15,5785,5794,5783,5793
 2018/01/18-21:30,5792,5794,5789,5790
 2018/01/18-21:45,5789,5795,5788,5794
 2018/01/18-22:00,5794,5795,5791,5791
 2018/01/18-22:15,5792,5792,5789,5790
 2018/01/18-22:30,5791,5791,5788,5789
 2018/01/18-22:45,5789,5792,5785,5789
 2018/01/18-23:00,5789,5791,5785,5786
 2018/01/18-23:15,5787,5788,5783,5784
 2018/01/18-23:30,5784,5789,5782,5786
 2018/01/18-09:15,5785,5791,5782,5786
 2018/01/18-09:30,5786,5794,5783,5791
 2018/01/18-09:45,5792,5794,5788,5790
 2018/01/18-10:00,5790,5793,5790,5792
 2018/01/18-10:15,5793,5800,5792,5798
 2018/01/18-10:45,5798,5800,5794,5796
 2018/01/18-11:00,5797,5798,5793,5795
 2018/01/18-11:15,5794,5795,5787,5788
 2018/01/18-11:30,5787,5790,5785,5789
 2018/01/18-13:45,5788,5790,5784,5786
 2018/01/18-14:00,5785,5789,5785,5787
 2018/01/18-14:15,5787,5790,5785,5788
 2018/01/18-14:30,5788,5790,5783,5783
 2018/01/18-14:45,5783,5786,5774,5774
 2018/01/18-15:00,5775,5775,5765,5768
 2018/01/19-21:15,5772,5773,5766,5772
 2018/01/19-21:30,5772,5773,5770,5772
 2018/01/19-21:45,5772,5773,5762,5767
 2018/01/19-22:00,5767,5769,5761,5764
 2018/01/19-22:15,5765,5765,5757,5762
 2018/01/19-22:30,5761,5764,5758,5763
 2018/01/19-22:45,5762,5769,5760,5762
 2018/01/19-23:00,5762,5768,5760,5768
 2018/01/19-23:15,5768,5769,5765,5766
 2018/01/19-23:30,5766,5769,5764,5766
 2018/01/19-09:15,5762,5762,5746,5750
 2018/01/19-09:30,5750,5753,5735,5739
 2018/01/19-09:45,5738,5744,5736,5736
 2018/01/19-10:00,5736,5744,5736,5740
 2018/01/19-10:15,5740,5743,5735,5736
 2018/01/19-10:45,5737,5741,5735,5738
 2018/01/19-11:00,5739,5742,5737,5739
 2018/01/19-11:15,5739,5741,5735,5736
 2018/01/19-11:30,5737,5738,5721,5724
 2018/01/19-13:45,5724,5736,5721,5735
 2018/01/19-14:00,5735,5748,5735,5744
 2018/01/19-14:15,5743,5762,5743,5756
 2018/01/19-14:30,5756,5760,5749,5753
 2018/01/19-14:45,5753,5758,5750,5755
 2018/01/19-15:00,5755,5766,5750,5759
 2018/01/22-21:15,5750,5753,5744,5750
 2018/01/22-21:30,5750,5752,5745,5750
 2018/01/22-21:45,5750,5751,5743,5746
 2018/01/22-22:00,5746,5748,5744,5747
 2018/01/22-22:15,5747,5747,5736,5737
 2018/01/22-22:30,5737,5744,5737,5742
 2018/01/22-22:45,5742,5743,5738,5741
 2018/01/22-23:00,5741,5757,5739,5751
 2018/01/22-23:15,5751,5764,5748,5761
 2018/01/22-23:30,5761,5766,5755,5756
 2018/01/22-09:15,5752,5756,5748,5754
 2018/01/22-09:30,5754,5754,5750,5754
 2018/01/22-09:45,5753,5755,5750,5753
 2018/01/22-10:00,5752,5753,5740,5744
 2018/01/22-10:15,5744,5746,5741,5742
 2018/01/22-10:45,5742,5744,5739,5742
 2018/01/22-11:00,5743,5746,5742,5746
 2018/01/22-11:15,5746,5746,5741,5744
 2018/01/22-11:30,5744,5752,5743,5748
 2018/01/22-13:45,5749,5768,5749,5761
 2018/01/22-14:00,5761,5769,5761,5763
 2018/01/22-14:15,5764,5770,5762,5768
 2018/01/22-14:30,5769,5769,5763,5764
 2018/01/22-14:45,5764,5770,5763,5766
 2018/01/22-15:00,5766,5771,5762,5769
 2018/01/23-21:15,5762,5765,5755,5756
 2018/01/23-21:30,5756,5761,5751,5760
 2018/01/23-21:45,5760,5769,5759,5768
 2018/01/23-22:00,5769,5777,5767,5774
 2018/01/23-22:15,5773,5777,5771,5771
 2018/01/23-22:30,5771,5771,5766,5767
 2018/01/23-22:45,5768,5770,5767,5767
 2018/01/23-23:00,5768,5770,5767,5769
 2018/01/23-23:15,5770,5773,5769,5770
 2018/01/23-23:30,5770,5775,5769,5772
 2018/01/23-09:15,5765,5767,5758,5765
 2018/01/23-09:30,5765,5765,5757,5762
 2018/01/23-09:45,5762,5763,5759,5759
 2018/01/23-10:00,5759,5762,5756,5762
 2018/01/23-10:15,5761,5762,5755,5758
 2018/01/23-10:45,5760,5762,5758,5759
 2018/01/23-11:00,5759,5763,5756,5760
 2018/01/23-11:15,5759,5763,5756,5758
 2018/01/23-11:30,5757,5761,5755,5756
 2018/01/23-13:45,5757,5761,5756,5761
 2018/01/23-14:00,5761,5766,5758,5764
 2018/01/23-14:15,5764,5765,5758,5762
 2018/01/23-14:30,5762,5764,5761,5761
 2018/01/23-14:45,5761,5762,5756,5756
 2018/01/23-15:00,5756,5763,5755,5757
 2018/01/24-21:15,5778,5801,5776,5794
 2018/01/24-21:30,5795,5804,5788,5791
 2018/01/24-21:45,5791,5798,5788,5795
 2018/01/24-22:00,5794,5796,5791,5795
 2018/01/24-22:15,5795,5798,5791,5795
 2018/01/24-22:30,5794,5796,5793,5795
 2018/01/24-22:45,5796,5796,5791,5794
 2018/01/24-23:00,5793,5796,5791,5794
 2018/01/24-23:15,5795,5796,5790,5791
 2018/01/24-23:30,5791,5794,5790,5791
 2018/01/24-09:15,5792,5798,5790,5797
 2018/01/24-09:30,5798,5814,5797,5813
 2018/01/24-09:45,5813,5823,5811,5817
 2018/01/24-10:00,5818,5828,5816,5820
 2018/01/24-10:15,5819,5820,5814,5815
 2018/01/24-10:45,5815,5816,5812,5814
 2018/01/24-11:00,5814,5818,5814,5816
 2018/01/24-11:15,5816,5816,5808,5811
 2018/01/24-11:30,5810,5811,5805,5809
 2018/01/24-13:45,5808,5810,5804,5810
 2018/01/24-14:00,5810,5810,5802,5803
 2018/01/24-14:15,5803,5808,5802,5808
 2018/01/24-14:30,5807,5808,5805,5806
 2018/01/24-14:45,5807,5810,5803,5804
 2018/01/24-15:00,5804,5805,5790,5792
 2018/01/25-21:15,5793,5795,5784,5791
 2018/01/25-21:30,5791,5797,5790,5793
 2018/01/25-21:45,5793,5802,5791,5801
 2018/01/25-22:00,5802,5802,5796,5797
 2018/01/25-22:15,5796,5801,5796,5798
 2018/01/25-22:30,5798,5806,5796,5806
 2018/01/25-22:45,5806,5806,5800,5801
 2018/01/25-23:00,5800,5805,5800,5804
 2018/01/25-23:15,5804,5806,5803,5804
 2018/01/25-23:30,5803,5805,5801,5802
 2018/01/25-09:15,5801,5806,5798,5803
 2018/01/25-09:30,5804,5812,5804,5806
 2018/01/25-09:45,5807,5810,5806,5809
 2018/01/25-10:00,5808,5810,5805,5807
 2018/01/25-10:15,5808,5809,5805,5807
 2018/01/25-10:45,5808,5809,5803,5804
 2018/01/25-11:00,5803,5811,5803,5810
 2018/01/25-11:15,5809,5814,5808,5809
 2018/01/25-11:30,5809,5814,5808,5813
 2018/01/25-13:45,5814,5819,5812,5815
 2018/01/25-14:00,5814,5820,5812,5818
 2018/01/25-14:15,5817,5818,5813,5813
 2018/01/25-14:30,5814,5815,5812,5812
 2018/01/25-14:45,5813,5816,5802,5804
 2018/01/25-15:00,5804,5805,5792,5796
 2018/01/26-21:15,5805,5824,5801,5815
 2018/01/26-21:30,5816,5817,5810,5814
 2018/01/26-21:45,5814,5816,5812,5813
 2018/01/26-22:00,5812,5814,5811,5812
 2018/01/26-22:15,5813,5814,5804,5806
 2018/01/26-22:30,5806,5811,5806,5808
 2018/01/26-22:45,5808,5809,5802,5803
 2018/01/26-23:00,5803,5807,5802,5804
 2018/01/26-23:15,5805,5806,5804,5805
 2018/01/26-23:30,5805,5808,5804,5806
 2018/01/26-09:15,5805,5816,5805,5811
 2018/01/26-09:30,5810,5816,5806,5813
 2018/01/26-09:45,5814,5814,5807,5810
 2018/01/26-10:00,5809,5815,5809,5814
 2018/01/26-10:15,5813,5817,5813,5813
 2018/01/26-10:45,5813,5814,5810,5812
 2018/01/26-11:00,5813,5813,5800,5803
 2018/01/26-11:15,5803,5807,5802,5804
 2018/01/26-11:30,5805,5808,5804,5807
 2018/01/26-13:45,5807,5811,5804,5806
 2018/01/26-14:00,5805,5806,5800,5802
 2018/01/26-14:15,5802,5802,5796,5800
 2018/01/26-14:30,5800,5801,5796,5798
 2018/01/26-14:45,5798,5800,5782,5786
 2018/01/26-15:00,5787,5792,5780,5787
 2018/01/29-21:15,5791,5795,5787,5794
 2018/01/29-21:30,5793,5797,5791,5794
 2018/01/29-21:45,5794,5795,5790,5793
 2018/01/29-22:00,5793,5797,5788,5795
 2018/01/29-22:15,5795,5796,5791,5793
 2018/01/29-22:30,5793,5795,5792,5793
 2018/01/29-22:45,5792,5796,5792,5794
 2018/01/29-23:00,5794,5800,5794,5798
 2018/01/29-23:15,5798,5799,5792,5795
 2018/01/29-23:30,5795,5799,5794,5798
 2018/01/29-09:15,5798,5804,5762,5762
 2018/01/29-09:30,5761,5768,5756,5767
 2018/01/29-09:45,5767,5768,5747,5752
 2018/01/29-10:00,5752,5755,5750,5751
 2018/01/29-10:15,5751,5758,5745,5755
 2018/01/29-10:45,5755,5758,5753,5756
 2018/01/29-11:00,5757,5762,5754,5758
 2018/01/29-11:15,5759,5761,5755,5759
 2018/01/29-11:30,5758,5764,5756,5761
 2018/01/29-13:45,5761,5768,5761,5766
 2018/01/29-14:00,5766,5766,5761,5764
 2018/01/29-14:15,5764,5764,5760,5762
 2018/01/29-14:30,5763,5763,5757,5760
 2018/01/29-14:45,5760,5764,5758,5760
 2018/01/29-15:00,5760,5767,5759,5764
 2018/01/30-21:15,5768,5775,5765,5768
 2018/01/30-21:30,5769,5771,5768,5769
 2018/01/30-21:45,5770,5770,5763,5765
 2018/01/30-22:00,5765,5779,5765,5777
 2018/01/30-22:15,5777,5777,5772,5774
 2018/01/30-22:30,5775,5775,5771,5773
 2018/01/30-22:45,5773,5774,5771,5771
 2018/01/30-23:00,5771,5771,5767,5770
 2018/01/30-23:15,5770,5771,5767,5769
 2018/01/30-23:30,5770,5774,5768,5774
 2018/01/30-09:15,5773,5781,5771,5775
 2018/01/30-09:30,5775,5777,5773,5774
 2018/01/30-09:45,5774,5775,5772,5773
 2018/01/30-10:00,5774,5776,5773,5773
 2018/01/30-10:15,5773,5778,5773,5776
 2018/01/30-10:45,5776,5778,5772,5772
 2018/01/30-11:00,5773,5774,5766,5770
 2018/01/30-11:15,5770,5770,5759,5761
 2018/01/30-11:30,5762,5762,5758,5761
 2018/01/30-13:45,5761,5766,5761,5764
 2018/01/30-14:00,5764,5764,5760,5762
 2018/01/30-14:15,5761,5764,5760,5761
 2018/01/30-14:30,5761,5763,5755,5760
 2018/01/30-14:45,5759,5761,5757,5761
 2018/01/30-15:00,5761,5762,5757,5757
 2018/01/31-21:15,5762,5774,5760,5774
 2018/01/31-21:30,5773,5799,5773,5798
 2018/01/31-21:45,5798,5798,5791,5793
 2018/01/31-22:00,5793,5796,5788,5794
 2018/01/31-22:15,5794,5797,5791,5797
 2018/01/31-22:30,5797,5801,5795,5800
 2018/01/31-22:45,5800,5808,5795,5800
 2018/01/31-23:00,5800,5803,5797,5802
 2018/01/31-23:15,5803,5803,5797,5798
 2018/01/31-23:30,5799,5799,5794,5796
 2018/01/31-09:15,5797,5805,5796,5800
 2018/01/31-09:30,5801,5805,5795,5804
 2018/01/31-09:45,5804,5852,5803,5839
 2018/01/31-10:00,5840,5841,5822,5828
 2018/01/31-10:15,5828,5835,5827,5829
 2018/01/31-10:45,5829,5834,5828,5830
 2018/01/31-11:00,5831,5838,5829,5837
 2018/01/31-11:15,5838,5841,5834,5836
 2018/01/31-11:30,5835,5839,5831,5835
 2018/01/31-13:45,5838,5838,5824,5826
 2018/01/31-14:00,5825,5832,5824,5828
 2018/01/31-14:15,5828,5830,5825,5828
 2018/01/31-14:30,5828,5829,5824,5827
 2018/01/31-14:45,5827,5828,5821,5824
 2018/01/31-15:00,5824,5824,5807,5807
 2018/02/01-21:15,5807,5812,5796,5798
 2018/02/01-21:30,5798,5800,5783,5790
 2018/02/01-21:45,5790,5795,5789,5794
 2018/02/01-22:00,5794,5795,5786,5789
 2018/02/01-22:15,5789,5791,5785,5788
 2018/02/01-22:30,5788,5791,5786,5790
 2018/02/01-22:45,5790,5792,5782,5784
 2018/02/01-23:00,5785,5789,5781,5787
 2018/02/01-23:15,5788,5789,5784,5785
 2018/02/01-23:30,5784,5787,5778,5779
 2018/02/01-09:15,5770,5770,5755,5760
 2018/02/01-09:30,5760,5765,5757,5761
 2018/02/01-09:45,5760,5767,5757,5765
 2018/02/01-10:00,5765,5773,5763,5767
 2018/02/01-10:15,5767,5770,5762,5763
 2018/02/01-10:45,5763,5768,5763,5765
 2018/02/01-11:00,5765,5769,5764,5769
 2018/02/01-11:15,5769,5769,5762,5766
 2018/02/01-11:30,5765,5768,5764,5766
 2018/02/01-13:45,5766,5777,5765,5772
 2018/02/01-14:00,5773,5784,5772,5782
 2018/02/01-14:15,5782,5782,5777,5780
 2018/02/01-14:30,5780,5781,5777,5779
 2018/02/01-14:45,5779,5779,5774,5777
 2018/02/01-15:00,5777,5787,5776,5784
 2018/02/02-21:15,5788,5807,5785,5802
 2018/02/02-21:30,5802,5805,5796,5796
 2018/02/02-21:45,5796,5797,5792,5794
 2018/02/02-22:00,5794,5796,5790,5795
 2018/02/02-22:15,5795,5797,5793,5795
 2018/02/02-22:30,5795,5796,5785,5789
 2018/02/02-22:45,5789,5792,5782,5789
 2018/02/02-23:00,5788,5792,5788,5790
 2018/02/02-23:15,5790,5794,5787,5793
 2018/02/02-23:30,5792,5793,5789,5791
 2018/02/02-09:15,5792,5805,5791,5800
 2018/02/02-09:30,5800,5801,5787,5791
 2018/02/02-09:45,5790,5791,5783,5787
 2018/02/02-10:00,5787,5789,5780,5785
 2018/02/02-10:15,5785,5790,5785,5790
 2018/02/02-10:45,5790,5795,5788,5791
 2018/02/02-11:00,5791,5795,5790,5794
 2018/02/02-11:15,5795,5795,5793,5793
 2018/02/02-11:30,5794,5794,5786,5787
 2018/02/02-13:45,5788,5791,5785,5785
 2018/02/02-14:00,5785,5785,5775,5777
 2018/02/02-14:15,5776,5780,5770,5775
 2018/02/02-14:30,5775,5778,5774,5777
 2018/02/02-14:45,5777,5782,5776,5780
 2018/02/02-15:00,5779,5783,5774,5778
 2018/02/05-21:15,5775,5796,5775,5793
 2018/02/05-21:30,5793,5795,5790,5794
 2018/02/05-21:45,5794,5794,5781,5786
 2018/02/05-22:00,5785,5788,5785,5787
 2018/02/05-22:15,5788,5789,5786,5786
 2018/02/05-22:30,5787,5788,5783,5786
 2018/02/05-22:45,5786,5793,5786,5792
 2018/02/05-23:00,5793,5793,5785,5788
 2018/02/05-23:15,5788,5791,5783,5784
 2018/02/05-23:30,5784,5784,5771,5775
 2018/02/05-09:15,5778,5787,5773,5783
 2018/02/05-09:30,5782,5786,5780,5785
 2018/02/05-09:45,5785,5788,5776,5779
 2018/02/05-10:00,5779,5789,5777,5789
 2018/02/05-10:15,5789,5793,5784,5791
 2018/02/05-10:45,5792,5792,5786,5788
 2018/02/05-11:00,5789,5790,5782,5784
 2018/02/05-11:15,5784,5789,5783,5784
 2018/02/05-11:30,5784,5787,5781,5782
 2018/02/05-13:45,5783,5785,5777,5778
 2018/02/05-14:00,5779,5785,5778,5785
 2018/02/05-14:15,5785,5786,5783,5783
 2018/02/05-14:30,5784,5784,5778,5783
 2018/02/05-14:45,5782,5784,5779,5780
 2018/02/05-15:00,5780,5786,5780,5784
 2018/02/06-21:15,5779,5799,5778,5794
 2018/02/06-21:30,5794,5796,5791,5794
 2018/02/06-21:45,5794,5795,5778,5780
 2018/02/06-22:00,5780,5784,5765,5783
 2018/02/06-22:15,5782,5784,5778,5779
 2018/02/06-22:30,5779,5780,5773,5778
 2018/02/06-22:45,5778,5778,5772,5775
 2018/02/06-23:00,5775,5783,5775,5779
 2018/02/06-23:15,5780,5781,5778,5780
 2018/02/06-23:30,5779,5786,5779,5783
 2018/02/06-09:15,5788,5794,5783,5784
 2018/02/06-09:30,5784,5789,5779,5787
 2018/02/06-09:45,5787,5788,5778,5780
 2018/02/06-10:00,5781,5782,5779,5780
 2018/02/06-10:15,5780,5786,5776,5785
 2018/02/06-10:45,5786,5796,5785,5786
 2018/02/06-11:00,5786,5791,5785,5791
 2018/02/06-11:15,5790,5791,5785,5786
 2018/02/06-11:30,5785,5788,5783,5785
 2018/02/06-13:45,5785,5786,5779,5785
 2018/02/06-14:00,5785,5790,5784,5788
 2018/02/06-14:15,5789,5790,5786,5788
 2018/02/06-14:30,5788,5792,5786,5790
 2018/02/06-14:45,5789,5790,5782,5784
 2018/02/06-15:00,5783,5789,5782,5782
 2018/02/07-21:15,5781,5784,5771,5778
 2018/02/07-21:30,5777,5780,5775,5779
 2018/02/07-21:45,5778,5779,5773,5777
 2018/02/07-22:00,5777,5779,5775,5776
 2018/02/07-22:15,5776,5779,5775,5775
 2018/02/07-22:30,5775,5779,5775,5777
 2018/02/07-22:45,5776,5782,5775,5779
 2018/02/07-23:00,5779,5782,5777,5777
 2018/02/07-23:15,5777,5782,5776,5780
 2018/02/07-23:30,5780,5783,5775,5783
 2018/02/07-09:15,5780,5782,5768,5768
 2018/02/07-09:30,5767,5774,5756,5757
 2018/02/07-09:45,5757,5765,5756,5763
 2018/02/07-10:00,5763,5767,5762,5764
 2018/02/07-10:15,5763,5767,5763,5766
 2018/02/07-10:45,5765,5766,5761,5764
 2018/02/07-11:00,5764,5765,5761,5762
 2018/02/07-11:15,5762,5763,5759,5760
 2018/02/07-11:30,5761,5771,5755,5770
 2018/02/07-13:45,5769,5771,5767,5768
 2018/02/07-14:00,5767,5774,5765,5773
 2018/02/07-14:15,5773,5774,5767,5767
 2018/02/07-14:30,5768,5771,5765,5766
 2018/02/07-14:45,5765,5769,5763,5765
 2018/02/07-15:00,5765,5767,5760,5760
 2018/02/08-21:15,5758,5777,5757,5774
 2018/02/08-21:30,5774,5775,5770,5773
 2018/02/08-21:45,5772,5786,5772,5784
 2018/02/08-22:00,5784,5787,5779,5781
 2018/02/08-22:15,5781,5781,5776,5777
 2018/02/08-22:30,5778,5780,5777,5778
 2018/02/08-22:45,5777,5783,5777,5782
 2018/02/08-23:00,5783,5784,5778,5782
 2018/02/08-23:15,5781,5782,5779,5782
 2018/02/08-23:30,5782,5784,5779,5784
 2018/02/08-09:15,5783,5786,5779,5785
 2018/02/08-09:30,5785,5787,5771,5774
 2018/02/08-09:45,5775,5779,5773,5779
 2018/02/08-10:00,5779,5779,5774,5776
 2018/02/08-10:15,5775,5778,5771,5774
 2018/02/08-10:45,5775,5779,5774,5777
 2018/02/08-11:00,5777,5778,5775,5776
 2018/02/08-11:15,5777,5778,5775,5776
 2018/02/08-11:30,5777,5778,5774,5775
 2018/02/08-13:45,5775,5788,5775,5788
 2018/02/08-14:00,5788,5795,5784,5793
 2018/02/08-14:15,5793,5794,5790,5793
 2018/02/08-14:30,5792,5793,5785,5788
 2018/02/08-14:45,5788,5795,5788,5794
 2018/02/08-15:00,5794,5797,5787,5788
 2018/02/09-21:15,5785,5802,5785,5790
 2018/02/09-21:30,5790,5790,5779,5785
 2018/02/09-21:45,5785,5788,5783,5785
 2018/02/09-22:00,5784,5786,5781,5783
 2018/02/09-22:15,5783,5787,5782,5786
 2018/02/09-22:30,5785,5790,5785,5789
 2018/02/09-22:45,5790,5791,5784,5785
 2018/02/09-23:00,5785,5791,5784,5788
 2018/02/09-23:15,5789,5791,5785,5788
 2018/02/09-23:30,5788,5792,5787,5787
 2018/02/09-09:15,5787,5787,5771,5772
 2018/02/09-09:30,5771,5772,5766,5769
 2018/02/09-09:45,5768,5775,5767,5771
 2018/02/09-10:00,5772,5774,5768,5770
 2018/02/09-10:15,5769,5770,5768,5768
 2018/02/09-10:45,5769,5770,5767,5770
 2018/02/09-11:00,5770,5771,5769,5771
 2018/02/09-11:15,5770,5771,5768,5770
 2018/02/09-11:30,5769,5771,5767,5767
 2018/02/09-13:45,5767,5768,5761,5763
 2018/02/09-14:00,5763,5766,5761,5764
 2018/02/09-14:15,5764,5767,5760,5763
 2018/02/09-14:30,5763,5763,5751,5755
 2018/02/09-14:45,5755,5757,5753,5755
 2018/02/09-15:00,5754,5758,5738,5738
 2018/02/12-21:15,5738,5753,5734,5748
 2018/02/12-21:30,5750,5752,5748,5749
 2018/02/12-21:45,5750,5756,5749,5752
 2018/02/12-22:00,5752,5757,5752,5756
 2018/02/12-22:15,5756,5758,5754,5754
 2018/02/12-22:30,5754,5756,5753,5755
 2018/02/12-22:45,5755,5755,5751,5752
 2018/02/12-23:00,5752,5757,5751,5757
 2018/02/12-23:15,5757,5757,5754,5756
 2018/02/12-23:30,5755,5757,5754,5755
 2018/02/12-09:15,5754,5768,5753,5764
 2018/02/12-09:30,5765,5778,5763,5777
 2018/02/12-09:45,5777,5777,5775,5776
 2018/02/12-10:00,5777,5781,5776,5776
 2018/02/12-10:15,5776,5779,5773,5775
 2018/02/12-10:45,5775,5779,5774,5778
 2018/02/12-11:00,5778,5781,5774,5777
 2018/02/12-11:15,5777,5779,5774,5777
 2018/02/12-11:30,5777,5780,5776,5780
 2018/02/12-13:45,5779,5792,5778,5789
 2018/02/12-14:00,5789,5791,5787,5791
 2018/02/12-14:15,5791,5796,5783,5790
 2018/02/12-14:30,5789,5796,5788,5790
 2018/02/12-14:45,5790,5792,5788,5791
 2018/02/12-15:00,5791,5798,5788,5798
 2018/02/13-21:15,5798,5806,5788,5789
 2018/02/13-21:30,5789,5794,5788,5792
 2018/02/13-21:45,5793,5793,5787,5788
 2018/02/13-22:00,5788,5792,5784,5784
 2018/02/13-22:15,5784,5789,5783,5787
 2018/02/13-22:30,5788,5788,5786,5788
 2018/02/13-22:45,5788,5792,5788,5790
 2018/02/13-23:00,5789,5791,5788,5790
 2018/02/13-23:15,5790,5790,5786,5789
 2018/02/13-23:30,5790,5792,5786,5791
 2018/02/13-09:15,5789,5790,5783,5786
 2018/02/13-09:30,5786,5792,5785,5792
 2018/02/13-09:45,5791,5795,5784,5787
 2018/02/13-10:00,5786,5790,5784,5790
 2018/02/13-10:15,5790,5791,5788,5790
 2018/02/13-10:45,5791,5795,5790,5795
 2018/02/13-11:00,5795,5798,5789,5789
 2018/02/13-11:15,5790,5797,5787,5795
 2018/02/13-11:30,5796,5798,5793,5794
 2018/02/13-13:45,5793,5799,5793,5798
 2018/02/13-14:00,5799,5799,5796,5798
 2018/02/13-14:15,5797,5805,5795,5801
 2018/02/13-14:30,5801,5814,5801,5814
 2018/02/13-14:45,5813,5816,5793,5795
 2018/02/13-15:00,5795,5798,5788,5788
 2018/02/14-21:15,5791,5791,5778,5789
 2018/02/14-21:30,5788,5789,5782,5784
 2018/02/14-21:45,5783,5785,5780,5783
 2018/02/14-22:00,5784,5784,5781,5781
 2018/02/14-22:15,5782,5785,5780,5783
 2018/02/14-22:30,5784,5784,5781,5784
 2018/02/14-22:45,5784,5784,5778,5778
 2018/02/14-23:00,5779,5783,5778,5779
 2018/02/14-23:15,5779,5779,5772,5776
 2018/02/14-23:30,5776,5780,5773,5776
 2018/02/14-09:15,5776,5780,5760,5762
 2018/02/14-09:30,5762,5769,5761,5768
 2018/02/14-09:45,5767,5774,5765,5772
 2018/02/14-10:00,5772,5773,5767,5767
 2018/02/14-10:15,5767,5770,5766,5768
 2018/02/14-10:45,5767,5767,5760,5761
 2018/02/14-11:00,5761,5763,5755,5755
 2018/02/14-11:15,5754,5759,5753,5758
 2018/02/14-11:30,5758,5763,5758,5761
 2018/02/14-13:45,5761,5762,5757,5757
 2018/02/14-14:00,5757,5764,5755,5760
 2018/02/14-14:15,5760,5763,5757,5758
 2018/02/14-14:30,5758,5758,5753,5754
 2018/02/14-14:45,5753,5760,5753,5760
 2018/02/14-15:00,5760,5762,5754,5759
 2018/02/22-09:15,5767,5767,5711,5742
 2018/02/22-09:30,5742,5745,5740,5742
 2018/02/22-09:45,5742,5742,5737,5739
 2018/02/22-10:00,5738,5740,5737,5737
 2018/02/22-10:15,5737,5737,5728,5734
 2018/02/22-10:45,5733,5743,5726,5739
 2018/02/22-11:00,5739,5743,5732,5735
 2018/02/22-11:15,5734,5748,5733,5745
 2018/02/22-11:30,5745,5746,5741,5742
 2018/02/22-13:45,5741,5744,5739,5743
 2018/02/22-14:00,5743,5745,5741,5742
 2018/02/22-14:15,5742,5743,5739,5741
 2018/02/22-14:30,5741,5745,5741,5742
 2018/02/22-14:45,5742,5747,5741,5745
 2018/02/22-15:00,5745,5755,5742,5749
 2018/02/23-21:15,5744,5764,5744,5761
 2018/02/23-21:30,5761,5762,5757,5759
 2018/02/23-21:45,5759,5759,5754,5758
 2018/02/23-22:00,5759,5759,5755,5759
 2018/02/23-22:15,5758,5766,5758,5762
 2018/02/23-22:30,5762,5763,5760,5762
 2018/02/23-22:45,5762,5763,5759,5759
 2018/02/23-23:00,5761,5761,5758,5759
 2018/02/23-23:15,5759,5762,5759,5762
 2018/02/23-23:30,5761,5763,5759,5762
 2018/02/23-09:15,5765,5771,5762,5770
 2018/02/23-09:30,5769,5784,5768,5782
 2018/02/23-09:45,5782,5787,5779,5783
 2018/02/23-10:00,5784,5784,5779,5781
 2018/02/23-10:15,5781,5784,5780,5781
 2018/02/23-10:45,5781,5790,5781,5787
 2018/02/23-11:00,5788,5794,5785,5789
 2018/02/23-11:15,5790,5795,5786,5790
 2018/02/23-11:30,5790,5795,5789,5795
 2018/02/23-13:45,5794,5800,5793,5796
 2018/02/23-14:00,5795,5796,5788,5792
 2018/02/23-14:15,5793,5798,5792,5794
 2018/02/23-14:30,5793,5796,5792,5793
 2018/02/23-14:45,5793,5795,5793,5795
 2018/02/23-15:00,5795,5803,5793,5802
 2018/02/26-21:15,5806,5807,5794,5794
 2018/02/26-21:30,5795,5799,5794,5794
 2018/02/26-21:45,5794,5796,5790,5793
 2018/02/26-22:00,5793,5794,5787,5791
 2018/02/26-22:15,5791,5794,5789,5793
 2018/02/26-22:30,5794,5798,5793,5796
 2018/02/26-22:45,5796,5797,5794,5796
 2018/02/26-23:00,5796,5798,5794,5797
 2018/02/26-23:15,5797,5800,5795,5795
 2018/02/26-23:30,5795,5799,5795,5798
 2018/02/26-09:15,5799,5814,5795,5798
 2018/02/26-09:30,5801,5805,5784,5793
 2018/02/26-09:45,5793,5799,5793,5798
 2018/02/26-10:00,5797,5800,5794,5798
 2018/02/26-10:15,5798,5800,5793,5795
 2018/02/26-10:45,5794,5803,5793,5801
 2018/02/26-11:00,5802,5802,5797,5799
 2018/02/26-11:15,5798,5800,5794,5796
 2018/02/26-11:30,5797,5799,5796,5799
 2018/02/26-13:45,5798,5801,5797,5800
 2018/02/26-14:00,5800,5805,5798,5802
 2018/02/26-14:15,5803,5806,5802,5805
 2018/02/26-14:30,5805,5812,5798,5800
 2018/02/26-14:45,5801,5804,5799,5804
 2018/02/26-15:00,5804,5808,5799,5808
 2018/02/27-21:15,5810,5824,5800,5803
 2018/02/27-21:30,5803,5809,5803,5806
 2018/02/27-21:45,5805,5806,5796,5797
 2018/02/27-22:00,5798,5799,5792,5796
 2018/02/27-22:15,5796,5799,5795,5798
 2018/02/27-22:30,5798,5799,5797,5798
 2018/02/27-22:45,5798,5799,5794,5796
 2018/02/27-23:00,5795,5801,5795,5799
 2018/02/27-23:15,5799,5800,5791,5791
 2018/02/27-23:30,5792,5800,5791,5798
 2018/02/27-09:15,5798,5802,5793,5799
 2018/02/27-09:30,5800,5802,5799,5801
 2018/02/27-09:45,5801,5802,5799,5802
 2018/02/27-10:00,5802,5802,5796,5796
 2018/02/27-10:15,5796,5800,5794,5800
 2018/02/27-10:45,5799,5800,5795,5797
 2018/02/27-11:00,5796,5802,5795,5801
 2018/02/27-11:15,5801,5802,5797,5798
 2018/02/27-11:30,5799,5799,5793,5796
 2018/02/27-13:45,5796,5797,5792,5792
 2018/02/27-14:00,5793,5793,5786,5790
 2018/02/27-14:15,5790,5795,5787,5795
 2018/02/27-14:30,5794,5795,5786,5792
 2018/02/27-14:45,5791,5794,5790,5794
 2018/02/27-15:00,5793,5793,5785,5786
 2018/02/28-21:15,5789,5796,5788,5788
 2018/02/28-21:30,5787,5788,5765,5774
 2018/02/28-21:45,5775,5775,5770,5771
 2018/02/28-22:00,5771,5774,5767,5772
 2018/02/28-22:15,5772,5774,5770,5772
 2018/02/28-22:30,5772,5775,5770,5770
 2018/02/28-22:45,5770,5774,5768,5768
 2018/02/28-23:00,5769,5772,5768,5769
 2018/02/28-23:15,5769,5769,5767,5768
 2018/02/28-23:30,5767,5772,5766,5766
 2018/02/28-09:15,5760,5760,5737,5744
 2018/02/28-09:30,5744,5746,5741,5742
 2018/02/28-09:45,5742,5744,5740,5742
 2018/02/28-10:00,5742,5748,5741,5746
 2018/02/28-10:15,5746,5749,5745,5748
 2018/02/28-10:45,5748,5754,5747,5752
 2018/02/28-11:00,5753,5756,5753,5754
 2018/02/28-11:15,5753,5755,5751,5753
 2018/02/28-11:30,5753,5757,5752,5755
 2018/02/28-13:45,5755,5763,5752,5761
 2018/02/28-14:00,5761,5764,5760,5760
 2018/02/28-14:15,5760,5762,5759,5761
 2018/02/28-14:30,5761,5764,5760,5762
 2018/02/28-14:45,5762,5767,5761,5765
 2018/02/28-15:00,5765,5773,5764,5772
 2018/03/01-21:15,5775,5776,5766,5769
 2018/03/01-21:30,5770,5771,5762,5766
 2018/03/01-21:45,5766,5769,5765,5769
 2018/03/01-22:00,5769,5777,5767,5776
 2018/03/01-22:15,5776,5787,5776,5783
 2018/03/01-22:30,5782,5785,5781,5785
 2018/03/01-22:45,5785,5785,5782,5782
 2018/03/01-23:00,5782,5786,5782,5785
 2018/03/01-23:15,5785,5788,5783,5783
 2018/03/01-23:30,5783,5787,5783,5784
 2018/03/01-09:15,5785,5793,5779,5787
 2018/03/01-09:30,5787,5793,5783,5787
 2018/03/01-09:45,5787,5791,5785,5790
 2018/03/01-10:00,5790,5791,5786,5790
 2018/03/01-10:15,5789,5796,5788,5793
 2018/03/01-10:45,5794,5795,5783,5785
 2018/03/01-11:00,5785,5787,5782,5783
 2018/03/01-11:15,5784,5786,5782,5786
 2018/03/01-11:30,5786,5786,5770,5775
 2018/03/01-13:45,5774,5777,5773,5776
 2018/03/01-14:00,5775,5776,5763,5770
 2018/03/01-14:15,5769,5769,5759,5765
 2018/03/01-14:30,5765,5773,5765,5770
 2018/03/01-14:45,5771,5772,5765,5766
 2018/03/01-15:00,5767,5772,5763,5767
 2018/03/02-21:15,5768,5778,5766,5774
 2018/03/02-21:30,5774,5782,5773,5778
 2018/03/02-21:45,5779,5780,5773,5774
 2018/03/02-22:00,5775,5776,5751,5763
 2018/03/02-22:15,5763,5768,5763,5766
 2018/03/02-22:30,5767,5777,5766,5775
 2018/03/02-22:45,5774,5779,5769,5772
 2018/03/02-23:00,5772,5773,5767,5772
 2018/03/02-23:15,5772,5774,5769,5771
 2018/03/02-23:30,5770,5771,5762,5764
 2018/03/02-09:15,5768,5780,5768,5774
 2018/03/02-09:30,5774,5776,5769,5773
 2018/03/02-09:45,5774,5778,5772,5775
 2018/03/02-10:00,5774,5775,5773,5773
 2018/03/02-10:15,5773,5779,5773,5777
 2018/03/02-10:45,5778,5779,5773,5773
 2018/03/02-11:00,5774,5775,5769,5774
 2018/03/02-11:15,5775,5776,5772,5772
 2018/03/02-11:30,5771,5777,5770,5775
 2018/03/02-13:45,5775,5776,5771,5772
 2018/03/02-14:00,5772,5774,5769,5773
 2018/03/02-14:15,5773,5776,5765,5766
 2018/03/02-14:30,5766,5770,5760,5762
 2018/03/02-14:45,5762,5770,5760,5763
 2018/03/02-15:00,5763,5766,5758,5759
 2018/03/05-21:15,5757,5775,5757,5773
 2018/03/05-21:30,5773,5776,5772,5773
 2018/03/05-21:45,5773,5780,5772,5774
 2018/03/05-22:00,5773,5774,5768,5771
 2018/03/05-22:15,5772,5775,5770,5770
 2018/03/05-22:30,5770,5771,5769,5771
 2018/03/05-22:45,5771,5772,5762,5766
 2018/03/05-23:00,5765,5767,5762,5765
 2018/03/05-23:15,5766,5769,5764,5766
 2018/03/05-23:30,5767,5768,5761,5763
 2018/03/05-09:15,5750,5766,5750,5761
 2018/03/05-09:30,5761,5765,5761,5764
 2018/03/05-09:45,5763,5764,5762,5762
 2018/03/05-10:00,5762,5770,5762,5769
 2018/03/05-10:15,5769,5769,5764,5766
 2018/03/05-10:45,5765,5767,5762,5762
 2018/03/05-11:00,5762,5764,5760,5762
 2018/03/05-11:15,5762,5763,5758,5761
 2018/03/05-11:30,5761,5764,5761,5762
 2018/03/05-13:45,5762,5762,5730,5737
 2018/03/05-14:00,5737,5740,5734,5738
 2018/03/05-14:15,5738,5743,5735,5736
 2018/03/05-14:30,5735,5738,5733,5737
 2018/03/05-14:45,5738,5742,5736,5736
 2018/03/05-15:00,5736,5739,5721,5722
 2018/03/06-21:15,5722,5736,5715,5731
 2018/03/06-21:30,5732,5740,5730,5740
 2018/03/06-21:45,5740,5740,5735,5736
 2018/03/06-22:00,5735,5737,5734,5735
 2018/03/06-22:15,5735,5736,5730,5731
 2018/03/06-22:30,5731,5732,5727,5732
 2018/03/06-22:45,5731,5732,5727,5728
 2018/03/06-23:00,5728,5731,5726,5726
 2018/03/06-23:15,5726,5730,5724,5727
 2018/03/06-23:30,5727,5730,5723,5726
 2018/03/06-09:15,5728,5733,5726,5733
 2018/03/06-09:30,5732,5734,5730,5731
 2018/03/06-09:45,5731,5735,5728,5734
 2018/03/06-10:00,5734,5734,5729,5732
 2018/03/06-10:15,5732,5732,5723,5725
 2018/03/06-10:45,5726,5729,5725,5728
 2018/03/06-11:00,5728,5730,5689,5697
 2018/03/06-11:15,5698,5705,5694,5699
 2018/03/06-11:30,5700,5700,5681,5682
 2018/03/06-13:45,5680,5683,5673,5678
 2018/03/06-14:00,5678,5688,5678,5685
 2018/03/06-14:15,5685,5688,5680,5687
 2018/03/06-14:30,5687,5692,5682,5688
 2018/03/06-14:45,5687,5695,5679,5682
 2018/03/06-15:00,5682,5684,5668,5669
 2018/03/07-21:15,5674,5677,5665,5675
 2018/03/07-21:30,5674,5677,5667,5672
 2018/03/07-21:45,5672,5672,5660,5667
 2018/03/07-22:00,5667,5667,5655,5663
 2018/03/07-22:15,5662,5668,5660,5667
 2018/03/07-22:30,5667,5668,5663,5665
 2018/03/07-22:45,5665,5666,5660,5663
 2018/03/07-23:00,5664,5668,5663,5664
 2018/03/07-23:15,5664,5666,5660,5665
 2018/03/07-23:30,5664,5665,5658,5662
 2018/03/07-09:15,5662,5667,5656,5656
 2018/03/07-09:30,5656,5659,5647,5651
 2018/03/07-09:45,5650,5653,5640,5641
 2018/03/07-10:00,5641,5646,5640,5643
 2018/03/07-10:15,5643,5644,5639,5641
 2018/03/07-10:45,5640,5643,5639,5641
 2018/03/07-11:00,5642,5643,5635,5641
 2018/03/07-11:15,5641,5666,5639,5663
 2018/03/07-11:30,5663,5682,5663,5675
 2018/03/07-13:45,5676,5676,5662,5665
 2018/03/07-14:00,5666,5667,5664,5664
 2018/03/07-14:15,5666,5666,5656,5660
 2018/03/07-14:30,5660,5673,5660,5671
 2018/03/07-14:45,5672,5674,5665,5668
 2018/03/07-15:00,5669,5672,5663,5669
 2018/03/08-21:15,5663,5669,5659,5666
 2018/03/08-21:30,5667,5675,5664,5666
 2018/03/08-21:45,5665,5672,5664,5668
 2018/03/08-22:00,5668,5677,5665,5673
 2018/03/08-22:15,5673,5673,5666,5667
 2018/03/08-22:30,5667,5670,5662,5667
 2018/03/08-22:45,5667,5671,5667,5670
 2018/03/08-23:00,5670,5671,5665,5669
 2018/03/08-23:15,5670,5670,5668,5670
 2018/03/08-23:30,5669,5671,5661,5666
 2018/03/08-09:15,5658,5658,5643,5648
 2018/03/08-09:30,5649,5656,5648,5650
 2018/03/08-09:45,5650,5656,5650,5654
 2018/03/08-10:00,5654,5656,5652,5653
 2018/03/08-10:15,5653,5653,5649,5651
 2018/03/08-10:45,5651,5658,5649,5656
 2018/03/08-11:00,5657,5659,5653,5655
 2018/03/08-11:15,5654,5656,5652,5654
 2018/03/08-11:30,5654,5655,5650,5653
 2018/03/08-13:45,5654,5667,5647,5665
 2018/03/08-14:00,5665,5669,5664,5667
 2018/03/08-14:15,5668,5670,5664,5664
 2018/03/08-14:30,5665,5667,5661,5664
 2018/03/08-14:45,5665,5669,5664,5668
 2018/03/08-15:00,5667,5667,5651,5656
 2018/03/09-21:15,5670,5673,5658,5666
 2018/03/09-21:30,5665,5666,5662,5665
 2018/03/09-21:45,5666,5669,5666,5667
 2018/03/09-22:00,5668,5670,5661,5661
 2018/03/09-22:15,5662,5667,5661,5664
 2018/03/09-22:30,5664,5666,5663,5666
 2018/03/09-22:45,5666,5666,5658,5660
 2018/03/09-23:00,5660,5661,5648,5649
 2018/03/09-23:15,5648,5652,5640,5649
 2018/03/09-23:30,5649,5651,5645,5649
 2018/03/09-09:15,5648,5656,5648,5653
 2018/03/09-09:30,5653,5655,5650,5651
 2018/03/09-09:45,5651,5654,5650,5653
 2018/03/09-10:00,5653,5655,5646,5647
 2018/03/09-10:15,5646,5648,5619,5622
 2018/03/09-10:45,5622,5629,5613,5626
 2018/03/09-11:00,5626,5629,5622,5622
 2018/03/09-11:15,5623,5623,5615,5620
 2018/03/09-11:30,5620,5621,5605,5615
 2018/03/09-13:45,5615,5619,5607,5616
 2018/03/09-14:00,5617,5632,5616,5627
 2018/03/09-14:15,5626,5627,5621,5621
 2018/03/09-14:30,5622,5626,5620,5625
 2018/03/09-14:45,5625,5630,5625,5626
 2018/03/09-15:00,5626,5628,5620,5622
 2018/03/12-21:15,5627,5639,5623,5633
 2018/03/12-21:30,5634,5662,5633,5654
 2018/03/12-21:45,5655,5658,5648,5649
 2018/03/12-22:00,5649,5655,5648,5652
 2018/03/12-22:15,5652,5654,5647,5653
 2018/03/12-22:30,5653,5659,5652,5655
 2018/03/12-22:45,5655,5660,5654,5657
 2018/03/12-23:00,5657,5660,5654,5656
 2018/03/12-23:15,5656,5659,5655,5659
 2018/03/12-23:30,5659,5664,5654,5657
 2018/03/12-09:15,5657,5672,5651,5665
 2018/03/12-09:30,5665,5668,5661,5661
 2018/03/12-09:45,5662,5662,5657,5661
 2018/03/12-10:00,5662,5668,5662,5662
 2018/03/12-10:15,5662,5671,5656,5660
 2018/03/12-10:45,5659,5660,5652,5656
 2018/03/12-11:00,5657,5670,5656,5668
 2018/03/12-11:15,5669,5681,5666,5674
 2018/03/12-11:30,5673,5677,5670,5676
 2018/03/12-13:45,5676,5687,5675,5678
 2018/03/12-14:00,5678,5679,5667,5675
 2018/03/12-14:15,5675,5675,5670,5672
 2018/03/12-14:30,5671,5675,5664,5664
 2018/03/12-14:45,5665,5670,5661,5667
 2018/03/12-15:00,5667,5671,5661,5665
 2018/03/13-21:15,5672,5678,5661,5674
 2018/03/13-21:30,5673,5680,5672,5675
 2018/03/13-21:45,5675,5678,5673,5677
 2018/03/13-22:00,5677,5682,5675,5677
 2018/03/13-22:15,5676,5682,5673,5681
 2018/03/13-22:30,5681,5683,5676,5677
 2018/03/13-22:45,5678,5678,5674,5674
 2018/03/13-23:00,5674,5674,5663,5668
 2018/03/13-23:15,5668,5670,5665,5667
 2018/03/13-23:30,5667,5668,5665,5666
 2018/03/13-09:15,5672,5680,5665,5676
 2018/03/13-09:30,5676,5679,5674,5676
 2018/03/13-09:45,5676,5678,5673,5674
 2018/03/13-10:00,5673,5678,5672,5674
 2018/03/13-10:15,5674,5677,5674,5676
 2018/03/13-10:45,5677,5678,5669,5671
 2018/03/13-11:00,5671,5675,5667,5668
 2018/03/13-11:15,5668,5671,5666,5668
 2018/03/13-11:30,5668,5671,5665,5671
 2018/03/13-13:45,5671,5676,5668,5671
 2018/03/13-14:00,5672,5674,5670,5673
 2018/03/13-14:15,5673,5678,5673,5674
 2018/03/13-14:30,5675,5682,5671,5675
 2018/03/13-14:45,5676,5679,5674,5677
 2018/03/13-15:00,5677,5681,5674,5680
 2018/03/14-21:15,5676,5735,5676,5697
 2018/03/14-21:30,5698,5698,5688,5695
 2018/03/14-21:45,5695,5699,5685,5685
 2018/03/14-22:00,5686,5689,5683,5688
 2018/03/14-22:15,5688,5688,5683,5686
 2018/03/14-22:30,5686,5688,5680,5683
 2018/03/14-22:45,5684,5686,5682,5684
 2018/03/14-23:00,5685,5685,5679,5681
 2018/03/14-23:15,5682,5684,5679,5682
 2018/03/14-23:30,5682,5684,5679,5681
 2018/03/14-09:15,5681,5681,5668,5675
 2018/03/14-09:30,5674,5676,5669,5676
 2018/03/14-09:45,5676,5676,5666,5673
 2018/03/14-10:00,5674,5679,5671,5676
 2018/03/14-10:15,5676,5677,5674,5674
 2018/03/14-10:45,5674,5676,5671,5676
 2018/03/14-11:00,5676,5676,5674,5676
 2018/03/14-11:15,5676,5682,5673,5682
 2018/03/14-11:30,5682,5685,5680,5684
 2018/03/14-13:45,5684,5688,5682,5683
 2018/03/14-14:00,5684,5685,5681,5682
 2018/03/14-14:15,5682,5684,5680,5680
 2018/03/14-14:30,5680,5683,5677,5681
 2018/03/14-14:45,5681,5683,5677,5679
 2018/03/14-15:00,5679,5690,5677,5689
 2018/03/15-21:15,5685,5698,5680,5688
 2018/03/15-21:30,5690,5694,5688,5692
 2018/03/15-21:45,5692,5698,5691,5698
 2018/03/15-22:00,5697,5705,5695,5697
 2018/03/15-22:15,5697,5702,5697,5701
 2018/03/15-22:30,5701,5701,5697,5699
 2018/03/15-22:45,5699,5702,5697,5700
 2018/03/15-23:00,5701,5708,5700,5704
 2018/03/15-23:15,5704,5704,5693,5694
 2018/03/15-23:30,5695,5700,5694,5699
 2018/03/15-09:15,5699,5704,5696,5701
 2018/03/15-09:30,5700,5715,5700,5710
 2018/03/15-09:45,5709,5715,5708,5712
 2018/03/15-10:00,5712,5715,5705,5706
 2018/03/15-10:15,5705,5710,5705,5707
 2018/03/15-10:45,5708,5710,5705,5707
 2018/03/15-11:00,5707,5708,5698,5702
 2018/03/15-11:15,5703,5707,5700,5705
 2018/03/15-11:30,5705,5706,5700,5700
 2018/03/15-13:45,5699,5700,5691,5695
 2018/03/15-14:00,5695,5696,5686,5691
 2018/03/15-14:15,5692,5696,5691,5695
 2018/03/15-14:30,5694,5703,5694,5699
 2018/03/15-14:45,5700,5703,5696,5700
 2018/03/15-15:00,5699,5709,5699,5708
 2018/03/16-21:15,5702,5715,5695,5696
 2018/03/16-21:30,5697,5698,5692,5697
 2018/03/16-21:45,5697,5698,5692,5694
 2018/03/16-22:00,5695,5703,5694,5701
 2018/03/16-22:15,5702,5703,5696,5702
 2018/03/16-22:30,5702,5704,5698,5704
 2018/03/16-22:45,5704,5709,5701,5707
 2018/03/16-23:00,5707,5711,5705,5708
 2018/03/16-23:15,5707,5709,5703,5704
 2018/03/16-23:30,5704,5708,5703,5706
 2018/03/16-09:15,5705,5708,5703,5706
 2018/03/16-09:30,5705,5715,5705,5708
 2018/03/16-09:45,5708,5713,5706,5713
 2018/03/16-10:00,5712,5718,5708,5712
 2018/03/16-10:15,5712,5714,5707,5707
 2018/03/16-10:45,5708,5711,5707,5710
 2018/03/16-11:00,5710,5713,5707,5711
 2018/03/16-11:15,5711,5713,5706,5708
 2018/03/16-11:30,5708,5709,5692,5693
 2018/03/16-13:45,5693,5697,5693,5695
 2018/03/16-14:00,5696,5696,5689,5692
 2018/03/16-14:15,5692,5695,5691,5695
 2018/03/16-14:30,5695,5696,5681,5685
 2018/03/16-14:45,5684,5698,5684,5689
 2018/03/16-15:00,5690,5692,5683,5685
 2018/03/19-21:15,5690,5700,5689,5699
 2018/03/19-21:30,5700,5707,5697,5705
 2018/03/19-21:45,5706,5706,5699,5702
 2018/03/19-22:00,5702,5706,5700,5703
 2018/03/19-22:15,5703,5705,5702,5705
 2018/03/19-22:30,5704,5705,5700,5703
 2018/03/19-22:45,5702,5706,5701,5704
 2018/03/19-23:00,5704,5705,5701,5702
 2018/03/19-23:15,5702,5703,5695,5696
 2018/03/19-23:30,5696,5699,5692,5696
 2018/03/19-09:15,5695,5745,5686,5738
 2018/03/19-09:30,5738,5745,5736,5737
 2018/03/19-09:45,5738,5740,5730,5733
 2018/03/19-10:00,5734,5735,5729,5733
 2018/03/19-10:15,5734,5735,5730,5730
 2018/03/19-10:45,5731,5732,5723,5728
 2018/03/19-11:00,5729,5730,5723,5725
 2018/03/19-11:15,5725,5731,5721,5729
 2018/03/19-11:30,5729,5733,5723,5731
 2018/03/19-13:45,5731,5735,5729,5731
 2018/03/19-14:00,5731,5736,5729,5732
 2018/03/19-14:15,5731,5734,5730,5732
 2018/03/19-14:30,5732,5734,5728,5730
 2018/03/19-14:45,5730,5731,5725,5726
 2018/03/19-15:00,5725,5726,5717,5721
 2018/03/20-21:15,5720,5720,5704,5706
 2018/03/20-21:30,5706,5709,5698,5703
 2018/03/20-21:45,5704,5709,5704,5708
 2018/03/20-22:00,5708,5708,5704,5707
 2018/03/20-22:15,5707,5711,5704,5706
 2018/03/20-22:30,5706,5708,5704,5705
 2018/03/20-22:45,5705,5710,5703,5708
 2018/03/20-23:00,5709,5710,5705,5709
 2018/03/20-23:15,5710,5713,5706,5710
 2018/03/20-23:30,5710,5712,5707,5707
 2018/03/20-09:15,5716,5725,5712,5720
 2018/03/20-09:30,5721,5725,5717,5718
 2018/03/20-09:45,5719,5727,5719,5722
 2018/03/20-10:00,5722,5726,5718,5719
 2018/03/20-10:15,5719,5721,5714,5717
 2018/03/20-10:45,5718,5718,5711,5714
 2018/03/20-11:00,5714,5722,5713,5720
 2018/03/20-11:15,5720,5724,5716,5717
 2018/03/20-11:30,5717,5720,5692,5697
 2018/03/20-13:45,5698,5706,5696,5703
 2018/03/20-14:00,5703,5704,5696,5697
 2018/03/20-14:15,5697,5702,5689,5697
 2018/03/20-14:30,5698,5701,5695,5701
 2018/03/20-14:45,5701,5701,5698,5700
 2018/03/20-15:00,5700,5705,5697,5704
 2018/03/21-21:15,5700,5713,5692,5702
 2018/03/21-21:30,5702,5707,5701,5704
 2018/03/21-21:45,5704,5707,5694,5698
 2018/03/21-22:00,5698,5704,5667,5676
 2018/03/21-22:15,5676,5680,5667,5673
 2018/03/21-22:30,5672,5677,5661,5667
 2018/03/21-22:45,5666,5675,5666,5674
 2018/03/21-23:00,5673,5674,5670,5672
 2018/03/21-23:15,5673,5675,5669,5673
 2018/03/21-23:30,5672,5674,5669,5673
 2018/03/21-09:15,5666,5674,5663,5669
 2018/03/21-09:30,5669,5669,5651,5657
 2018/03/21-09:45,5658,5658,5650,5655
 2018/03/21-10:00,5655,5658,5652,5655
 2018/03/21-10:15,5654,5664,5653,5660
 2018/03/21-10:45,5660,5664,5654,5658
 2018/03/21-11:00,5657,5663,5657,5662
 2018/03/21-11:15,5663,5664,5659,5661
 2018/03/21-11:30,5661,5665,5657,5658
 2018/03/21-13:45,5658,5658,5641,5649
 2018/03/21-14:00,5650,5659,5649,5656
 2018/03/21-14:15,5656,5659,5652,5657
 2018/03/21-14:30,5657,5661,5656,5660
 2018/03/21-14:45,5660,5665,5659,5665
 2018/03/21-15:00,5664,5670,5661,5664
 2018/03/22-21:15,5675,5678,5667,5670
 2018/03/22-21:30,5671,5673,5666,5672
 2018/03/22-21:45,5672,5672,5666,5666
 2018/03/22-22:00,5667,5667,5663,5663
 2018/03/22-22:15,5663,5668,5663,5664
 2018/03/22-22:30,5665,5665,5654,5656
 2018/03/22-22:45,5656,5664,5656,5661
 2018/03/22-23:00,5662,5667,5660,5664
 2018/03/22-23:15,5664,5669,5663,5668
 2018/03/22-23:30,5668,5672,5667,5672
 2018/03/22-09:15,5667,5672,5661,5671
 2018/03/22-09:30,5671,5672,5659,5662
 2018/03/22-09:45,5662,5666,5662,5663
 2018/03/22-10:00,5663,5664,5658,5662
 2018/03/22-10:15,5662,5662,5657,5657
 2018/03/22-10:45,5658,5664,5658,5662
 2018/03/22-11:00,5662,5670,5662,5668
 2018/03/22-11:15,5668,5675,5668,5671
 2018/03/22-11:30,5671,5671,5666,5667
 2018/03/22-13:45,5668,5675,5667,5670
 2018/03/22-14:00,5670,5672,5667,5668
 2018/03/22-14:15,5668,5673,5666,5672
 2018/03/22-14:30,5673,5683,5672,5678
 2018/03/22-14:45,5677,5681,5673,5677
 2018/03/22-15:00,5676,5680,5670,5678
 2018/03/23-21:15,5669,5687,5669,5678
 2018/03/23-21:30,5677,5680,5673,5678
 2018/03/23-21:45,5678,5681,5675,5681
 2018/03/23-22:00,5680,5682,5668,5671
 2018/03/23-22:15,5670,5674,5668,5672
 2018/03/23-22:30,5672,5672,5658,5658
 2018/03/23-22:45,5658,5663,5658,5660
 2018/03/23-23:00,5660,5667,5660,5665
 2018/03/23-23:15,5665,5672,5662,5670
 2018/03/23-23:30,5670,5670,5656,5661
 2018/03/23-09:15,5661,5672,5632,5667
 2018/03/23-09:30,5666,5681,5662,5664
 2018/03/23-09:45,5663,5675,5651,5673
 2018/03/23-10:00,5673,5676,5665,5671
 2018/03/23-10:15,5672,5678,5667,5668
 2018/03/23-10:45,5668,5674,5666,5666
 2018/03/23-11:00,5666,5685,5666,5676
 2018/03/23-11:15,5675,5677,5670,5672
 2018/03/23-11:30,5672,5673,5660,5666
 2018/03/23-13:45,5666,5668,5655,5659
 2018/03/23-14:00,5658,5662,5653,5654
 2018/03/23-14:15,5654,5654,5641,5648
 2018/03/23-14:30,5647,5665,5646,5664
 2018/03/23-14:45,5663,5678,5658,5673
 2018/03/23-15:00,5673,5674,5648,5666
 2018/03/26-21:15,5660,5662,5647,5655
 2018/03/26-21:30,5655,5656,5645,5652
 2018/03/26-21:45,5653,5655,5634,5634
 2018/03/26-22:00,5635,5648,5630,5643
 2018/03/26-22:15,5643,5656,5642,5650
 2018/03/26-22:30,5650,5651,5644,5645
 2018/03/26-22:45,5645,5659,5643,5655
 2018/03/26-23:00,5655,5657,5651,5654
 2018/03/26-23:15,5654,5654,5646,5652
 2018/03/26-23:30,5651,5652,5642,5644
 2018/03/26-09:15,5647,5659,5633,5643
 2018/03/26-09:30,5643,5643,5625,5627
 2018/03/26-09:45,5627,5641,5627,5636
 2018/03/26-10:00,5635,5637,5634,5637
 2018/03/26-10:15,5636,5638,5628,5636
 2018/03/26-10:45,5635,5639,5634,5638
 2018/03/26-11:00,5637,5643,5636,5637
 2018/03/26-11:15,5637,5642,5636,5641
 2018/03/26-11:30,5641,5662,5640,5660
 2018/03/26-13:45,5660,5660,5652,5655
 2018/03/26-14:00,5656,5660,5654,5657
 2018/03/26-14:15,5658,5669,5656,5664
 2018/03/26-14:30,5665,5670,5662,5665
 2018/03/26-14:45,5665,5665,5656,5656
 2018/03/26-15:00,5656,5665,5651,5662
 2018/03/27-21:15,5646,5670,5646,5663
 2018/03/27-21:30,5663,5664,5657,5663
 2018/03/27-21:45,5662,5663,5659,5659
 2018/03/27-22:00,5660,5673,5658,5668
 2018/03/27-22:15,5668,5673,5666,5667
 2018/03/27-22:30,5667,5670,5665,5667
 2018/03/27-22:45,5667,5678,5667,5673
 2018/03/27-23:00,5673,5679,5670,5675
 2018/03/27-23:15,5675,5676,5666,5669
 2018/03/27-23:30,5669,5669,5663,5669
 2018/03/27-09:15,5664,5674,5658,5665
 2018/03/27-09:30,5664,5665,5653,5660
 2018/03/27-09:45,5660,5664,5656,5664
 2018/03/27-10:00,5664,5665,5659,5661
 2018/03/27-10:15,5662,5662,5659,5659
 2018/03/27-10:45,5658,5663,5656,5663
 2018/03/27-11:00,5663,5674,5661,5673
 2018/03/27-11:15,5673,5674,5666,5669
 2018/03/27-11:30,5669,5670,5665,5668
 2018/03/27-13:45,5668,5668,5642,5644
 2018/03/27-14:00,5644,5660,5642,5654
 2018/03/27-14:15,5653,5656,5653,5654
 2018/03/27-14:30,5655,5657,5650,5656
 2018/03/27-14:45,5657,5669,5655,5668
 2018/03/27-15:00,5668,5672,5654,5657
 2018/03/28-21:15,5657,5665,5656,5664
 2018/03/28-21:30,5663,5667,5662,5663
 2018/03/28-21:45,5664,5666,5660,5663
 2018/03/28-22:00,5663,5664,5651,5651
 2018/03/28-22:15,5651,5661,5651,5658
 2018/03/28-22:30,5658,5661,5655,5656
 2018/03/28-22:45,5656,5672,5654,5664
 2018/03/28-23:00,5664,5667,5661,5664
 2018/03/28-23:15,5664,5666,5662,5665
 2018/03/28-23:30,5665,5667,5664,5665
 2018/03/28-09:15,5665,5674,5658,5661
 2018/03/28-09:30,5660,5661,5655,5659
 2018/03/28-09:45,5659,5667,5659,5663
 2018/03/28-10:00,5664,5671,5663,5668
 2018/03/28-10:15,5668,5673,5664,5668
 2018/03/28-10:45,5669,5677,5664,5665
 2018/03/28-11:00,5665,5666,5657,5663
 2018/03/28-11:15,5662,5668,5657,5665
 2018/03/28-11:30,5664,5666,5660,5664
 2018/03/28-13:45,5664,5665,5657,5660
 2018/03/28-14:00,5661,5663,5659,5660
 2018/03/28-14:15,5659,5662,5649,5653
 2018/03/28-14:30,5653,5653,5647,5652
 2018/03/28-14:45,5652,5652,5645,5646
 2018/03/28-15:00,5646,5649,5636,5640
 2018/03/29-21:15,5635,5642,5633,5635
 2018/03/29-21:30,5635,5644,5633,5640
 2018/03/29-21:45,5640,5644,5635,5639
 2018/03/29-22:00,5639,5641,5631,5633
 2018/03/29-22:15,5633,5648,5622,5641
 2018/03/29-22:30,5641,5644,5640,5641
 2018/03/29-22:45,5641,5649,5639,5644
 2018/03/29-23:00,5645,5648,5643,5645
 2018/03/29-23:15,5646,5653,5644,5648
 2018/03/29-23:30,5648,5652,5646,5651
 2018/03/29-09:15,5646,5651,5640,5645
 2018/03/29-09:30,5646,5648,5641,5644
 2018/03/29-09:45,5644,5645,5638,5641
 2018/03/29-10:00,5641,5645,5638,5643
 2018/03/29-10:15,5642,5645,5638,5640
 2018/03/29-10:45,5639,5641,5632,5636
 2018/03/29-11:00,5635,5637,5628,5628
 2018/03/29-11:15,5628,5641,5626,5636
 2018/03/29-11:30,5634,5638,5623,5628
 2018/03/29-13:45,5628,5635,5623,5633
 2018/03/29-14:00,5633,5635,5608,5609
 2018/03/29-14:15,5609,5617,5567,5576
 2018/03/29-14:30,5576,5606,5576,5591
 2018/03/29-14:45,5591,5604,5585,5598
 2018/03/29-15:00,5599,5602,5591,5597
 2018/03/30-21:15,5529,5535,5521,5532
 2018/03/30-21:30,5531,5532,5523,5525
 2018/03/30-21:45,5525,5525,5516,5521
 2018/03/30-22:00,5521,5525,5512,5523
 2018/03/30-22:15,5523,5525,5519,5524
 2018/03/30-22:30,5524,5525,5520,5522
 2018/03/30-22:45,5522,5528,5522,5525
 2018/03/30-23:00,5524,5527,5522,5524
 2018/03/30-23:15,5524,5530,5524,5528
 2018/03/30-23:30,5528,5529,5524,5524
 2018/03/30-09:15,5523,5542,5521,5538
 2018/03/30-09:30,5538,5552,5535,5539
 2018/03/30-09:45,5540,5549,5535,5548
 2018/03/30-10:00,5549,5550,5542,5547
 2018/03/30-10:15,5546,5548,5543,5545
 2018/03/30-10:45,5546,5551,5545,5551
 2018/03/30-11:00,5551,5555,5543,5544
 2018/03/30-11:15,5544,5549,5541,5548
 2018/03/30-11:30,5546,5550,5545,5548
 2018/03/30-13:45,5548,5551,5547,5551
 2018/03/30-14:00,5551,5565,5549,5556
 2018/03/30-14:15,5554,5555,5549,5550
 2018/03/30-14:30,5549,5554,5547,5549
 2018/03/30-14:45,5548,5554,5547,5552
 2018/03/30-15:00,5551,5554,5546,5551
 2018/04/02-21:15,5560,5607,5560,5569
 2018/04/02-21:30,5571,5571,5562,5568
 2018/04/02-21:45,5567,5571,5567,5568
 2018/04/02-22:00,5569,5570,5565,5565
 2018/04/02-22:15,5565,5566,5553,5559
 2018/04/02-22:30,5559,5559,5553,5556
 2018/04/02-22:45,5555,5558,5554,5556
 2018/04/02-23:00,5555,5559,5551,5557
 2018/04/02-23:15,5557,5560,5554,5557
 2018/04/02-23:30,5557,5565,5556,5561
 2018/04/02-09:15,5561,5584,5561,5572
 2018/04/02-09:30,5573,5576,5568,5572
 2018/04/02-09:45,5573,5579,5572,5572
 2018/04/02-10:00,5572,5574,5570,5573
 2018/04/02-10:15,5573,5574,5565,5571
 2018/04/02-10:45,5571,5578,5568,5576
 2018/04/02-11:00,5576,5578,5572,5578
 2018/04/02-11:15,5577,5580,5572,5574
 2018/04/02-11:30,5574,5577,5572,5576
 2018/04/02-13:45,5576,5577,5570,5576
 2018/04/02-14:00,5575,5578,5571,5575
 2018/04/02-14:15,5577,5577,5574,5574
 2018/04/02-14:30,5574,5577,5570,5576
 2018/04/02-14:45,5575,5577,5572,5573
 2018/04/02-15:00,5574,5575,5565,5568
 2018/04/03-21:15,5572,5573,5558,5564
 2018/04/03-21:30,5564,5570,5563,5570
 2018/04/03-21:45,5570,5576,5568,5575
 2018/04/03-22:00,5575,5576,5571,5572
 2018/04/03-22:15,5572,5572,5563,5571
 2018/04/03-22:30,5570,5572,5566,5567
 2018/04/03-22:45,5568,5571,5563,5566
 2018/04/03-23:00,5566,5568,5562,5565
 2018/04/03-23:15,5565,5567,5561,5567
 2018/04/03-23:30,5567,5569,5566,5568
 2018/04/03-09:15,5567,5572,5562,5566
 2018/04/03-09:30,5567,5568,5552,5553
 2018/04/03-09:45,5553,5563,5553,5556
 2018/04/03-10:00,5557,5562,5556,5562
 2018/04/03-10:15,5562,5566,5557,5562
 2018/04/03-10:45,5561,5563,5558,5559
 2018/04/03-11:00,5559,5561,5558,5558
 2018/04/03-11:15,5558,5559,5553,5554
 2018/04/03-11:30,5555,5556,5548,5555
 2018/04/03-13:45,5556,5556,5543,5546
 2018/04/03-14:00,5546,5547,5536,5540
 2018/04/03-14:15,5540,5545,5533,5538
 2018/04/03-14:30,5538,5540,5535,5537
 2018/04/03-14:45,5537,5541,5535,5535
 2018/04/03-15:00,5535,5546,5535,5538
 2018/04/04-21:15,5550,5550,5527,5532
 2018/04/04-21:30,5531,5536,5531,5535
 2018/04/04-21:45,5534,5536,5529,5533
 2018/04/04-22:00,5533,5536,5532,5532
 2018/04/04-22:15,5532,5539,5530,5537
 2018/04/04-22:30,5538,5539,5532,5535
 2018/04/04-22:45,5535,5536,5531,5534
 2018/04/04-23:00,5534,5536,5528,5532
 2018/04/04-23:15,5533,5534,5530,5533
 2018/04/04-23:30,5533,5535,5528,5533
 2018/04/04-09:15,5533,5543,5528,5538
 2018/04/04-09:30,5537,5539,5531,5534
 2018/04/04-09:45,5534,5542,5532,5536
 2018/04/04-10:00,5536,5541,5536,5540
 2018/04/04-10:15,5540,5541,5537,5539
 2018/04/04-10:45,5539,5544,5538,5542
 2018/04/04-11:00,5542,5543,5537,5539
 2018/04/04-11:15,5539,5543,5538,5540
 2018/04/04-11:30,5540,5544,5539,5540
 2018/04/04-13:45,5541,5541,5534,5535
 2018/04/04-14:00,5534,5536,5530,5532
 2018/04/04-14:15,5531,5543,5530,5539
 2018/04/04-14:30,5539,5547,5539,5546
 2018/04/04-14:45,5546,5547,5538,5541
 2018/04/04-15:00,5541,5550,5537,5550
 2018/04/09-09:15,5560,5564,5473,5521
 2018/04/09-09:30,5521,5548,5520,5548
 2018/04/09-09:45,5547,5553,5542,5543
 2018/04/09-10:00,5541,5546,5537,5542
 2018/04/09-10:15,5543,5543,5534,5535
 2018/04/09-10:45,5535,5537,5531,5535
 2018/04/09-11:00,5535,5542,5533,5539
 2018/04/09-11:15,5539,5545,5536,5543
 2018/04/09-11:30,5543,5546,5539,5544
 2018/04/09-13:45,5544,5554,5543,5552
 2018/04/09-14:00,5552,5559,5549,5557
 2018/04/09-14:15,5557,5557,5550,5556
 2018/04/09-14:30,5557,5557,5552,5554
 2018/04/09-14:45,5555,5557,5552,5553
 2018/04/09-15:00,5552,5556,5546,5551
 2018/04/10-21:15,5552,5570,5552,5565
 2018/04/10-21:30,5565,5573,5563,5570
 2018/04/10-21:45,5570,5571,5565,5565
 2018/04/10-22:00,5566,5568,5559,5559
 2018/04/10-22:15,5560,5563,5559,5561
 2018/04/10-22:30,5561,5563,5555,5561
 2018/04/10-22:45,5561,5565,5561,5565
 2018/04/10-23:00,5564,5567,5560,5562
 2018/04/10-23:15,5564,5567,5564,5566
 2018/04/10-23:30,5566,5569,5564,5568
 2018/04/10-09:15,5566,5567,5557,5563
 2018/04/10-09:30,5563,5566,5562,5566
 2018/04/10-09:45,5566,5581,5564,5578
 2018/04/10-10:00,5577,5580,5573,5577
 2018/04/10-10:15,5577,5581,5574,5577
 2018/04/10-10:45,5578,5581,5575,5576
 2018/04/10-11:00,5575,5579,5567,5569
 2018/04/10-11:15,5569,5576,5569,5575
 2018/04/10-11:30,5575,5577,5571,5575
 2018/04/10-13:45,5576,5583,5575,5579
 2018/04/10-14:00,5579,5579,5575,5575
 2018/04/10-14:15,5575,5578,5574,5577
 2018/04/10-14:30,5577,5582,5569,5571
 2018/04/10-14:45,5572,5575,5570,5571
 2018/04/10-15:00,5571,5577,5569,5577
 2018/04/11-21:15,5554,5564,5545,5560
 2018/04/11-21:30,5561,5565,5560,5562
 2018/04/11-21:45,5561,5564,5557,5557
 2018/04/11-22:00,5557,5560,5553,5559
 2018/04/11-22:15,5559,5563,5558,5561
 2018/04/11-22:30,5562,5562,5559,5561
 2018/04/11-22:45,5561,5564,5560,5562
 2018/04/11-23:00,5562,5564,5561,5562
 2018/04/11-23:15,5563,5564,5561,5561
 2018/04/11-23:30,5561,5563,5558,5562
 2018/04/11-09:15,5560,5576,5560,5570
 2018/04/11-09:30,5569,5579,5569,5577
 2018/04/11-09:45,5577,5584,5574,5578
 2018/04/11-10:00,5578,5582,5575,5579
 2018/04/11-10:15,5580,5580,5576,5580
 2018/04/11-10:45,5580,5581,5573,5576
 2018/04/11-11:00,5577,5578,5569,5573
 2018/04/11-11:15,5573,5575,5572,5574
 2018/04/11-11:30,5574,5577,5573,5576
 2018/04/11-13:45,5576,5577,5567,5568
 2018/04/11-14:00,5568,5572,5567,5569
 2018/04/11-14:15,5570,5575,5569,5574
 2018/04/11-14:30,5573,5577,5572,5576
 2018/04/11-14:45,5576,5579,5565,5568
 2018/04/11-15:00,5568,5570,5565,5566
 2018/04/12-21:15,5563,5566,5537,5541
 2018/04/12-21:30,5541,5543,5534,5540
 2018/04/12-21:45,5540,5544,5538,5543
 2018/04/12-22:00,5544,5553,5541,5553
 2018/04/12-22:15,5553,5553,5547,5549
 2018/04/12-22:30,5549,5554,5548,5554
 2018/04/12-22:45,5554,5555,5551,5554
 2018/04/12-23:00,5554,5555,5551,5555
 2018/04/12-23:15,5555,5558,5554,5557
 2018/04/12-23:30,5557,5559,5555,5555
 2018/04/12-09:15,5556,5556,5542,5544
 2018/04/12-09:30,5543,5546,5540,5541
 2018/04/12-09:45,5540,5541,5530,5539
 2018/04/12-10:00,5538,5538,5525,5532
 2018/04/12-10:15,5531,5537,5530,5535
 2018/04/12-10:45,5535,5538,5531,5536
 2018/04/12-11:00,5536,5543,5535,5540
 2018/04/12-11:15,5540,5541,5537,5538
 2018/04/12-11:30,5537,5541,5537,5538
 2018/04/12-13:45,5539,5541,5536,5539
 2018/04/12-14:00,5539,5539,5533,5534
 2018/04/12-14:15,5534,5535,5530,5534
 2018/04/12-14:30,5534,5535,5528,5530
 2018/04/12-14:45,5530,5530,5521,5528
 2018/04/12-15:00,5528,5529,5520,5520
 2018/04/13-21:15,5524,5536,5524,5533
 2018/04/13-21:30,5534,5540,5533,5538
 2018/04/13-21:45,5537,5539,5535,5539
 2018/04/13-22:00,5538,5539,5535,5537
 2018/04/13-22:15,5537,5537,5534,5534
 2018/04/13-22:30,5534,5537,5534,5535
 2018/04/13-22:45,5536,5537,5533,5535
 2018/04/13-23:00,5534,5535,5529,5532
 2018/04/13-23:15,5531,5533,5514,5521
 2018/04/13-23:30,5521,5528,5520,5524
 2018/04/13-09:15,5524,5529,5517,5520
 2018/04/13-09:30,5520,5534,5517,5529
 2018/04/13-09:45,5529,5532,5525,5527
 2018/04/13-10:00,5526,5527,5521,5523
 2018/04/13-10:15,5522,5525,5520,5521
 2018/04/13-10:45,5521,5525,5515,5523
 2018/04/13-11:00,5523,5531,5522,5530
 2018/04/13-11:15,5531,5531,5523,5524
 2018/04/13-11:30,5524,5528,5524,5525
 2018/04/13-13:45,5526,5530,5524,5526
 2018/04/13-14:00,5526,5527,5520,5522
 2018/04/13-14:15,5523,5526,5521,5524
 2018/04/13-14:30,5524,5530,5505,5529
 2018/04/13-14:45,5528,5529,5520,5522
 2018/04/13-15:00,5522,5529,5517,5527
 2018/04/16-21:15,5538,5548,5528,5534
 2018/04/16-21:30,5534,5534,5527,5533
 2018/04/16-21:45,5533,5533,5529,5531
 2018/04/16-22:00,5530,5531,5522,5526
 2018/04/16-22:15,5525,5526,5519,5522
 2018/04/16-22:30,5523,5524,5521,5523
 2018/04/16-22:45,5522,5524,5519,5521
 2018/04/16-23:00,5521,5524,5520,5521
 2018/04/16-23:15,5520,5530,5519,5527
 2018/04/16-23:30,5527,5529,5521,5524
 2018/04/16-09:15,5524,5524,5507,5513
 2018/04/16-09:30,5512,5519,5500,5508
 2018/04/16-09:45,5509,5512,5493,5502
 2018/04/16-10:00,5502,5505,5498,5500
 2018/04/16-10:15,5500,5504,5498,5502
 2018/04/16-10:45,5500,5502,5488,5488
 2018/04/16-11:00,5489,5493,5482,5482
 2018/04/16-11:15,5482,5491,5479,5491
 2018/04/16-11:30,5490,5494,5484,5485
 2018/04/16-13:45,5485,5486,5473,5473
 2018/04/16-14:00,5474,5481,5472,5478
 2018/04/16-14:15,5478,5479,5473,5476
 2018/04/16-14:30,5476,5477,5471,5473
 2018/04/16-14:45,5473,5477,5470,5472
 2018/04/16-15:00,5472,5482,5466,5476
 2018/04/17-21:15,5482,5493,5480,5481
 2018/04/17-21:30,5482,5490,5481,5486
 2018/04/17-21:45,5487,5488,5469,5473
 2018/04/17-22:00,5472,5474,5463,5473
 2018/04/17-22:15,5473,5476,5472,5473
 2018/04/17-22:30,5473,5476,5471,5476
 2018/04/17-22:45,5478,5478,5471,5471
 2018/04/17-23:00,5471,5474,5469,5472
 2018/04/17-23:15,5472,5472,5461,5464
 2018/04/17-23:30,5464,5465,5460,5465
 2018/04/17-09:15,5463,5466,5451,5464
 2018/04/17-09:30,5464,5469,5461,5464
 2018/04/17-09:45,5462,5467,5461,5465
 2018/04/17-10:00,5464,5466,5462,5462
 2018/04/17-10:15,5463,5467,5457,5465
 2018/04/17-10:45,5465,5474,5464,5467
 2018/04/17-11:00,5467,5468,5463,5466
 2018/04/17-11:15,5466,5467,5453,5457
 2018/04/17-11:30,5457,5461,5450,5453
 2018/04/17-13:45,5453,5456,5445,5446
 2018/04/17-14:00,5445,5455,5442,5452
 2018/04/17-14:15,5452,5455,5447,5448
 2018/04/17-14:30,5449,5449,5431,5432
 2018/04/17-14:45,5432,5439,5427,5436
 2018/04/17-15:00,5436,5440,5428,5431
 2018/04/18-21:15,5425,5443,5425,5436
 2018/04/18-21:30,5435,5439,5432,5434
 2018/04/18-21:45,5434,5450,5433,5448
 2018/04/18-22:00,5448,5463,5448,5452
 2018/04/18-22:15,5452,5452,5445,5447
 2018/04/18-22:30,5447,5448,5436,5437
 2018/04/18-22:45,5438,5442,5437,5438
 2018/04/18-23:00,5438,5443,5437,5438
 2018/04/18-23:15,5438,5441,5432,5435
 2018/04/18-23:30,5435,5438,5432,5436
 2018/04/18-09:15,5435,5446,5408,5441
 2018/04/18-09:30,5440,5443,5437,5442
 2018/04/18-09:45,5443,5443,5430,5431
 2018/04/18-10:00,5431,5431,5420,5429
 2018/04/18-10:15,5429,5433,5427,5433
 2018/04/18-10:45,5432,5434,5426,5429
 2018/04/18-11:00,5428,5432,5425,5428
 2018/04/18-11:15,5428,5433,5426,5429
 2018/04/18-11:30,5429,5438,5428,5437
 2018/04/18-13:45,5438,5440,5431,5434
 2018/04/18-14:00,5433,5440,5433,5440
 2018/04/18-14:15,5439,5444,5435,5436
 2018/04/18-14:30,5436,5442,5436,5440
 2018/04/18-14:45,5440,5443,5435,5437
 2018/04/18-15:00,5436,5437,5431,5432
 2018/04/19-21:15,5435,5450,5428,5446
 2018/04/19-21:30,5446,5456,5443,5452
 2018/04/19-21:45,5452,5454,5445,5447
 2018/04/19-22:00,5447,5452,5446,5450
 2018/04/19-22:15,5449,5463,5446,5459
 2018/04/19-22:30,5458,5458,5453,5455
 2018/04/19-22:45,5456,5456,5453,5456
 2018/04/19-23:00,5456,5467,5456,5465
 2018/04/19-23:15,5465,5466,5460,5465
 2018/04/19-23:30,5465,5469,5462,5467
 2018/04/19-09:15,5466,5495,5461,5482
 2018/04/19-09:30,5482,5485,5476,5477
 2018/04/19-09:45,5478,5480,5472,5479
 2018/04/19-10:00,5479,5481,5475,5480
 2018/04/19-10:15,5481,5483,5477,5478
 2018/04/19-10:45,5477,5484,5476,5479
 2018/04/19-11:00,5479,5480,5475,5476
 2018/04/19-11:15,5475,5478,5467,5470
 2018/04/19-11:30,5470,5472,5469,5469
 2018/04/19-13:45,5470,5479,5469,5478
 2018/04/19-14:00,5477,5484,5475,5481
 2018/04/19-14:15,5481,5484,5478,5482
 2018/04/19-14:30,5482,5483,5474,5477
 2018/04/19-14:45,5477,5478,5471,5473
 2018/04/19-15:00,5473,5481,5471,5475
 2018/04/20-21:15,5482,5495,5474,5479
 2018/04/20-21:30,5480,5482,5477,5480
 2018/04/20-21:45,5480,5481,5476,5480
 2018/04/20-22:00,5479,5479,5472,5475
 2018/04/20-22:15,5476,5479,5472,5478
 2018/04/20-22:30,5478,5484,5477,5483
 2018/04/20-22:45,5483,5485,5481,5483
 2018/04/20-23:00,5484,5484,5482,5484
 2018/04/20-23:15,5484,5488,5483,5483
 2018/04/20-23:30,5483,5490,5482,5486
 2018/04/20-09:15,5488,5499,5483,5494
 2018/04/20-09:30,5494,5495,5488,5489
 2018/04/20-09:45,5489,5492,5488,5489
 2018/04/20-10:00,5489,5497,5488,5497
 2018/04/20-10:15,5497,5499,5486,5488
 2018/04/20-10:45,5492,5492,5489,5490
 2018/04/20-11:00,5491,5491,5478,5481
 2018/04/20-11:15,5481,5483,5477,5480
 2018/04/20-11:30,5481,5484,5476,5478
 2018/04/20-13:45,5478,5485,5476,5484
 2018/04/20-14:00,5483,5490,5482,5490
 2018/04/20-14:15,5489,5496,5489,5493
 2018/04/20-14:30,5493,5500,5493,5494
 2018/04/20-14:45,5494,5503,5492,5503
 2018/04/20-15:00,5502,5504,5497,5500
 2018/04/23-21:15,5489,5496,5484,5487
 2018/04/23-21:30,5488,5490,5484,5485
 2018/04/23-21:45,5485,5488,5483,5483
 2018/04/23-22:00,5483,5488,5480,5487
 2018/04/23-22:15,5487,5491,5483,5490
 2018/04/23-22:30,5490,5495,5488,5492
 2018/04/23-22:45,5492,5494,5490,5494
 2018/04/23-23:00,5494,5494,5486,5488
 2018/04/23-23:15,5487,5490,5486,5488
 2018/04/23-23:30,5488,5493,5488,5490
 2018/04/23-09:15,5491,5492,5467,5476
 2018/04/23-09:30,5476,5487,5475,5485
 2018/04/23-09:45,5486,5488,5475,5477
 2018/04/23-10:00,5478,5479,5473,5476
 2018/04/23-10:15,5476,5478,5474,5478
 2018/04/23-10:45,5478,5484,5477,5483
 2018/04/23-11:00,5482,5484,5478,5482
 2018/04/23-11:15,5482,5483,5475,5479
 2018/04/23-11:30,5479,5480,5476,5478
 2018/04/23-13:45,5480,5480,5470,5472
 2018/04/23-14:00,5472,5478,5472,5474
 2018/04/23-14:15,5475,5478,5474,5474
 2018/04/23-14:30,5473,5476,5471,5475
 2018/04/23-14:45,5475,5482,5473,5480
 2018/04/23-15:00,5479,5482,5477,5479
 2018/04/24-21:15,5471,5475,5455,5468
 2018/04/24-21:30,5468,5470,5463,5467
 2018/04/24-21:45,5466,5472,5466,5472
 2018/04/24-22:00,5472,5472,5465,5468
 2018/04/24-22:15,5467,5468,5459,5460
 2018/04/24-22:30,5460,5466,5460,5463
 2018/04/24-22:45,5464,5464,5454,5456
 2018/04/24-23:00,5455,5462,5455,5460
 2018/04/24-23:15,5460,5461,5454,5456
 2018/04/24-23:30,5457,5460,5456,5460
 2018/04/24-09:15,5452,5452,5424,5430
 2018/04/24-09:30,5430,5433,5426,5429
 2018/04/24-09:45,5430,5435,5426,5434
 2018/04/24-10:00,5433,5434,5430,5433
 2018/04/24-10:15,5433,5439,5432,5436
 2018/04/24-10:45,5436,5437,5432,5436
 2018/04/24-11:00,5435,5436,5430,5432
 2018/04/24-11:15,5433,5434,5429,5430
 2018/04/24-11:30,5429,5435,5426,5434
 2018/04/24-13:45,5436,5448,5434,5446
 2018/04/24-14:00,5446,5457,5445,5452
 2018/04/24-14:15,5452,5452,5437,5439
 2018/04/24-14:30,5439,5442,5438,5441
 2018/04/24-14:45,5441,5446,5439,5440
 2018/04/24-15:00,5440,5449,5439,5448
 2018/04/25-21:15,5449,5458,5441,5457
 2018/04/25-21:30,5457,5466,5454,5461
 2018/04/25-21:45,5460,5463,5457,5459
 2018/04/25-22:00,5459,5465,5459,5463
 2018/04/25-22:15,5464,5464,5459,5461
 2018/04/25-22:30,5461,5461,5457,5459
 2018/04/25-22:45,5459,5460,5454,5458
 2018/04/25-23:00,5457,5468,5457,5465
 2018/04/25-23:15,5465,5467,5462,5464
 2018/04/25-23:30,5464,5464,5458,5462
 2018/04/25-09:15,5463,5494,5461,5490
 2018/04/25-09:30,5490,5502,5485,5490
 2018/04/25-09:45,5491,5492,5488,5491
 2018/04/25-10:00,5491,5491,5483,5488
 2018/04/25-10:15,5488,5494,5488,5491
 2018/04/25-10:45,5491,5496,5486,5494
 2018/04/25-11:00,5493,5493,5488,5493
 2018/04/25-11:15,5493,5495,5487,5488
 2018/04/25-11:30,5488,5496,5487,5496
 2018/04/25-13:45,5496,5510,5491,5503
 2018/04/25-14:00,5504,5511,5494,5500
 2018/04/25-14:15,5500,5516,5499,5510
 2018/04/25-14:30,5511,5517,5506,5507
 2018/04/25-14:45,5507,5508,5495,5500
 2018/04/25-15:00,5501,5502,5494,5499
 2018/04/26-21:15,5480,5492,5478,5487
 2018/04/26-21:30,5487,5496,5487,5493
 2018/04/26-21:45,5493,5495,5489,5492
 2018/04/26-22:00,5492,5493,5487,5490
 2018/04/26-22:15,5489,5496,5485,5494
 2018/04/26-22:30,5494,5494,5490,5492
 2018/04/26-22:45,5493,5493,5490,5491
 2018/04/26-23:00,5491,5493,5479,5481
 2018/04/26-23:15,5482,5487,5481,5483
 2018/04/26-23:30,5483,5488,5483,5486
 2018/04/26-09:15,5487,5508,5486,5503
 2018/04/26-09:30,5503,5507,5502,5506
 2018/04/26-09:45,5506,5506,5497,5499
 2018/04/26-10:00,5498,5500,5494,5497
 2018/04/26-10:15,5498,5498,5489,5490
 2018/04/26-10:45,5490,5491,5473,5481
 2018/04/26-11:00,5481,5482,5463,5475
 2018/04/26-11:15,5474,5476,5467,5470
 2018/04/26-11:30,5471,5478,5468,5477
 2018/04/26-13:45,5475,5481,5473,5477
 2018/04/26-14:00,5478,5481,5475,5480
 2018/04/26-14:15,5480,5480,5475,5476
 2018/04/26-14:30,5476,5478,5471,5476
 2018/04/26-14:45,5476,5490,5476,5488
 2018/04/26-15:00,5489,5492,5486,5492
 2018/04/27-21:15,5492,5496,5481,5494
 2018/04/27-21:30,5494,5494,5488,5491
 2018/04/27-21:45,5490,5491,5476,5482
 2018/04/27-22:00,5482,5488,5482,5485
 2018/04/27-22:15,5486,5490,5485,5487
 2018/04/27-22:30,5487,5489,5481,5483
 2018/04/27-22:45,5483,5486,5482,5485
 2018/04/27-23:00,5485,5487,5483,5483
 2018/04/27-23:15,5483,5487,5483,5485
 2018/04/27-23:30,5484,5489,5483,5485
 2018/04/27-09:15,5490,5503,5489,5491
 2018/04/27-09:30,5491,5491,5480,5480
 2018/04/27-09:45,5479,5482,5472,5479
 2018/04/27-10:00,5479,5485,5479,5484
 2018/04/27-10:15,5485,5485,5479,5480
 2018/04/27-10:45,5480,5483,5479,5481
 2018/04/27-11:00,5481,5482,5473,5474
 2018/04/27-11:15,5474,5477,5433,5444
 2018/04/27-11:30,5444,5449,5434,5438
 2018/04/27-13:45,5438,5443,5436,5441
 2018/04/27-14:00,5441,5446,5439,5443
 2018/04/27-14:15,5442,5446,5437,5442
 2018/04/27-14:30,5442,5444,5440,5440
 2018/04/27-14:45,5440,5442,5435,5437
 2018/04/27-15:00,5438,5442,5431,5437
 2018/05/02-09:15,5446,5456,5440,5450
 2018/05/02-09:30,5450,5451,5443,5445
 2018/05/02-09:45,5444,5448,5443,5446
 2018/05/02-10:00,5445,5446,5437,5443
 2018/05/02-10:15,5444,5444,5381,5415
 2018/05/02-10:45,5415,5419,5405,5413
 2018/05/02-11:00,5412,5417,5410,5416
 2018/05/02-11:15,5416,5422,5413,5420
 2018/05/02-11:30,5420,5429,5419,5422
 2018/05/02-13:45,5422,5424,5413,5419
 2018/05/02-14:00,5419,5423,5412,5416
 2018/05/02-14:15,5417,5417,5412,5415
 2018/05/02-14:30,5415,5418,5410,5414
 2018/05/02-14:45,5414,5416,5408,5412
 2018/05/02-15:00,5412,5413,5398,5403
 2018/05/03-21:15,5392,5413,5392,5410
 2018/05/03-21:30,5410,5410,5401,5405
 2018/05/03-21:45,5405,5409,5401,5409
 2018/05/03-22:00,5409,5410,5405,5409
 2018/05/03-22:15,5410,5410,5404,5407
 2018/05/03-22:30,5407,5414,5406,5412
 2018/05/03-22:45,5413,5414,5411,5413
 2018/05/03-23:00,5413,5427,5413,5419
 2018/05/03-23:15,5420,5420,5417,5419
 2018/05/03-23:30,5419,5421,5415,5421
 2018/05/03-09:15,5415,5419,5409,5416
 2018/05/03-09:30,5416,5416,5410,5412
 2018/05/03-09:45,5412,5416,5412,5415
 2018/05/03-10:00,5414,5415,5406,5408
 2018/05/03-10:15,5408,5412,5407,5411
 2018/05/03-10:45,5411,5418,5411,5414
 2018/05/03-11:00,5414,5417,5412,5416
 2018/05/03-11:15,5415,5418,5412,5414
 2018/05/03-11:30,5413,5416,5413,5415
 2018/05/03-13:45,5415,5421,5412,5420
 2018/05/03-14:00,5420,5420,5416,5417
 2018/05/03-14:15,5418,5418,5409,5410
 2018/05/03-14:30,5411,5413,5408,5411
 2018/05/03-14:45,5411,5415,5410,5411
 2018/05/03-15:00,5411,5411,5406,5408
 2018/05/04-21:15,5406,5408,5398,5405
 2018/05/04-21:30,5405,5411,5403,5411
 2018/05/04-21:45,5411,5412,5408,5410
 2018/05/04-22:00,5410,5411,5408,5408
 2018/05/04-22:15,5408,5417,5408,5413
 2018/05/04-22:30,5414,5418,5409,5412
 2018/05/04-22:45,5412,5413,5405,5409
 2018/05/04-23:00,5409,5412,5408,5412
 2018/05/04-23:15,5412,5412,5407,5409
 2018/05/04-23:30,5409,5410,5405,5406
 2018/05/04-09:15,5407,5417,5406,5415
 2018/05/04-09:30,5414,5419,5414,5414
 2018/05/04-09:45,5414,5415,5408,5412
 2018/05/04-10:00,5412,5415,5411,5413
 2018/05/04-10:15,5412,5419,5412,5417
 2018/05/04-10:45,5417,5417,5414,5415
 2018/05/04-11:00,5416,5416,5413,5415
 2018/05/04-11:15,5415,5416,5408,5409
 2018/05/04-11:30,5410,5414,5409,5413
 2018/05/04-13:45,5413,5414,5409,5410
 2018/05/04-14:00,5411,5414,5409,5414
 2018/05/04-14:15,5414,5415,5411,5414
 2018/05/04-14:30,5414,5414,5409,5412
 2018/05/04-14:45,5412,5413,5408,5411
 2018/05/04-15:00,5411,5414,5409,5410
 2018/05/07-21:15,5405,5418,5401,5416
 2018/05/07-21:30,5416,5427,5416,5421
 2018/05/07-21:45,5421,5423,5419,5420
 2018/05/07-22:00,5420,5421,5419,5421
 2018/05/07-22:15,5421,5424,5419,5419
 2018/05/07-22:30,5419,5423,5419,5419
 2018/05/07-22:45,5419,5419,5414,5415
 2018/05/07-23:00,5415,5417,5411,5414
 2018/05/07-23:15,5414,5416,5411,5414
 2018/05/07-23:30,5414,5414,5409,5410
 2018/05/07-09:15,5410,5420,5402,5413
 2018/05/07-09:30,5414,5414,5409,5410
 2018/05/07-09:45,5410,5417,5405,5416
 2018/05/07-10:00,5416,5420,5414,5418
 2018/05/07-10:15,5418,5425,5417,5421
 2018/05/07-10:45,5421,5422,5416,5418
 2018/05/07-11:00,5418,5420,5416,5417
 2018/05/07-11:15,5416,5419,5414,5419
 2018/05/07-11:30,5418,5419,5416,5417
 2018/05/07-13:45,5418,5433,5415,5427
 2018/05/07-14:00,5427,5429,5419,5425
 2018/05/07-14:15,5426,5426,5422,5425
 2018/05/07-14:30,5425,5428,5422,5425
 2018/05/07-14:45,5426,5427,5424,5426
 2018/05/07-15:00,5426,5426,5421,5424
 2018/05/08-21:15,5425,5435,5425,5429
 2018/05/08-21:30,5428,5429,5423,5426
 2018/05/08-21:45,5426,5427,5419,5422
 2018/05/08-22:00,5423,5424,5417,5419
 2018/05/08-22:15,5418,5422,5418,5422
 2018/05/08-22:30,5421,5422,5418,5422
 2018/05/08-22:45,5422,5423,5417,5419
 2018/05/08-23:00,5419,5420,5416,5418
 2018/05/08-23:15,5418,5419,5416,5418
 2018/05/08-23:30,5417,5419,5415,5415
 2018/05/08-09:15,5416,5416,5408,5410
 2018/05/08-09:30,5411,5415,5407,5414
 2018/05/08-09:45,5414,5415,5411,5414
 2018/05/08-10:00,5414,5419,5414,5417
 2018/05/08-10:15,5417,5419,5415,5415
 2018/05/08-10:45,5414,5417,5411,5413
 2018/05/08-11:00,5414,5416,5411,5412
 2018/05/08-11:15,5413,5415,5411,5413
 2018/05/08-11:30,5412,5414,5409,5412
 2018/05/08-13:45,5412,5418,5411,5417
 2018/05/08-14:00,5417,5425,5415,5422
 2018/05/08-14:15,5422,5422,5414,5416
 2018/05/08-14:30,5416,5419,5416,5417
 2018/05/08-14:45,5417,5421,5416,5421
 2018/05/08-15:00,5421,5421,5416,5417
 2018/05/09-21:15,5419,5427,5419,5424
 2018/05/09-21:30,5424,5430,5424,5424
 2018/05/09-21:45,5425,5425,5422,5422
 2018/05/09-22:00,5422,5423,5416,5420
 2018/05/09-22:15,5420,5421,5419,5419
 2018/05/09-22:30,5420,5423,5419,5422
 2018/05/09-22:45,5423,5425,5419,5419
 2018/05/09-23:00,5419,5422,5417,5419
 2018/05/09-23:15,5419,5421,5415,5417
 2018/05/09-23:30,5416,5425,5416,5421
 2018/05/09-09:15,5425,5437,5424,5434
 2018/05/09-09:30,5435,5439,5430,5435
 2018/05/09-09:45,5434,5436,5431,5432
 2018/05/09-10:00,5432,5434,5424,5428
 2018/05/09-10:15,5428,5430,5425,5428
 2018/05/09-10:45,5429,5430,5427,5428
 2018/05/09-11:00,5428,5430,5426,5427
 2018/05/09-11:15,5427,5429,5426,5427
 2018/05/09-11:30,5428,5430,5427,5429
 2018/05/09-13:45,5430,5431,5426,5427
 2018/05/09-14:00,5428,5429,5422,5429
 2018/05/09-14:15,5429,5429,5424,5426
 2018/05/09-14:30,5425,5433,5416,5418
 2018/05/09-14:45,5418,5424,5418,5423
 2018/05/09-15:00,5422,5422,5412,5415
 2018/05/10-21:15,5414,5423,5414,5420
 2018/05/10-21:30,5421,5424,5417,5418
 2018/05/10-21:45,5419,5422,5417,5421
 2018/05/10-22:00,5420,5422,5417,5419
 2018/05/10-22:15,5419,5421,5418,5419
 2018/05/10-22:30,5419,5419,5410,5417
 2018/05/10-22:45,5417,5418,5413,5415
 2018/05/10-23:00,5415,5417,5414,5416
 2018/05/10-23:15,5416,5417,5413,5414
 2018/05/10-23:30,5415,5416,5410,5415
 2018/05/10-09:15,5413,5416,5410,5414
 2018/05/10-09:30,5413,5418,5412,5417
 2018/05/10-09:45,5417,5419,5413,5415
 2018/05/10-10:00,5415,5417,5412,5413
 2018/05/10-10:15,5413,5415,5412,5414
 2018/05/10-10:45,5414,5423,5414,5421
 2018/05/10-11:00,5422,5425,5421,5423
 2018/05/10-11:15,5423,5424,5419,5420
 2018/05/10-11:30,5420,5423,5419,5420
 2018/05/10-13:45,5420,5422,5416,5418
 2018/05/10-14:00,5417,5419,5415,5416
 2018/05/10-14:15,5415,5417,5414,5417
 2018/05/10-14:30,5417,5419,5416,5418
 2018/05/10-14:45,5418,5419,5415,5415
 2018/05/10-15:00,5416,5417,5411,5412
 2018/05/11-21:15,5411,5427,5384,5422
 2018/05/11-21:30,5423,5429,5421,5428
 2018/05/11-21:45,5428,5428,5422,5423
 2018/05/11-22:00,5424,5427,5422,5426
 2018/05/11-22:15,5426,5428,5419,5422
 2018/05/11-22:30,5423,5424,5420,5423
 2018/05/11-22:45,5423,5425,5421,5424
 2018/05/11-23:00,5424,5424,5421,5424
 2018/05/11-23:15,5425,5447,5422,5438
 2018/05/11-23:30,5438,5440,5433,5436
 2018/05/11-09:15,5436,5437,5425,5431
 2018/05/11-09:30,5432,5435,5431,5432
 2018/05/11-09:45,5432,5434,5430,5432
 2018/05/11-10:00,5433,5435,5432,5432
 2018/05/11-10:15,5432,5440,5432,5435
 2018/05/11-10:45,5436,5440,5434,5435
 2018/05/11-11:00,5435,5436,5426,5430
 2018/05/11-11:15,5430,5431,5428,5430
 2018/05/11-11:30,5430,5433,5426,5433
 2018/05/11-13:45,5433,5438,5431,5433
 2018/05/11-14:00,5433,5435,5432,5434
 2018/05/11-14:15,5434,5436,5433,5434
 2018/05/11-14:30,5434,5435,5430,5431
 2018/05/11-14:45,5431,5432,5428,5432
 2018/05/11-15:00,5432,5435,5427,5435
 2018/05/14-21:15,5435,5437,5427,5432
 2018/05/14-21:30,5432,5434,5431,5431
 2018/05/14-21:45,5431,5438,5431,5436
 2018/05/14-22:00,5437,5446,5434,5446
 2018/05/14-22:15,5445,5448,5439,5440
 2018/05/14-22:30,5441,5443,5440,5441
 2018/05/14-22:45,5441,5442,5438,5441
 2018/05/14-23:00,5442,5443,5439,5440
 2018/05/14-23:15,5440,5441,5436,5437
 2018/05/14-23:30,5438,5440,5437,5438
 2018/05/14-09:15,5439,5462,5435,5458
 2018/05/14-09:30,5458,5485,5454,5475
 2018/05/14-09:45,5474,5476,5471,5476
 2018/05/14-10:00,5476,5481,5474,5480
 2018/05/14-10:15,5479,5484,5474,5478
 2018/05/14-10:45,5477,5488,5476,5487
 2018/05/14-11:00,5488,5491,5482,5490
 2018/05/14-11:15,5490,5496,5483,5492
 2018/05/14-11:30,5493,5532,5492,5511
 2018/05/14-13:45,5512,5516,5497,5505
 2018/05/14-14:00,5505,5505,5486,5493
 2018/05/14-14:15,5493,5495,5484,5489
 2018/05/14-14:30,5489,5492,5487,5489
 2018/05/14-14:45,5488,5489,5480,5483
 2018/05/14-15:00,5484,5489,5481,5485
 2018/05/15-21:15,5490,5494,5478,5481
 2018/05/15-21:30,5482,5484,5476,5477
 2018/05/15-21:45,5477,5482,5476,5480
 2018/05/15-22:00,5481,5488,5480,5486
 2018/05/15-22:15,5486,5486,5478,5480
 2018/05/15-22:30,5479,5483,5477,5477
 2018/05/15-22:45,5477,5480,5473,5474
 2018/05/15-23:00,5475,5475,5471,5473
 2018/05/15-23:15,5473,5474,5466,5471
 2018/05/15-23:30,5471,5472,5465,5467
 2018/05/15-09:15,5469,5483,5467,5482
 2018/05/15-09:30,5481,5485,5471,5473
 2018/05/15-09:45,5474,5475,5461,5469
 2018/05/15-10:00,5469,5473,5468,5471
 2018/05/15-10:15,5471,5475,5467,5474
 2018/05/15-10:45,5474,5477,5465,5466
 2018/05/15-11:00,5466,5468,5463,5465
 2018/05/15-11:15,5464,5470,5464,5468
 2018/05/15-11:30,5468,5472,5467,5468
 2018/05/15-13:45,5469,5474,5469,5471
 2018/05/15-14:00,5471,5481,5470,5481
 2018/05/15-14:15,5480,5480,5469,5474
 2018/05/15-14:30,5474,5475,5472,5473
 2018/05/15-14:45,5474,5478,5472,5476
 2018/05/15-15:00,5477,5477,5470,5476
 2018/05/16-21:15,5476,5495,5473,5493
 2018/05/16-21:30,5493,5498,5487,5489
 2018/05/16-21:45,5489,5495,5481,5493
 2018/05/16-22:00,5493,5496,5486,5489
 2018/05/16-22:15,5489,5502,5489,5501
 2018/05/16-22:30,5501,5507,5496,5497
 2018/05/16-22:45,5496,5507,5491,5506
 2018/05/16-23:00,5506,5506,5493,5494
 2018/05/16-23:15,5493,5500,5492,5495
 2018/05/16-23:30,5495,5497,5492,5492
 2018/05/16-09:15,5498,5509,5496,5496
 2018/05/16-09:30,5497,5506,5497,5503
 2018/05/16-09:45,5503,5506,5494,5494
 2018/05/16-10:00,5494,5500,5493,5497
 2018/05/16-10:15,5496,5497,5488,5491
 2018/05/16-10:45,5491,5493,5486,5491
 2018/05/16-11:00,5490,5499,5488,5496
 2018/05/16-11:15,5496,5501,5490,5492
 2018/05/16-11:30,5493,5494,5488,5490
 2018/05/16-13:45,5491,5507,5491,5498
 2018/05/16-14:00,5498,5503,5494,5502
 2018/05/16-14:15,5501,5503,5482,5483
 2018/05/16-14:30,5483,5490,5480,5488
 2018/05/16-14:45,5487,5492,5486,5490
 2018/05/16-15:00,5490,5494,5481,5493
 2018/05/17-21:15,5495,5511,5491,5506
 2018/05/17-21:30,5506,5519,5505,5516
 2018/05/17-21:45,5515,5517,5507,5510
 2018/05/17-22:00,5511,5515,5507,5511
 2018/05/17-22:15,5510,5513,5507,5508
 2018/05/17-22:30,5508,5511,5501,5511
 2018/05/17-22:45,5511,5517,5509,5514
 2018/05/17-23:00,5514,5515,5507,5510
 2018/05/17-23:15,5511,5513,5509,5513
 2018/05/17-23:30,5512,5513,5507,5509
 2018/05/17-09:15,5513,5525,5509,5524
 2018/05/17-09:30,5524,5534,5502,5504
 2018/05/17-09:45,5504,5510,5501,5509
 2018/05/17-10:00,5509,5511,5505,5505
 2018/05/17-10:15,5507,5510,5505,5509
 2018/05/17-10:45,5510,5511,5507,5509
 2018/05/17-11:00,5508,5510,5503,5505
 2018/05/17-11:15,5505,5511,5504,5508
 2018/05/17-11:30,5508,5515,5507,5514
 2018/05/17-13:45,5515,5521,5511,5520
 2018/05/17-14:00,5520,5526,5511,5512
 2018/05/17-14:15,5512,5518,5509,5513
 2018/05/17-14:30,5515,5517,5510,5514
 2018/05/17-14:45,5514,5514,5509,5510
 2018/05/17-15:00,5511,5514,5506,5511
 2018/05/18-21:15,5525,5525,5512,5514
 2018/05/18-21:30,5514,5519,5514,5516
 2018/05/18-21:45,5516,5518,5513,5515
 2018/05/18-22:00,5515,5516,5513,5514
 2018/05/18-22:15,5514,5520,5514,5517
 2018/05/18-22:30,5516,5526,5516,5525
 2018/05/18-22:45,5526,5536,5519,5530
 2018/05/18-23:00,5531,5543,5521,5532
 2018/05/18-23:15,5533,5540,5531,5532
 2018/05/18-23:30,5533,5537,5531,5533
 2018/05/18-09:15,5529,5534,5520,5529
 2018/05/18-09:30,5529,5529,5511,5513
 2018/05/18-09:45,5512,5518,5512,5517
 2018/05/18-10:00,5516,5517,5487,5490
 2018/05/18-10:15,5490,5500,5489,5496
 2018/05/18-10:45,5495,5503,5495,5503
 2018/05/18-11:00,5502,5503,5496,5496
 2018/05/18-11:15,5496,5501,5491,5499
 2018/05/18-11:30,5499,5503,5499,5502
 2018/05/18-13:45,5502,5508,5499,5505
 2018/05/18-14:00,5506,5507,5495,5499
 2018/05/18-14:15,5498,5507,5498,5505
 2018/05/18-14:30,5506,5507,5504,5506
 2018/05/18-14:45,5506,5507,5495,5499
 2018/05/18-15:00,5499,5504,5496,5498
 2018/05/21-21:15,5506,5517,5503,5511
 2018/05/21-21:30,5510,5514,5507,5511
 2018/05/21-21:45,5510,5513,5508,5509
 2018/05/21-22:00,5510,5511,5505,5508
 2018/05/21-22:15,5508,5508,5490,5500
 2018/05/21-22:30,5500,5505,5500,5504
 2018/05/21-22:45,5504,5505,5500,5504
 2018/05/21-23:00,5503,5508,5502,5508
 2018/05/21-23:15,5508,5523,5507,5518
 2018/05/21-23:30,5518,5521,5514,5515
 2018/05/21-09:15,5515,5524,5505,5519
 2018/05/21-09:30,5519,5532,5518,5529
 2018/05/21-09:45,5528,5529,5521,5529
 2018/05/21-10:00,5529,5529,5516,5527
 2018/05/21-10:15,5526,5530,5522,5525
 2018/05/21-10:45,5525,5533,5524,5531
 2018/05/21-11:00,5531,5535,5528,5530
 2018/05/21-11:15,5530,5533,5524,5529
 2018/05/21-11:30,5530,5533,5528,5532
 2018/05/21-13:45,5532,5535,5524,5524
 2018/05/21-14:00,5524,5528,5521,5525
 2018/05/21-14:15,5524,5527,5518,5525
 2018/05/21-14:30,5525,5525,5517,5520
 2018/05/21-14:45,5520,5522,5516,5521
 2018/05/21-15:00,5520,5523,5515,5523
 2018/05/22-21:15,5541,5569,5532,5563
 2018/05/22-21:30,5563,5564,5547,5554
 2018/05/22-21:45,5553,5564,5553,5560
 2018/05/22-22:00,5560,5560,5541,5544
 2018/05/22-22:15,5543,5558,5543,5556
 2018/05/22-22:30,5556,5563,5553,5560
 2018/05/22-22:45,5559,5563,5555,5560
 2018/05/22-23:00,5561,5561,5554,5556
 2018/05/22-23:15,5556,5565,5552,5555
 2018/05/22-23:30,5555,5557,5551,5552
 2018/05/22-09:15,5552,5560,5545,5559
 2018/05/22-09:30,5559,5560,5543,5546
 2018/05/22-09:45,5548,5550,5524,5535
 2018/05/22-10:00,5535,5535,5522,5534
 2018/05/22-10:15,5533,5537,5530,5530
 2018/05/22-10:45,5531,5534,5529,5531
 2018/05/22-11:00,5531,5534,5528,5533
 2018/05/22-11:15,5534,5534,5528,5530
 2018/05/22-11:30,5530,5532,5521,5525
 2018/05/22-13:45,5524,5531,5524,5530
 2018/05/22-14:00,5530,5532,5525,5527
 2018/05/22-14:15,5527,5527,5511,5523
 2018/05/22-14:30,5524,5524,5516,5519
 2018/05/22-14:45,5519,5522,5518,5521
 2018/05/22-15:00,5521,5526,5519,5519
 2018/05/23-21:15,5523,5533,5522,5524
 2018/05/23-21:30,5524,5528,5512,5522
 2018/05/23-21:45,5523,5524,5513,5520
 2018/05/23-22:00,5520,5527,5519,5521
 2018/05/23-22:15,5521,5532,5521,5529
 2018/05/23-22:30,5529,5534,5528,5531
 2018/05/23-22:45,5531,5538,5527,5537
 2018/05/23-23:00,5537,5540,5534,5537
 2018/05/23-23:15,5538,5538,5530,5530
 2018/05/23-23:30,5530,5532,5521,5523
 2018/05/23-09:15,5524,5530,5514,5516
 2018/05/23-09:30,5517,5518,5493,5504
 2018/05/23-09:45,5504,5515,5500,5504
 2018/05/23-10:00,5503,5518,5503,5512
 2018/05/23-10:15,5514,5520,5510,5518
 2018/05/23-10:45,5516,5524,5516,5520
 2018/05/23-11:00,5520,5527,5519,5522
 2018/05/23-11:15,5522,5530,5522,5525
 2018/05/23-11:30,5525,5527,5517,5519
 2018/05/23-13:45,5516,5518,5503,5506
 2018/05/23-14:00,5506,5515,5505,5513
 2018/05/23-14:15,5512,5517,5508,5509
 2018/05/23-14:30,5509,5515,5508,5512
 2018/05/23-14:45,5513,5516,5510,5514
 2018/05/23-15:00,5514,5515,5510,5512
 2018/05/24-21:15,5521,5538,5520,5532
 2018/05/24-21:30,5532,5536,5528,5531
 2018/05/24-21:45,5531,5536,5526,5536
 2018/05/24-22:00,5537,5545,5533,5541
 2018/05/24-22:15,5542,5555,5539,5553
 2018/05/24-22:30,5554,5554,5532,5535
 2018/05/24-22:45,5536,5536,5524,5529
 2018/05/24-23:00,5529,5532,5522,5530
 2018/05/24-23:15,5529,5535,5529,5532
 2018/05/24-23:30,5532,5535,5529,5533
 2018/05/24-09:15,5532,5543,5532,5543
 2018/05/24-09:30,5542,5544,5535,5535
 2018/05/24-09:45,5536,5542,5532,5542
 2018/05/24-10:00,5542,5545,5537,5543
 2018/05/24-10:15,5545,5551,5541,5544
 2018/05/24-10:45,5544,5549,5544,5548
 2018/05/24-11:00,5548,5549,5540,5543
 2018/05/24-11:15,5543,5548,5539,5546
 2018/05/24-11:30,5546,5553,5544,5547
 2018/05/24-13:45,5547,5548,5540,5545
 2018/05/24-14:00,5546,5554,5541,5549
 2018/05/24-14:15,5549,5550,5541,5545
 2018/05/24-14:30,5544,5545,5532,5536
 2018/05/24-14:45,5536,5538,5533,5534
 2018/05/24-15:00,5534,5540,5530,5538
 2018/05/25-21:15,5548,5555,5542,5544
 2018/05/25-21:30,5544,5546,5540,5541
 2018/05/25-21:45,5540,5544,5540,5543
 2018/05/25-22:00,5542,5544,5534,5538
 2018/05/25-22:15,5539,5541,5529,5535
 2018/05/25-22:30,5535,5538,5534,5536
 2018/05/25-22:45,5536,5538,5534,5536
 2018/05/25-23:00,5537,5544,5535,5543
 2018/05/25-23:15,5542,5543,5538,5540
 2018/05/25-23:30,5540,5545,5539,5541
 2018/05/25-09:15,5532,5532,5512,5519
 2018/05/25-09:30,5519,5520,5512,5516
 2018/05/25-09:45,5515,5518,5506,5514
 2018/05/25-10:00,5514,5518,5512,5518
 2018/05/25-10:15,5518,5518,5512,5517
 2018/05/25-10:45,5516,5518,5514,5516
 2018/05/25-11:00,5515,5517,5513,5515
 2018/05/25-11:15,5515,5520,5514,5520
 2018/05/25-11:30,5520,5527,5519,5526
 2018/05/25-13:45,5525,5526,5522,5523
 2018/05/25-14:00,5524,5528,5521,5526
 2018/05/25-14:15,5526,5527,5523,5524
 2018/05/25-14:30,5524,5525,5515,5519
 2018/05/25-14:45,5518,5519,5514,5518
 2018/05/25-15:00,5518,5525,5517,5524
 2018/05/28-21:15,5521,5529,5514,5526
 2018/05/28-21:30,5525,5541,5524,5535
 2018/05/28-21:45,5535,5538,5532,5536
 2018/05/28-22:00,5536,5536,5519,5522
 2018/05/28-22:15,5522,5526,5515,5520
 2018/05/28-22:30,5519,5524,5519,5523
 2018/05/28-22:45,5522,5527,5522,5525
 2018/05/28-23:00,5525,5527,5522,5525
 2018/05/28-23:15,5524,5531,5523,5525
 2018/05/28-23:30,5525,5527,5516,5517
 2018/05/28-09:15,5520,5531,5518,5521
 2018/05/28-09:30,5520,5520,5488,5496
 2018/05/28-09:45,5496,5500,5479,5488
 2018/05/28-10:00,5488,5491,5483,5484
 2018/05/28-10:15,5483,5486,5476,5480
 2018/05/28-10:45,5481,5483,5456,5461
 2018/05/28-11:00,5460,5463,5452,5454
 2018/05/28-11:15,5453,5456,5449,5456
 2018/05/28-11:30,5455,5460,5450,5451
 2018/05/28-13:45,5452,5457,5451,5452
 2018/05/28-14:00,5452,5456,5452,5453
 2018/05/28-14:15,5452,5464,5446,5461
 2018/05/28-14:30,5461,5465,5457,5460
 2018/05/28-14:45,5460,5464,5455,5462
 2018/05/28-15:00,5462,5462,5447,5451
 2018/05/29-21:15,5452,5464,5451,5456
 2018/05/29-21:30,5456,5464,5454,5456
 2018/05/29-21:45,5456,5459,5454,5455
 2018/05/29-22:00,5455,5458,5453,5458
 2018/05/29-22:15,5458,5459,5453,5457
 2018/05/29-22:30,5457,5459,5456,5457
 2018/05/29-22:45,5457,5459,5455,5458
 2018/05/29-23:00,5457,5460,5456,5457
 2018/05/29-23:15,5457,5460,5457,5459
 2018/05/29-23:30,5459,5460,5457,5459
 2018/05/29-09:15,5459,5469,5458,5465
 2018/05/29-09:30,5464,5469,5462,5467
 2018/05/29-09:45,5466,5473,5463,5471
 2018/05/29-10:00,5470,5478,5468,5473
 2018/05/29-10:15,5473,5479,5470,5477
 2018/05/29-10:45,5477,5478,5472,5475
 2018/05/29-11:00,5474,5475,5468,5472
 2018/05/29-11:15,5472,5475,5471,5474
 2018/05/29-11:30,5472,5476,5465,5469
 2018/05/29-13:45,5469,5471,5458,5462
 2018/05/29-14:00,5462,5465,5455,5464
 2018/05/29-14:15,5465,5467,5458,5462
 2018/05/29-14:30,5462,5462,5449,5457
 2018/05/29-14:45,5458,5460,5439,5456
 2018/05/29-15:00,5456,5464,5454,5458
 2018/05/30-21:15,5458,5474,5453,5472
 2018/05/30-21:30,5472,5472,5467,5469
 2018/05/30-21:45,5469,5469,5457,5463
 2018/05/30-22:00,5463,5466,5452,5456
 2018/05/30-22:15,5456,5466,5455,5466
 2018/05/30-22:30,5466,5477,5464,5471
 2018/05/30-22:45,5471,5473,5467,5469
 2018/05/30-23:00,5469,5472,5466,5469
 2018/05/30-23:15,5469,5472,5468,5469
 2018/05/30-23:30,5469,5470,5460,5461
 2018/05/30-09:15,5459,5460,5451,5456
 2018/05/30-09:30,5456,5468,5455,5463
 2018/05/30-09:45,5464,5466,5461,5466
 2018/05/30-10:00,5465,5470,5462,5464
 2018/05/30-10:15,5464,5465,5458,5459
 2018/05/30-10:45,5459,5461,5452,5455
 2018/05/30-11:00,5455,5458,5449,5449
 2018/05/30-11:15,5450,5458,5446,5458
 2018/05/30-11:30,5458,5460,5455,5458
 2018/05/30-13:45,5458,5459,5453,5454
 2018/05/30-14:00,5454,5464,5454,5461
 2018/05/30-14:15,5461,5465,5459,5463
 2018/05/30-14:30,5463,5467,5462,5463
 2018/05/30-14:45,5463,5471,5462,5466
 2018/05/30-15:00,5466,5468,5459,5463
 2018/05/31-21:15,5465,5475,5463,5469
 2018/05/31-21:30,5470,5482,5467,5472
 2018/05/31-21:45,5472,5476,5467,5469
 2018/05/31-22:00,5469,5474,5464,5467
 2018/05/31-22:15,5466,5471,5460,5461
 2018/05/31-22:30,5462,5466,5461,5465
 2018/05/31-22:45,5465,5465,5452,5453
 2018/05/31-23:00,5453,5461,5453,5460
 2018/05/31-23:15,5461,5461,5453,5454
 2018/05/31-23:30,5454,5462,5454,5461
 2018/05/31-09:15,5461,5468,5459,5460
 2018/05/31-09:30,5460,5469,5459,5469
 2018/05/31-09:45,5469,5471,5465,5467
 2018/05/31-10:00,5466,5469,5466,5468
 2018/05/31-10:15,5468,5468,5463,5464
 2018/05/31-10:45,5464,5466,5457,5459
 2018/05/31-11:00,5459,5467,5458,5465
 2018/05/31-11:15,5465,5465,5457,5460
 2018/05/31-11:30,5461,5463,5456,5456
 2018/05/31-13:45,5456,5468,5455,5467
 2018/05/31-14:00,5467,5468,5461,5462
 2018/05/31-14:15,5462,5464,5458,5462
 2018/05/31-14:30,5462,5466,5460,5462
 2018/05/31-14:45,5461,5462,5453,5455
 2018/05/31-15:00,5455,5457,5450,5455
 2018/06/01-21:15,5464,5469,5459,5461
 2018/06/01-21:30,5461,5463,5418,5455
 2018/06/01-21:45,5456,5481,5456,5476
 2018/06/01-22:00,5476,5490,5472,5474
 2018/06/01-22:15,5474,5482,5474,5482
 2018/06/01-22:30,5482,5483,5471,5474
 2018/06/01-22:45,5474,5482,5474,5480
 2018/06/01-23:00,5480,5481,5472,5477
 2018/06/01-23:15,5478,5481,5475,5480
 2018/06/01-23:30,5480,5484,5478,5483
 2018/06/01-09:15,5482,5501,5481,5494
 2018/06/01-09:30,5495,5521,5494,5518
 2018/06/01-09:45,5518,5533,5505,5511
 2018/06/01-10:00,5512,5516,5506,5510
 2018/06/01-10:15,5510,5514,5502,5508
 2018/06/01-10:45,5508,5509,5500,5504
 2018/06/01-11:00,5505,5505,5484,5490
 2018/06/01-11:15,5490,5496,5486,5493
 2018/06/01-11:30,5492,5498,5491,5493
 2018/06/01-13:45,5493,5499,5490,5499
 2018/06/01-14:00,5499,5500,5490,5493
 2018/06/01-14:15,5493,5495,5490,5492
 2018/06/01-14:30,5492,5497,5491,5494
 2018/06/01-14:45,5494,5498,5485,5487
 2018/06/01-15:00,5488,5488,5475,5482
 2018/06/04-21:15,5493,5504,5490,5503
 2018/06/04-21:30,5504,5504,5490,5490
 2018/06/04-21:45,5492,5507,5491,5506
 2018/06/04-22:00,5507,5507,5499,5501
 2018/06/04-22:15,5500,5502,5487,5493
 2018/06/04-22:30,5492,5493,5486,5488
 2018/06/04-22:45,5488,5494,5486,5492
 2018/06/04-23:00,5492,5492,5489,5490
 2018/06/04-23:15,5491,5491,5488,5490
 2018/06/04-23:30,5490,5494,5489,5491
 2018/06/04-09:15,5490,5491,5476,5485
 2018/06/04-09:30,5485,5494,5483,5491
 2018/06/04-09:45,5490,5499,5490,5496
 2018/06/04-10:00,5497,5502,5490,5498
 2018/06/04-10:15,5498,5503,5495,5500
 2018/06/04-10:45,5500,5507,5497,5507
 2018/06/04-11:00,5507,5507,5498,5501
 2018/06/04-11:15,5502,5504,5494,5498
 2018/06/04-11:30,5498,5502,5495,5497
 2018/06/04-13:45,5498,5501,5493,5497
 2018/06/04-14:00,5498,5501,5491,5491
 2018/06/04-14:15,5491,5496,5491,5494
 2018/06/04-14:30,5493,5500,5493,5499
 2018/06/04-14:45,5499,5500,5492,5495
 2018/06/04-15:00,5495,5500,5493,5498
 2018/06/05-21:15,5500,5512,5487,5493
 2018/06/05-21:30,5493,5498,5492,5495
 2018/06/05-21:45,5496,5498,5493,5495
 2018/06/05-22:00,5494,5495,5484,5489
 2018/06/05-22:15,5489,5491,5488,5488
 2018/06/05-22:30,5489,5489,5485,5488
 2018/06/05-22:45,5487,5489,5477,5480
 2018/06/05-23:00,5479,5484,5465,5481
 2018/06/05-23:15,5481,5481,5469,5472
 2018/06/05-23:30,5471,5479,5466,5469
 2018/06/05-09:15,5466,5467,5445,5457
 2018/06/05-09:30,5458,5458,5449,5452
 2018/06/05-09:45,5453,5458,5450,5457
 2018/06/05-10:00,5456,5461,5455,5457
 2018/06/05-10:15,5456,5458,5453,5454
 2018/06/05-10:45,5455,5455,5435,5444
 2018/06/05-11:00,5443,5451,5442,5446
 2018/06/05-11:15,5445,5450,5443,5447
 2018/06/05-11:30,5447,5452,5444,5450
 2018/06/05-13:45,5450,5456,5447,5455
 2018/06/05-14:00,5456,5457,5450,5451
 2018/06/05-14:15,5451,5452,5447,5450
 2018/06/05-14:30,5450,5460,5449,5452
 2018/06/05-14:45,5452,5454,5449,5453
 2018/06/05-15:00,5453,5458,5453,5453
 2018/06/06-21:15,5460,5466,5455,5457
 2018/06/06-21:30,5458,5463,5457,5459
 2018/06/06-21:45,5459,5459,5452,5456
 2018/06/06-22:00,5455,5466,5455,5463
 2018/06/06-22:15,5462,5463,5457,5459
 2018/06/06-22:30,5459,5461,5453,5456
 2018/06/06-22:45,5457,5459,5449,5456
 2018/06/06-23:00,5456,5460,5456,5459
 2018/06/06-23:15,5458,5459,5456,5457
 2018/06/06-23:30,5458,5460,5457,5458
 2018/06/06-09:15,5459,5461,5452,5457
 2018/06/06-09:30,5458,5459,5448,5453
 2018/06/06-09:45,5453,5454,5446,5448
 2018/06/06-10:00,5448,5456,5448,5452
 2018/06/06-10:15,5453,5454,5425,5429
 2018/06/06-10:45,5428,5430,5419,5426
 2018/06/06-11:00,5426,5426,5416,5421
 2018/06/06-11:15,5421,5427,5416,5424
 2018/06/06-11:30,5423,5424,5416,5417
 2018/06/06-13:45,5418,5425,5411,5424
 2018/06/06-14:00,5424,5427,5421,5425
 2018/06/06-14:15,5425,5426,5415,5417
 2018/06/06-14:30,5417,5423,5416,5421
 2018/06/06-14:45,5421,5423,5414,5421
 2018/06/06-15:00,5421,5424,5404,5404
 2018/06/07-21:15,5405,5414,5394,5411
 2018/06/07-21:30,5412,5414,5409,5410
 2018/06/07-21:45,5409,5411,5406,5410
 2018/06/07-22:00,5409,5418,5409,5418
 2018/06/07-22:15,5418,5418,5413,5416
 2018/06/07-22:30,5416,5416,5411,5412
 2018/06/07-22:45,5411,5414,5409,5410
 2018/06/07-23:00,5411,5413,5405,5410
 2018/06/07-23:15,5410,5416,5410,5415
 2018/06/07-23:30,5415,5416,5409,5411
 2018/06/07-09:15,5412,5416,5406,5410
 2018/06/07-09:30,5410,5411,5400,5404
 2018/06/07-09:45,5404,5411,5392,5410
 2018/06/07-10:00,5410,5414,5406,5410
 2018/06/07-10:15,5410,5421,5408,5420
 2018/06/07-10:45,5420,5420,5412,5415
 2018/06/07-11:00,5415,5419,5415,5417
 2018/06/07-11:15,5418,5418,5411,5413
 2018/06/07-11:30,5414,5415,5408,5410
 2018/06/07-13:45,5410,5411,5400,5410
 2018/06/07-14:00,5410,5411,5405,5406
 2018/06/07-14:15,5406,5410,5405,5407
 2018/06/07-14:30,5407,5408,5403,5408
 2018/06/07-14:45,5408,5408,5398,5401
 2018/06/07-15:00,5400,5412,5398,5410
 2018/06/08-21:15,5388,5388,5354,5363
 2018/06/08-21:30,5362,5363,5338,5342
 2018/06/08-21:45,5342,5349,5336,5346
 2018/06/08-22:00,5345,5346,5334,5339
 2018/06/08-22:15,5338,5341,5331,5336
 2018/06/08-22:30,5336,5339,5331,5335
 2018/06/08-22:45,5336,5336,5315,5321
 2018/06/08-23:00,5321,5328,5317,5318
 2018/06/08-23:15,5318,5323,5312,5321
 2018/06/08-23:30,5320,5324,5308,5310
 2018/06/08-09:15,5311,5317,5297,5309
 2018/06/08-09:30,5309,5318,5305,5312
 2018/06/08-09:45,5311,5315,5309,5310
 2018/06/08-10:00,5311,5311,5303,5303
 2018/06/08-10:15,5304,5309,5296,5302
 2018/06/08-10:45,5303,5304,5244,5264
 2018/06/08-11:00,5264,5280,5259,5270
 2018/06/08-11:15,5269,5270,5245,5249
 2018/06/08-11:30,5250,5276,5240,5272
 2018/06/08-13:45,5271,5277,5264,5265
 2018/06/08-14:00,5266,5266,5256,5260
 2018/06/08-14:15,5261,5265,5255,5257
 2018/06/08-14:30,5257,5261,5245,5254
 2018/06/08-14:45,5254,5264,5250,5257
 2018/06/08-15:00,5257,5259,5238,5248
 2018/06/11-21:15,5257,5273,5255,5266
 2018/06/11-21:30,5266,5281,5266,5275
 2018/06/11-21:45,5275,5280,5268,5275
 2018/06/11-22:00,5275,5276,5264,5268
 2018/06/11-22:15,5269,5275,5268,5271
 2018/06/11-22:30,5272,5280,5272,5276
 2018/06/11-22:45,5276,5279,5274,5278
 2018/06/11-23:00,5278,5280,5271,5278
 2018/06/11-23:15,5278,5285,5274,5281
 2018/06/11-23:30,5282,5286,5280,5285
 2018/06/11-09:15,5287,5297,5274,5278
 2018/06/11-09:30,5277,5289,5276,5288
 2018/06/11-09:45,5288,5288,5276,5281
 2018/06/11-10:00,5281,5281,5270,5274
 2018/06/11-10:15,5273,5279,5273,5278
 2018/06/11-10:45,5278,5281,5273,5277
 2018/06/11-11:00,5277,5281,5276,5277
 2018/06/11-11:15,5278,5281,5277,5278
 2018/06/11-11:30,5278,5281,5268,5270
 2018/06/11-13:45,5268,5275,5261,5265
 2018/06/11-14:00,5266,5269,5262,5265
 2018/06/11-14:15,5265,5269,5262,5268
 2018/06/11-14:30,5268,5276,5265,5276
 2018/06/11-14:45,5275,5278,5272,5277
 2018/06/11-15:00,5278,5282,5273,5277
 2018/06/12-21:15,5289,5297,5278,5283
 2018/06/12-21:30,5284,5287,5282,5284
 2018/06/12-21:45,5284,5288,5280,5285
 2018/06/12-22:00,5285,5290,5284,5286
 2018/06/12-22:15,5287,5295,5286,5295
 2018/06/12-22:30,5295,5305,5294,5295
 2018/06/12-22:45,5295,5297,5291,5291
 2018/06/12-23:00,5291,5291,5284,5288
 2018/06/12-23:15,5287,5291,5285,5287
 2018/06/12-23:30,5287,5290,5283,5286
 2018/06/12-09:15,5285,5291,5280,5290
 2018/06/12-09:30,5290,5292,5284,5287
 2018/06/12-09:45,5288,5288,5281,5283
 2018/06/12-10:00,5283,5290,5282,5287
 2018/06/12-10:15,5288,5289,5281,5281
 2018/06/12-10:45,5280,5287,5276,5285
 2018/06/12-11:00,5284,5289,5282,5288
 2018/06/12-11:15,5289,5297,5286,5287
 2018/06/12-11:30,5286,5288,5274,5282
 2018/06/12-13:45,5282,5287,5280,5281
 2018/06/12-14:00,5281,5286,5280,5283
 2018/06/12-14:15,5284,5288,5282,5283
 2018/06/12-14:30,5284,5285,5282,5284
 2018/06/12-14:45,5285,5289,5283,5285
 2018/06/12-15:00,5285,5288,5281,5282
 2018/06/13-21:15,5283,5287,5267,5272
 2018/06/13-21:30,5271,5272,5252,5260
 2018/06/13-21:45,5260,5264,5241,5250
 2018/06/13-22:00,5250,5256,5225,5229
 2018/06/13-22:15,5228,5238,5221,5231
 2018/06/13-22:30,5231,5233,5216,5222
 2018/06/13-22:45,5221,5229,5219,5225
 2018/06/13-23:00,5225,5233,5222,5228
 2018/06/13-23:15,5227,5234,5225,5227
 2018/06/13-23:30,5226,5227,5212,5213
 2018/06/13-09:15,5213,5216,5195,5213
 2018/06/13-09:30,5214,5227,5206,5213
 2018/06/13-09:45,5214,5223,5207,5221
 2018/06/13-10:00,5221,5226,5216,5223
 2018/06/13-10:15,5224,5227,5214,5219
 2018/06/13-10:45,5218,5225,5213,5221
 2018/06/13-11:00,5220,5222,5213,5216
 2018/06/13-11:15,5215,5225,5214,5224
 2018/06/13-11:30,5224,5230,5221,5223
 2018/06/13-13:45,5223,5229,5219,5226
 2018/06/13-14:00,5227,5227,5221,5221
 2018/06/13-14:15,5221,5223,5216,5217
 2018/06/13-14:30,5217,5222,5215,5221
 2018/06/13-14:45,5221,5226,5218,5218
 2018/06/13-15:00,5218,5226,5218,5224
 2018/06/14-21:15,5235,5245,5232,5235
 2018/06/14-21:30,5236,5237,5227,5237
 2018/06/14-21:45,5236,5236,5232,5233
 2018/06/14-22:00,5233,5235,5226,5229
 2018/06/14-22:15,5229,5235,5225,5234
 2018/06/14-22:30,5235,5235,5232,5234
 2018/06/14-22:45,5234,5234,5224,5228
 2018/06/14-23:00,5228,5232,5227,5231
 2018/06/14-23:15,5232,5234,5227,5228
 2018/06/14-23:30,5228,5231,5220,5220
 2018/06/14-09:15,5227,5227,5214,5218
 2018/06/14-09:30,5219,5223,5211,5212
 2018/06/14-09:45,5213,5246,5211,5242
 2018/06/14-10:00,5242,5257,5241,5247
 2018/06/14-10:15,5248,5248,5242,5244
 2018/06/14-10:45,5243,5243,5236,5241
 2018/06/14-11:00,5241,5245,5239,5243
 2018/06/14-11:15,5244,5247,5238,5238
 2018/06/14-11:30,5239,5240,5227,5228
 2018/06/14-13:45,5227,5230,5223,5227
 2018/06/14-14:00,5227,5231,5226,5228
 2018/06/14-14:15,5228,5231,5227,5229
 2018/06/14-14:30,5230,5235,5228,5230
 2018/06/14-14:45,5230,5232,5223,5228
 2018/06/14-15:00,5229,5232,5220,5223
 2018/06/15-21:15,5220,5221,5200,5219
 2018/06/15-21:30,5220,5227,5219,5224
 2018/06/15-21:45,5224,5240,5224,5236
 2018/06/15-22:00,5236,5237,5229,5232
 2018/06/15-22:15,5232,5237,5229,5237
 2018/06/15-22:30,5237,5238,5231,5233
 2018/06/15-22:45,5233,5235,5224,5225
 2018/06/15-23:00,5226,5228,5221,5227
 2018/06/15-23:15,5227,5234,5224,5231
 2018/06/15-23:30,5230,5237,5230,5231
 2018/06/15-09:15,5231,5248,5222,5245
 2018/06/15-09:30,5243,5245,5238,5242
 2018/06/15-09:45,5242,5243,5237,5237
 2018/06/15-10:00,5237,5245,5235,5244
 2018/06/15-10:15,5244,5245,5236,5238
 2018/06/15-10:45,5238,5241,5236,5241
 2018/06/15-11:00,5241,5242,5236,5239
 2018/06/15-11:15,5239,5239,5226,5230
 2018/06/15-11:30,5230,5234,5223,5223
 2018/06/15-13:45,5224,5229,5221,5225
 2018/06/15-14:00,5224,5229,5224,5228
 2018/06/15-14:15,5227,5232,5225,5231
 2018/06/15-14:30,5230,5231,5224,5229
 2018/06/15-14:45,5229,5230,5217,5228
 2018/06/15-15:00,5228,5229,5218,5220
 2018/06/19-09:15,5214,5224,5176,5180
 2018/06/19-09:30,5179,5184,5149,5154
 2018/06/19-09:45,5153,5159,5125,5146
 2018/06/19-10:00,5145,5152,5129,5146
 2018/06/19-10:15,5146,5149,5138,5145
 2018/06/19-10:45,5144,5147,5138,5138
 2018/06/19-11:00,5137,5144,5131,5134
 2018/06/19-11:15,5135,5138,5128,5130
 2018/06/19-11:30,5129,5131,5090,5127
 2018/06/19-13:45,5126,5130,5104,5128
 2018/06/19-14:00,5128,5132,5124,5127
 2018/06/19-14:15,5127,5127,5109,5109
 2018/06/19-14:30,5110,5123,5108,5112
 2018/06/19-14:45,5113,5114,5101,5108
 2018/06/19-15:00,5108,5115,5105,5106
 2018/06/20-21:15,5110,5141,5109,5136
 2018/06/20-21:30,5136,5136,5127,5134
 2018/06/20-21:45,5135,5139,5131,5132
 2018/06/20-22:00,5132,5138,5131,5133
 2018/06/20-22:15,5132,5137,5132,5133
 2018/06/20-22:30,5132,5133,5125,5130
 2018/06/20-22:45,5130,5135,5124,5125
 2018/06/20-23:00,5124,5132,5119,5132
 2018/06/20-23:15,5131,5131,5126,5127
 2018/06/20-23:30,5126,5132,5126,5130
 2018/06/20-09:15,5134,5146,5130,5146
 2018/06/20-09:30,5146,5147,5136,5140
 2018/06/20-09:45,5139,5140,5133,5139
 2018/06/20-10:00,5139,5140,5129,5135
 2018/06/20-10:15,5135,5144,5134,5139
 2018/06/20-10:45,5140,5145,5136,5141
 2018/06/20-11:00,5142,5149,5139,5140
 2018/06/20-11:15,5140,5143,5139,5140
 2018/06/20-11:30,5140,5143,5136,5138
 2018/06/20-13:45,5138,5140,5115,5121
 2018/06/20-14:00,5120,5128,5118,5126
 2018/06/20-14:15,5126,5132,5123,5129
 2018/06/20-14:30,5130,5131,5126,5126
 2018/06/20-14:45,5127,5130,5124,5129
 2018/06/20-15:00,5130,5132,5124,5127
 2018/06/21-21:15,5133,5143,5122,5127
 2018/06/21-21:30,5128,5129,5121,5128
 2018/06/21-21:45,5127,5128,5118,5125
 2018/06/21-22:00,5125,5128,5120,5124
 2018/06/21-22:15,5123,5127,5122,5124
 2018/06/21-22:30,5124,5136,5123,5131
 2018/06/21-22:45,5132,5134,5128,5132
 2018/06/21-23:00,5133,5136,5131,5134
 2018/06/21-23:15,5135,5136,5125,5128
 2018/06/21-23:30,5126,5131,5126,5129
 2018/06/21-09:15,5124,5131,5122,5129
 2018/06/21-09:30,5130,5131,5125,5129
 2018/06/21-09:45,5129,5133,5127,5131
 2018/06/21-10:00,5130,5131,5125,5129
 2018/06/21-10:15,5130,5130,5123,5128
 2018/06/21-10:45,5127,5128,5123,5126
 2018/06/21-11:00,5126,5127,5121,5125
 2018/06/21-11:15,5125,5126,5121,5124
 2018/06/21-11:30,5124,5126,5122,5124
 2018/06/21-13:45,5124,5124,5112,5117
 2018/06/21-14:00,5117,5125,5117,5124
 2018/06/21-14:15,5124,5125,5121,5122
 2018/06/21-14:30,5123,5132,5122,5128
 2018/06/21-14:45,5129,5140,5128,5130
 2018/06/21-15:00,5129,5133,5124,5131
 2018/06/22-21:15,5131,5136,5105,5112
 2018/06/22-21:30,5113,5114,5097,5108
 2018/06/22-21:45,5109,5113,5106,5109
 2018/06/22-22:00,5109,5112,5107,5109
 2018/06/22-22:15,5109,5110,5100,5107
 2018/06/22-22:30,5106,5114,5105,5111
 2018/06/22-22:45,5110,5112,5108,5111
 2018/06/22-23:00,5110,5111,5098,5104
 2018/06/22-23:15,5104,5119,5096,5117
 2018/06/22-23:30,5117,5122,5112,5112
 2018/06/22-09:15,5112,5113,5102,5104
 2018/06/22-09:30,5105,5112,5102,5102
 2018/06/22-09:45,5103,5111,5103,5106
 2018/06/22-10:00,5106,5122,5106,5117
 2018/06/22-10:15,5118,5123,5115,5116
 2018/06/22-10:45,5117,5121,5113,5118
 2018/06/22-11:00,5118,5122,5118,5120
 2018/06/22-11:15,5121,5130,5121,5128
 2018/06/22-11:30,5129,5129,5115,5116
 2018/06/22-13:45,5116,5119,5113,5113
 2018/06/22-14:00,5111,5114,5107,5113
 2018/06/22-14:15,5113,5117,5112,5113
 2018/06/22-14:30,5113,5123,5112,5117
 2018/06/22-14:45,5118,5122,5113,5122
 2018/06/22-15:00,5122,5144,5119,5144
 2018/06/25-21:15,5150,5172,5150,5169
 2018/06/25-21:30,5169,5175,5166,5170
 2018/06/25-21:45,5170,5170,5160,5163
 2018/06/25-22:00,5163,5168,5163,5167
 2018/06/25-22:15,5166,5168,5162,5166
 2018/06/25-22:30,5165,5168,5163,5166
 2018/06/25-22:45,5165,5171,5164,5169
 2018/06/25-23:00,5168,5174,5166,5168
 2018/06/25-23:15,5169,5171,5168,5171
 2018/06/25-23:30,5171,5171,5166,5169
 2018/06/25-09:15,5168,5176,5152,5155
 2018/06/25-09:30,5155,5161,5151,5152
 2018/06/25-09:45,5151,5155,5149,5155
 2018/06/25-10:00,5155,5155,5142,5147
 2018/06/25-10:15,5147,5152,5147,5152
 2018/06/25-10:45,5151,5155,5149,5153
 2018/06/25-11:00,5153,5160,5153,5156
 2018/06/25-11:15,5156,5156,5152,5154
 2018/06/25-11:30,5154,5160,5152,5157
 2018/06/25-13:45,5158,5161,5152,5153
 2018/06/25-14:00,5154,5160,5153,5156
 2018/06/25-14:15,5156,5160,5153,5155
 2018/06/25-14:30,5154,5159,5154,5155
 2018/06/25-14:45,5156,5157,5153,5156
 2018/06/25-15:00,5155,5159,5153,5154
 2018/06/26-21:15,5153,5159,5142,5155
 2018/06/26-21:30,5156,5167,5156,5163
 2018/06/26-21:45,5163,5165,5160,5163
 2018/06/26-22:00,5163,5164,5161,5164
 2018/06/26-22:15,5164,5165,5160,5163
 2018/06/26-22:30,5163,5164,5159,5162
 2018/06/26-22:45,5163,5167,5162,5165
 2018/06/26-23:00,5165,5167,5162,5165
 2018/06/26-23:15,5164,5165,5155,5159
 2018/06/26-23:30,5158,5159,5155,5157
 2018/06/26-09:15,5155,5155,5127,5134
 2018/06/26-09:30,5133,5141,5132,5141
 2018/06/26-09:45,5140,5144,5134,5144
 2018/06/26-10:00,5143,5151,5141,5149
 2018/06/26-10:15,5149,5156,5148,5151
 2018/06/26-10:45,5151,5155,5149,5154
 2018/06/26-11:00,5153,5156,5150,5151
 2018/06/26-11:15,5151,5164,5151,5163
 2018/06/26-11:30,5164,5164,5153,5161
 2018/06/26-13:45,5161,5161,5156,5158
 2018/06/26-14:00,5159,5160,5154,5155
 2018/06/26-14:15,5156,5159,5152,5154
 2018/06/26-14:30,5154,5167,5152,5164
 2018/06/26-14:45,5164,5166,5159,5163
 2018/06/26-15:00,5164,5164,5158,5160
 2018/06/27-21:15,5161,5180,5161,5166
 2018/06/27-21:30,5167,5169,5162,5166
 2018/06/27-21:45,5167,5171,5167,5170
 2018/06/27-22:00,5169,5172,5168,5169
 2018/06/27-22:15,5169,5174,5168,5172
 2018/06/27-22:30,5171,5171,5166,5168
 2018/06/27-22:45,5167,5170,5165,5170
 2018/06/27-23:00,5170,5172,5168,5171
 2018/06/27-23:15,5171,5171,5164,5167
 2018/06/27-23:30,5166,5172,5164,5170
 2018/06/27-09:15,5167,5167,5152,5155
 2018/06/27-09:30,5155,5161,5154,5155
 2018/06/27-09:45,5155,5161,5153,5158
 2018/06/27-10:00,5159,5164,5157,5164
 2018/06/27-10:15,5164,5166,5160,5161
 2018/06/27-10:45,5161,5161,5158,5159
 2018/06/27-11:00,5159,5162,5159,5159
 2018/06/27-11:15,5160,5165,5156,5165
 2018/06/27-11:30,5164,5165,5154,5158
 2018/06/27-13:45,5156,5165,5155,5162
 2018/06/27-14:00,5161,5162,5157,5158
 2018/06/27-14:15,5158,5158,5153,5155
 2018/06/27-14:30,5155,5164,5154,5162
 2018/06/27-14:45,5162,5165,5161,5162
 2018/06/27-15:00,5161,5166,5159,5166
 2018/06/28-21:15,5145,5150,5123,5131
 2018/06/28-21:30,5131,5142,5129,5139
 2018/06/28-21:45,5140,5143,5134,5135
 2018/06/28-22:00,5135,5143,5135,5142
 2018/06/28-22:15,5143,5143,5139,5141
 2018/06/28-22:30,5140,5141,5131,5133
 2018/06/28-22:45,5132,5142,5131,5137
 2018/06/28-23:00,5137,5148,5133,5146
 2018/06/28-23:15,5146,5147,5138,5140
 2018/06/28-23:30,5140,5140,5127,5128
 2018/06/28-09:15,5129,5132,5114,5120
 2018/06/28-09:30,5120,5121,5110,5111
 2018/06/28-09:45,5111,5115,5099,5107
 2018/06/28-10:00,5106,5114,5105,5109
 2018/06/28-10:15,5109,5113,5104,5112
 2018/06/28-10:45,5112,5121,5110,5118
 2018/06/28-11:00,5119,5125,5115,5124
 2018/06/28-11:15,5124,5129,5113,5119
 2018/06/28-11:30,5119,5120,5114,5119
 2018/06/28-13:45,5119,5120,5115,5119
 2018/06/28-14:00,5118,5123,5113,5116
 2018/06/28-14:15,5116,5117,5109,5110
 2018/06/28-14:30,5110,5114,5106,5108
 2018/06/28-14:45,5108,5114,5104,5111
 2018/06/28-15:00,5111,5121,5111,5115
 2018/06/29-21:15,5128,5135,5123,5134
 2018/06/29-21:30,5134,5137,5127,5129
 2018/06/29-21:45,5128,5134,5124,5132
 2018/06/29-22:00,5132,5133,5125,5128
 2018/06/29-22:15,5128,5132,5128,5129
 2018/06/29-22:30,5130,5132,5125,5130
 2018/06/29-22:45,5130,5134,5128,5131
 2018/06/29-23:00,5131,5133,5128,5132
 2018/06/29-23:15,5132,5133,5114,5123
 2018/06/29-23:30,5123,5125,5117,5123
 2018/06/29-09:15,5121,5128,5118,5124
 2018/06/29-09:30,5125,5125,5112,5118
 2018/06/29-09:45,5119,5120,5110,5117
 2018/06/29-10:00,5118,5122,5117,5117
 2018/06/29-10:15,5116,5122,5115,5121
 2018/06/29-10:45,5121,5125,5119,5123
 2018/06/29-11:00,5124,5124,5118,5118
 2018/06/29-11:15,5118,5122,5117,5120
 2018/06/29-11:30,5119,5123,5119,5122
 2018/06/29-13:45,5123,5137,5122,5134
 2018/06/29-14:00,5134,5137,5128,5132
 2018/06/29-14:15,5132,5134,5130,5132
 2018/06/29-14:30,5132,5134,5129,5131
 2018/06/29-14:45,5131,5134,5126,5128
 2018/06/29-15:00,5129,5130,5120,5122
 2018/07/02-21:15,5111,5111,5068,5077
 2018/07/02-21:30,5076,5077,5062,5075
 2018/07/02-21:45,5074,5075,5070,5074
 2018/07/02-22:00,5073,5084,5067,5081
 2018/07/02-22:15,5081,5085,5078,5082
 2018/07/02-22:30,5081,5084,5080,5081
 2018/07/02-22:45,5080,5084,5078,5082
 2018/07/02-23:00,5082,5083,5074,5074
 2018/07/02-23:15,5075,5081,5074,5076
 2018/07/02-23:30,5077,5078,5069,5072
 2018/07/02-09:15,5075,5084,5056,5059
 2018/07/02-09:30,5060,5072,5052,5070
 2018/07/02-09:45,5070,5078,5068,5073
 2018/07/02-10:00,5073,5075,5068,5071
 2018/07/02-10:15,5071,5071,5062,5062
 2018/07/02-10:45,5062,5068,5061,5066
 2018/07/02-11:00,5066,5079,5064,5074
 2018/07/02-11:15,5074,5078,5063,5068
 2018/07/02-11:30,5068,5073,5067,5068
 2018/07/02-13:45,5067,5070,5055,5061
 2018/07/02-14:00,5061,5068,5059,5065
 2018/07/02-14:15,5066,5069,5062,5066
 2018/07/02-14:30,5066,5067,5062,5063
 2018/07/02-14:45,5064,5069,5060,5065
 2018/07/02-15:00,5065,5070,5063,5069
 2018/07/03-21:15,5050,5059,5040,5053
 2018/07/03-21:30,5053,5057,5051,5054
 2018/07/03-21:45,5054,5058,5049,5053
 2018/07/03-22:00,5054,5057,5053,5054
 2018/07/03-22:15,5054,5054,5044,5046
 2018/07/03-22:30,5045,5047,5035,5041
 2018/07/03-22:45,5042,5044,5036,5043
 2018/07/03-23:00,5044,5047,5041,5043
 2018/07/03-23:15,5044,5044,5038,5040
 2018/07/03-23:30,5041,5042,5033,5037
 2018/07/03-09:15,5038,5043,5024,5025
 2018/07/03-09:30,5026,5028,5007,5012
 2018/07/03-09:45,5011,5034,5011,5032
 2018/07/03-10:00,5031,5034,5028,5032
 2018/07/03-10:15,5031,5038,5028,5035
 2018/07/03-10:45,5035,5037,5028,5028
 2018/07/03-11:00,5029,5034,5028,5033
 2018/07/03-11:15,5034,5035,5029,5032
 2018/07/03-11:30,5032,5033,5029,5029
 2018/07/03-13:45,5030,5034,5029,5030
 2018/07/03-14:00,5030,5042,5030,5040
 2018/07/03-14:15,5040,5048,5037,5044
 2018/07/03-14:30,5043,5046,5037,5038
 2018/07/03-14:45,5038,5048,5037,5044
 2018/07/03-15:00,5045,5049,5042,5049
 2018/07/04-21:15,5050,5064,5049,5057
 2018/07/04-21:30,5056,5062,5053,5056
 2018/07/04-21:45,5057,5059,5053,5057
 2018/07/04-22:00,5057,5057,5051,5053
 2018/07/04-22:15,5053,5053,5044,5047
 2018/07/04-22:30,5046,5051,5045,5050
 2018/07/04-22:45,5049,5054,5049,5050
 2018/07/04-23:00,5050,5051,5045,5047
 2018/07/04-23:15,5047,5048,5043,5045
 2018/07/04-23:30,5046,5046,5038,5039
 2018/07/04-09:15,5040,5051,5040,5047
 2018/07/04-09:30,5047,5048,5043,5046
 2018/07/04-09:45,5045,5054,5045,5049
 2018/07/04-10:00,5049,5053,5046,5052
 2018/07/04-10:15,5051,5052,5044,5045
 2018/07/04-10:45,5045,5047,5041,5046
 2018/07/04-11:00,5047,5056,5046,5052
 2018/07/04-11:15,5053,5060,5051,5055
 2018/07/04-11:30,5056,5057,5053,5055
 2018/07/04-13:45,5056,5056,5039,5040
 2018/07/04-14:00,5040,5043,5031,5040
 2018/07/04-14:15,5040,5043,5037,5038
 2018/07/04-14:30,5038,5039,5034,5036
 2018/07/04-14:45,5036,5042,5036,5037
 2018/07/04-15:00,5037,5038,5016,5019
 2018/07/05-21:15,5005,5022,5005,5015
 2018/07/05-21:30,5015,5019,5003,5016
 2018/07/05-21:45,5016,5039,5007,5031
 2018/07/05-22:00,5031,5032,5008,5008
 2018/07/05-22:15,5006,5020,5004,5020
 2018/07/05-22:30,5020,5027,5017,5023
 2018/07/05-22:45,5023,5026,5019,5024
 2018/07/05-23:00,5025,5027,5015,5017
 2018/07/05-23:15,5016,5028,5012,5025
 2018/07/05-23:30,5025,5025,5009,5009
 2018/07/05-09:15,5010,5029,5010,5024
 2018/07/05-09:30,5025,5032,5024,5027
 2018/07/05-09:45,5027,5029,5026,5026
 2018/07/05-10:00,5026,5029,5018,5022
 2018/07/05-10:15,5022,5030,5021,5029
 2018/07/05-10:45,5028,5029,5022,5028
 2018/07/05-11:00,5027,5027,5019,5022
 2018/07/05-11:15,5022,5024,5015,5023
 2018/07/05-11:30,5023,5027,5013,5015
 2018/07/05-13:45,5014,5015,4977,4991
 2018/07/05-14:00,4991,4991,4968,4983
 2018/07/05-14:15,4983,4987,4976,4978
 2018/07/05-14:30,4979,4983,4970,4977
 2018/07/05-14:45,4977,4977,4962,4964
 2018/07/05-15:00,4963,4967,4939,4949
 2018/07/06-21:15,4942,4963,4942,4959
 2018/07/06-21:30,4959,4962,4953,4955
 2018/07/06-21:45,4955,4958,4951,4955
 2018/07/06-22:00,4954,4956,4949,4955
 2018/07/06-22:15,4955,4955,4946,4950
 2018/07/06-22:30,4951,4953,4945,4945
 2018/07/06-22:45,4945,4950,4934,4948
 2018/07/06-23:00,4948,4952,4943,4952
 2018/07/06-23:15,4953,4953,4941,4943
 2018/07/06-23:30,4943,4945,4912,4914
 2018/07/06-09:15,4925,4932,4918,4921
 2018/07/06-09:30,4921,4922,4894,4902
 2018/07/06-09:45,4903,4908,4888,4905
 2018/07/06-10:00,4904,4908,4901,4904
 2018/07/06-10:15,4905,4905,4895,4902
 2018/07/06-10:45,4902,4902,4881,4893
 2018/07/06-11:00,4894,4898,4887,4891
 2018/07/06-11:15,4891,4894,4879,4882
 2018/07/06-11:30,4882,4904,4869,4903
 2018/07/06-13:45,4905,4933,4899,4899
 2018/07/06-14:00,4899,4907,4894,4902
 2018/07/06-14:15,4901,4913,4897,4907
 2018/07/06-14:30,4907,4942,4902,4929
 2018/07/06-14:45,4929,4965,4924,4956
 2018/07/06-15:00,4956,4975,4948,4952
 2018/07/09-21:15,4950,4950,4932,4935
 2018/07/09-21:30,4935,4942,4932,4939
 2018/07/09-21:45,4938,4939,4929,4934
 2018/07/09-22:00,4934,4942,4934,4938
 2018/07/09-22:15,4937,4945,4936,4941
 2018/07/09-22:30,4941,4949,4941,4944
 2018/07/09-22:45,4944,4952,4943,4947
 2018/07/09-23:00,4948,4948,4943,4943
 2018/07/09-23:15,4943,4946,4936,4938
 2018/07/09-23:30,4938,4941,4933,4938
 2018/07/09-09:15,4939,4955,4935,4937
 2018/07/09-09:30,4938,4943,4933,4939
 2018/07/09-09:45,4940,4941,4928,4934
 2018/07/09-10:00,4935,4935,4929,4934
 2018/07/09-10:15,4933,4940,4930,4935
 2018/07/09-10:45,4935,4941,4932,4938
 2018/07/09-11:00,4938,4940,4932,4937
 2018/07/09-11:15,4937,4942,4936,4940
 2018/07/09-11:30,4941,4944,4934,4942
 2018/07/09-13:45,4942,4945,4939,4945
 2018/07/09-14:00,4945,4945,4934,4936
 2018/07/09-14:15,4936,4938,4933,4937
 2018/07/09-14:30,4937,4937,4917,4922
 2018/07/09-14:45,4922,4924,4906,4908
 2018/07/09-15:00,4907,4914,4902,4905
 2018/07/10-21:15,4912,4915,4898,4913
 2018/07/10-21:30,4913,4919,4909,4915
 2018/07/10-21:45,4914,4916,4909,4909
 2018/07/10-22:00,4911,4918,4909,4916
 2018/07/10-22:15,4916,4916,4908,4910
 2018/07/10-22:30,4911,4913,4906,4908
 2018/07/10-22:45,4908,4910,4906,4909
 2018/07/10-23:00,4909,4912,4907,4910
 2018/07/10-23:15,4910,4911,4901,4906
 2018/07/10-23:30,4906,4910,4899,4909
 2018/07/10-09:15,4909,4920,4909,4916
 2018/07/10-09:30,4916,4917,4913,4916
 2018/07/10-09:45,4916,4918,4914,4915
 2018/07/10-10:00,4915,4920,4914,4918
 2018/07/10-10:15,4918,4919,4910,4911
 2018/07/10-10:45,4911,4914,4908,4908
 2018/07/10-11:00,4908,4913,4908,4911
 2018/07/10-11:15,4912,4912,4882,4891
 2018/07/10-11:30,4890,4899,4885,4892
 2018/07/10-13:45,4892,4893,4879,4887
 2018/07/10-14:00,4886,4888,4881,4886
 2018/07/10-14:15,4886,4886,4874,4880
 2018/07/10-14:30,4880,4886,4873,4883
 2018/07/10-14:45,4884,4886,4877,4882
 2018/07/10-15:00,4882,4884,4854,4862
 2018/07/11-21:15,4865,4875,4859,4871
 2018/07/11-21:30,4872,4874,4868,4869
 2018/07/11-21:45,4868,4870,4861,4864
 2018/07/11-22:00,4864,4874,4860,4871
 2018/07/11-22:15,4870,4872,4866,4870
 2018/07/11-22:30,4870,4879,4869,4873
 2018/07/11-22:45,4872,4875,4865,4867
 2018/07/11-23:00,4866,4870,4863,4867
 2018/07/11-23:15,4868,4868,4861,4863
 2018/07/11-23:30,4864,4866,4845,4851
 2018/07/11-09:15,4852,4861,4821,4836
 2018/07/11-09:30,4836,4841,4831,4837
 2018/07/11-09:45,4837,4837,4822,4832
 2018/07/11-10:00,4831,4835,4826,4833
 2018/07/11-10:15,4832,4849,4830,4843
 2018/07/11-10:45,4844,4852,4843,4844
 2018/07/11-11:00,4844,4846,4840,4842
 2018/07/11-11:15,4843,4845,4812,4813
 2018/07/11-11:30,4814,4823,4806,4817
 2018/07/11-13:45,4816,4821,4808,4811
 2018/07/11-14:00,4810,4814,4801,4809
 2018/07/11-14:15,4809,4809,4796,4799
 2018/07/11-14:30,4798,4814,4792,4811
 2018/07/11-14:45,4812,4812,4795,4799
 2018/07/11-15:00,4799,4805,4790,4793
 2018/07/12-21:15,4793,4808,4790,4798
 2018/07/12-21:30,4798,4800,4781,4789
 2018/07/12-21:45,4789,4790,4777,4779
 2018/07/12-22:00,4780,4786,4774,4779
 2018/07/12-22:15,4779,4786,4775,4785
 2018/07/12-22:30,4786,4786,4772,4778
 2018/07/12-22:45,4778,4786,4778,4780
 2018/07/12-23:00,4780,4802,4780,4791
 2018/07/12-23:15,4792,4795,4782,4788
 2018/07/12-23:30,4788,4792,4784,4788
 2018/07/12-09:15,4787,4797,4779,4794
 2018/07/12-09:30,4794,4817,4788,4813
 2018/07/12-09:45,4812,4824,4811,4819
 2018/07/12-10:00,4819,4821,4807,4813
 2018/07/12-10:15,4813,4817,4810,4814
 2018/07/12-10:45,4814,4816,4806,4810
 2018/07/12-11:00,4810,4812,4797,4802
 2018/07/12-11:15,4802,4805,4792,4794
 2018/07/12-11:30,4794,4809,4788,4808
 2018/07/12-13:45,4811,4818,4803,4807
 2018/07/12-14:00,4807,4816,4805,4812
 2018/07/12-14:15,4812,4816,4807,4809
 2018/07/12-14:30,4810,4810,4799,4806
 2018/07/12-14:45,4806,4813,4805,4810
 2018/07/12-15:00,4810,4814,4797,4799
 2018/07/13-21:15,4789,4832,4758,4828
 2018/07/13-21:30,4828,4830,4817,4821
 2018/07/13-21:45,4821,4824,4813,4814
 2018/07/13-22:00,4813,4817,4808,4816
 2018/07/13-22:15,4817,4817,4809,4815
 2018/07/13-22:30,4815,4830,4814,4828
 2018/07/13-22:45,4829,4829,4820,4824
 2018/07/13-23:00,4825,4826,4818,4820
 2018/07/13-23:15,4820,4822,4813,4818
 2018/07/13-23:30,4818,4823,4814,4818
 2018/07/13-09:15,4819,4846,4814,4836
 2018/07/13-09:30,4836,4841,4831,4837
 2018/07/13-09:45,4837,4841,4834,4835
 2018/07/13-10:00,4835,4843,4832,4839
 2018/07/13-10:15,4839,4868,4839,4861
 2018/07/13-10:45,4862,4864,4840,4844
 2018/07/13-11:00,4844,4850,4840,4848
 2018/07/13-11:15,4848,4861,4845,4859
 2018/07/13-11:30,4859,4868,4854,4864
 2018/07/13-13:45,4864,4864,4852,4854
 2018/07/13-14:00,4855,4862,4853,4857
 2018/07/13-14:15,4857,4859,4851,4856
 2018/07/13-14:30,4855,4865,4854,4860
 2018/07/13-14:45,4860,4870,4858,4861
 2018/07/13-15:00,4862,4864,4845,4849
 2018/07/16-21:15,4844,4861,4841,4855
 2018/07/16-21:30,4856,4858,4836,4845
 2018/07/16-21:45,4844,4845,4834,4839
 2018/07/16-22:00,4840,4843,4832,4836
 2018/07/16-22:15,4836,4840,4829,4838
 2018/07/16-22:30,4838,4840,4833,4837
 2018/07/16-22:45,4836,4841,4833,4839
 2018/07/16-23:00,4838,4839,4835,4838
 2018/07/16-23:15,4837,4838,4832,4836
 2018/07/16-23:30,4836,4837,4826,4828
